,b,p_error,v__0_0,gamma__0_0,s__0_0,tau__0_0,t0__0_0
0,1.0,0.05,0.00013766586888409575,0.0,0.006197502027845734,0.061426073822697484,0.0
1,1.0,0.05,0.00013766586888409575,0.0,0.006197502027845734,0.061426073822697484,0.0
2,1.0,0.05,0.00013766586888409575,0.0,0.005645112956043321,0.04146042428630968,0.0
3,1.0,0.05,0.00013766586888409575,0.0,0.005645112956043321,0.04146042428630968,0.0
4,1.0,0.05,0.00013766586888409575,0.0,0.005645112956043321,0.04146042428630968,0.0
5,1.0,0.05,0.00013766586888409575,0.0,0.005645112956043321,0.09244835969598823,0.0
6,1.0,0.05,0.00013766586888409575,0.0,0.005645112956043321,0.07306700283175327,0.0
7,1.0,0.05,0.00013766586888409575,0.0,0.005645112956043321,0.07612990395861467,0.0
8,1.0,0.05,0.00013766586888409575,0.0,0.005645112956043321,0.07612990395861467,0.0
9,1.0,0.05,0.00013766586888409575,0.0,0.005645112956043321,0.07612990395861467,0.0
10,1.0,0.05,0.00013766586888409575,0.0,0.005645112956043321,0.06600899017314239,0.0
11,1.0,0.05,0.0001386571645468618,0.0,0.005645112956043321,0.06600899017314239,0.0
12,1.0,0.05,0.0001386571645468618,0.0,0.005645112956043321,0.06600899017314239,0.0
13,1.0,0.05,0.0001386571645468618,0.0,0.005645112956043321,0.06600899017314239,0.0
14,1.0,0.05,0.0001386571645468618,0.0,0.005645112956043321,0.06600899017314239,0.0
15,1.0,0.05,0.0001386571645468618,0.0,0.005645112956043321,0.05099499227671579,0.0
16,1.0,0.05,0.0001386571645468618,0.0,0.005645112956043321,0.02680784842226304,0.0
17,1.0,0.05,0.0001386571645468618,0.0,0.005645112956043321,0.02680784842226304,0.0
18,1.0,0.05,0.0001386571645468618,0.0,0.005645112956043321,0.04680097343196518,0.0
19,1.0,0.05,0.0001386571645468618,0.0,0.005645112956043321,0.10709398134964346,0.0
20,1.0,0.05,0.0001386571645468618,0.0,0.005645112956043321,0.10709398134964346,0.0
21,1.0,0.05,0.0001386571645468618,0.0,0.005645112956043321,0.10709398134964346,0.0
22,1.0,0.05,0.0001386571645468618,0.0,0.005645112956043321,0.021112793305837273,0.0
23,1.0,0.05,0.0001386571645468618,0.0,0.005911762548628388,0.021112793305837273,0.0
24,1.0,0.05,0.0001386571645468618,0.0,0.005911762548628388,0.07485040846194667,0.0
25,1.0,0.05,0.0001386571645468618,0.0,0.005911762548628388,0.07485040846194667,0.0
26,1.0,0.05,0.0001386571645468618,0.0,0.005911762548628388,0.07485040846194667,0.0
27,1.0,0.05,0.00014031339973719136,0.0,0.005911762548628388,0.07485040846194667,0.0
28,1.0,0.05,0.00014031339973719136,0.0,0.005911762548628388,0.07485040846194667,0.0
29,1.0,0.05,0.00014031339973719136,0.0,0.005911762548628388,0.07485040846194667,0.0
30,1.0,0.05,0.00014031339973719136,0.0,0.005911762548628388,0.07485040846194667,0.0
31,1.0,0.05,0.00014031339973719136,0.0,0.005911762548628388,0.061914041202658504,0.0
32,1.0,0.05,0.00013342547778195569,0.0,0.005911762548628388,0.061914041202658504,0.0
33,1.0,0.05,0.00013342547778195569,0.0,0.005911762548628388,0.061914041202658504,0.0
34,1.0,0.05,0.00013444002664869293,0.0,0.005605616125607626,0.061914041202658504,0.0
35,1.0,0.05,0.0001322937202611622,0.0,0.005793029579798159,0.07342222353381767,0.0
36,1.0,0.05,0.00012979673980161976,0.0,0.005615441559611004,0.07342222353381767,0.0
37,1.0,0.05,0.00012979673980161976,0.0,0.005617857699041132,0.07342222353381767,0.0
38,1.0,0.05,0.00012979673980161976,0.0,0.005617857699041132,0.07342222353381767,0.0
39,1.0,0.05,0.00012855519437924662,0.0,0.005617857699041132,0.07342222353381767,0.0
40,1.0,0.05,0.00012855519437924662,0.0,0.005617857699041132,0.08599490553402497,0.0
41,1.0,0.05,0.00012855519437924662,0.0,0.005617857699041132,0.04389320496784182,0.0
42,1.0,0.05,0.00012855519437924662,0.0,0.005617857699041132,0.03822451306923338,0.0
43,1.0,0.05,0.00012855519437924662,0.0,0.005617857699041132,0.04366914286264591,0.0
44,1.0,0.05,0.00012855519437924662,0.0,0.005617857699041132,0.04366914286264591,0.0
45,1.0,0.05,0.00012855519437924662,0.0,0.005617857699041132,0.03650634935463002,0.0
46,1.0,0.05,0.00012855519437924662,0.0,0.005617857699041132,0.03650634935463002,0.0
47,1.0,0.05,0.00012855519437924662,0.0,0.005617857699041132,0.04517086733764705,0.0
48,1.0,0.05,0.00012855519437924662,0.0,0.005617857699041132,0.04517086733764705,0.0
49,1.0,0.05,0.0001422596736268415,0.0,0.005617857699041132,0.04517086733764705,0.0
50,1.0,0.05,0.0001422596736268415,0.0,0.005617857699041132,0.06676350756432459,0.0
51,1.0,0.05,0.0001422596736268415,0.0,0.005617857699041132,0.05005699393457154,0.0
52,1.0,0.05,0.0001422596736268415,0.0,0.005617857699041132,0.05005699393457154,0.0
53,1.0,0.05,0.0001422596736268415,0.0,0.005617857699041132,0.05005699393457154,0.0
54,1.0,0.05,0.0001422596736268415,0.0,0.005617857699041132,0.05005699393457154,0.0
55,1.0,0.05,0.0001422596736268415,0.0,0.005807944014111981,0.044165303202913786,0.0
56,1.0,0.05,0.0001422596736268415,0.0,0.005807944014111981,0.044165303202913786,0.0
57,1.0,0.05,0.0001422596736268415,0.0,0.005807944014111981,0.07072286004555306,0.0
58,1.0,0.05,0.0001422596736268415,0.0,0.005807944014111981,0.07072286004555306,0.0
59,1.0,0.05,0.0001422596736268415,0.0,0.005807944014111981,0.07072286004555306,0.0
60,1.0,0.05,0.0001422596736268415,0.0,0.0058032064011401254,0.11050272282967429,0.0
61,1.0,0.05,0.0001422596736268415,0.0,0.0058032064011401254,0.11050272282967429,0.0
62,1.0,0.05,0.0001422596736268415,0.0,0.0058032064011401254,0.11050272282967429,0.0
63,1.0,0.05,0.0001422596736268415,0.0,0.0058032064011401254,0.034036863863398756,0.0
64,1.0,0.05,0.00014234921578979418,0.0,0.0058032064011401254,0.034036863863398756,0.0
65,1.0,0.05,0.00014234921578979418,0.0,0.0058032064011401254,0.034036863863398756,0.0
66,1.0,0.05,0.00014234921578979418,0.0,0.005965899082832547,0.034036863863398756,0.0
67,1.0,0.05,0.00014234921578979418,0.0,0.005965899082832547,0.03709656139981515,0.0
68,1.0,0.05,0.00014234921578979418,0.0,0.005965899082832547,0.06366721533822366,0.0
69,1.0,0.05,0.00014234921578979418,0.0,0.005965899082832547,0.06366721533822366,0.0
70,1.0,0.05,0.00014234921578979418,0.0,0.005965899082832547,0.06366721533822366,0.0
71,1.0,0.05,0.00014234921578979418,0.0,0.005965899082832547,0.06366721533822366,0.0
72,1.0,0.05,0.00014234921578979418,0.0,0.005965899082832547,0.06366721533822366,0.0
73,1.0,0.05,0.00013703896775950776,0.0,0.005965899082832547,0.07086553884657155,0.0
74,1.0,0.05,0.00013703896775950776,0.0,0.005965899082832547,0.07086553884657155,0.0
75,1.0,0.05,0.00013703896775950776,0.0,0.005965899082832547,0.07086553884657155,0.0
76,1.0,0.05,0.00013703896775950776,0.0,0.005965899082832547,0.054175639435689836,0.0
77,1.0,0.05,0.00013703896775950776,0.0,0.005965899082832547,0.054175639435689836,0.0
78,1.0,0.05,0.00013703896775950776,0.0,0.005965899082832547,0.09675224272488432,0.0
79,1.0,0.05,0.00013703896775950776,0.0,0.005965899082832547,0.057251461160208815,0.0
80,1.0,0.05,0.00013703896775950776,0.0,0.005965899082832547,0.09231211589685073,0.0
81,1.0,0.05,0.00013703896775950776,0.0,0.005965899082832547,0.04373255357753617,0.0
82,1.0,0.05,0.00013703896775950776,0.0,0.005965899082832547,0.04373255357753617,0.0
83,1.0,0.05,0.00013703896775950776,0.0,0.005965899082832547,0.043982695895970814,0.0
84,1.0,0.05,0.00013703896775950776,0.0,0.005965899082832547,0.0722895939810835,0.0
85,1.0,0.05,0.00013703896775950776,0.0,0.005965899082832547,0.07126814956908661,0.0
86,1.0,0.05,0.00013703896775950776,0.0,0.005965899082832547,0.03172806620221662,0.0
87,1.0,0.05,0.00013703896775950776,0.0,0.005965899082832547,0.03441704130862322,0.0
88,1.0,0.05,0.00013703896775950776,0.0,0.007132209712168325,0.023894509813571038,0.0
89,1.0,0.05,0.00013703896775950776,0.0,0.007132209712168325,0.023894509813571038,0.0
90,1.0,0.05,0.00013703896775950776,0.0,0.007132209712168325,0.02816725538675207,0.0
91,1.0,0.05,0.00013703896775950776,0.0,0.007132209712168325,0.02816725538675207,0.0
92,1.0,0.05,0.00013703896775950776,0.0,0.005516211322404113,0.02816725538675207,0.0
93,1.0,0.05,0.00013703896775950776,0.0,0.005516211322404113,0.02816725538675207,0.0
94,1.0,0.05,0.00013703896775950776,0.0,0.005516211322404113,0.07880537931270983,0.0
95,1.0,0.05,0.00013703896775950776,0.0,0.005516211322404113,0.07880537931270983,0.0
96,1.0,0.05,0.00013703896775950776,0.0,0.005516211322404113,0.07880537931270983,0.0
97,1.0,0.05,0.00013703896775950776,0.0,0.005516211322404113,0.07880537931270983,0.0
98,1.0,0.05,0.00013703896775950776,0.0,0.005516211322404113,0.07880537931270983,0.0
99,1.0,0.05,0.00013703896775950776,0.0,0.005516211322404113,0.09552587358096865,0.0
100,1.0,0.05,0.00013703896775950776,0.0,0.005516211322404113,0.03982783096553075,0.0
101,1.0,0.05,0.00013703896775950776,0.0,0.005516211322404113,0.03982783096553075,0.0
102,1.0,0.05,0.00013703896775950776,0.0,0.005516211322404113,0.03982783096553075,0.0
103,1.0,0.05,0.00013703896775950776,0.0,0.005516211322404113,0.03982783096553075,0.0
104,1.0,0.05,0.00013703896775950776,0.0,0.005516211322404113,0.03982783096553075,0.0
105,1.0,0.05,0.00013311911616331628,0.0,0.005516211322404113,0.06009649200438407,0.0
106,1.0,0.05,0.00013364873390488637,0.0,0.005516211322404113,0.06009649200438407,0.0
107,1.0,0.05,0.00013364873390488637,0.0,0.005516211322404113,0.06009649200438407,0.0
108,1.0,0.05,0.00013364873390488637,0.0,0.005516211322404113,0.06009649200438407,0.0
109,1.0,0.05,0.00013364873390488637,0.0,0.005516211322404113,0.08387440248598112,0.0
110,1.0,0.05,0.00013364873390488637,0.0,0.005516211322404113,0.08898257514567527,0.0
111,1.0,0.05,0.00013364873390488637,0.0,0.005516211322404113,0.09209620691365714,0.0
112,1.0,0.05,0.00013364873390488637,0.0,0.005516211322404113,0.06402686458499218,0.0
113,1.0,0.05,0.00013364873390488637,0.0,0.005516211322404113,0.06402686458499218,0.0
114,1.0,0.05,0.00013364873390488637,0.0,0.005516211322404113,0.06402686458499218,0.0
115,1.0,0.05,0.00013364873390488637,0.0,0.005516211322404113,0.06402686458499218,0.0
116,1.0,0.05,0.0001403169355192388,0.0,0.005516211322404113,0.06402686458499218,0.0
117,1.0,0.05,0.0001403169355192388,0.0,0.005516211322404113,0.06402686458499218,0.0
118,1.0,0.05,0.0001403169355192388,0.0,0.005516211322404113,0.06402686458499218,0.0
119,1.0,0.05,0.0001403169355192388,0.0,0.005516211322404113,0.06290368851271748,0.0
120,1.0,0.05,0.0001403169355192388,0.0,0.006190507974847409,0.09997930809155002,0.0
121,1.0,0.05,0.0001403169355192388,0.0,0.006190507974847409,0.04059337759643206,0.0
122,1.0,0.05,0.0001403169355192388,0.0,0.006190507974847409,0.09004612042220529,0.0
123,1.0,0.05,0.0001403169355192388,0.0,0.006190507974847409,0.08637285127212335,0.0
124,1.0,0.05,0.00014141028425256093,0.0,0.006190507974847409,0.08637285127212335,0.0
125,1.0,0.05,0.00014141028425256093,0.0,0.006190507974847409,0.10542037881695131,0.0
126,1.0,0.05,0.00014141028425256093,0.0,0.006190507974847409,0.10542037881695131,0.0
127,1.0,0.05,0.00014141028425256093,0.0,0.006190507974847409,0.05564375637590818,0.0
128,1.0,0.05,0.00012912701068828534,0.0,0.006190507974847409,0.07830327745616801,0.0
129,1.0,0.05,0.00012912701068828534,0.0,0.006190507974847409,0.09721477479658103,0.0
130,1.0,0.05,0.0001286891014622733,0.0,0.006190507974847409,0.09721477479658103,0.0
131,1.0,0.05,0.0001286891014622733,0.0,0.006190507974847409,0.10074834088564397,0.0
132,1.0,0.05,0.0001286891014622733,0.0,0.006190507974847409,0.10963393248904885,0.0
133,1.0,0.05,0.0001286891014622733,0.0,0.006190507974847409,0.10963393248904885,0.0
134,1.0,0.05,0.0001286891014622733,0.0,0.006190507974847409,0.07585232043607917,0.0
135,1.0,0.05,0.00014243154733871717,0.0,0.006190507974847409,0.07216996538103618,0.0
136,1.0,0.05,0.00014243154733871717,0.0,0.006190507974847409,0.07026499044472366,0.0
137,1.0,0.05,0.00014243154733871717,0.0,0.006190507974847409,0.053617015369429734,0.0
138,1.0,0.05,0.00014243154733871717,0.0,0.006190507974847409,0.08957214443720907,0.0
139,1.0,0.05,0.00014243154733871717,0.0,0.006190507974847409,0.04381812158631337,0.0
140,1.0,0.05,0.00014243154733871717,0.0,0.006190507974847409,0.04672112405740287,0.0
141,1.0,0.05,0.00014243154733871717,0.0,0.006190507974847409,0.04672112405740287,0.0
142,1.0,0.05,0.00014243154733871717,0.0,0.006190507974847409,0.0851414206597733,0.0
143,1.0,0.05,0.00014243154733871717,0.0,0.006305901254295301,0.016921424549915135,0.0
144,1.0,0.05,0.00014243154733871717,0.0,0.006305901254295301,0.016921424549915135,0.0
145,1.0,0.05,0.00014243154733871717,0.0,0.006305901254295301,0.03449756174630697,0.0
146,1.0,0.05,0.00014243154733871717,0.0,0.006305901254295301,0.02606068583722839,0.0
147,1.0,0.05,0.00014243154733871717,0.0,0.006305901254295301,0.030297095205223803,0.0
148,1.0,0.05,0.00014243154733871717,0.0,0.006305901254295301,0.030297095205223803,0.0
149,1.0,0.05,0.00014243154733871717,0.0,0.006305901254295301,0.030297095205223803,0.0
150,1.0,0.05,0.00014243154733871717,0.0,0.006305901254295301,0.030297095205223803,0.0
151,1.0,0.05,0.00013437364341028764,0.0,0.006305901254295301,0.030297095205223803,0.0
152,1.0,0.05,0.00013437364341028764,0.0,0.006305901254295301,0.030297095205223803,0.0
153,1.0,0.05,0.00013437364341028764,0.0,0.006305901254295301,0.030297095205223803,0.0
154,1.0,0.05,0.00013437364341028764,0.0,0.006305901254295301,0.11151095942799534,0.0
155,1.0,0.05,0.00013437364341028764,0.0,0.006305901254295301,0.11151095942799534,0.0
156,1.0,0.05,0.00013621574995349297,0.0,0.006305901254295301,0.11151095942799534,0.0
157,1.0,0.05,0.00013621574995349297,0.0,0.006305901254295301,0.11151095942799534,0.0
158,1.0,0.05,0.00013047107132839415,0.0,0.006774241301805316,0.11958114670736887,0.0
159,1.0,0.05,0.00013047107132839415,0.0,0.006774241301805316,0.11958114670736887,0.0
160,1.0,0.05,0.00013047107132839415,0.0,0.006774241301805316,0.11958114670736887,0.0
161,1.0,0.05,0.00013047107132839415,0.0,0.006774241301805316,0.057278873168407,0.0
162,1.0,0.05,0.00013047107132839415,0.0,0.006774241301805316,0.08617525308876203,0.0
163,1.0,0.05,0.00013047107132839415,0.0,0.006774241301805316,0.08617525308876203,0.0
164,1.0,0.05,0.00013047107132839415,0.0,0.006774241301805316,0.08617525308876203,0.0
165,1.0,0.05,0.00013047107132839415,0.0,0.006774241301805316,0.047835245571768825,0.0
166,1.0,0.05,0.00013047107132839415,0.0,0.006774241301805316,0.046165248055776875,0.0
167,1.0,0.05,0.00013047107132839415,0.0,0.006343003612201057,0.03615489115751492,0.0
168,1.0,0.05,0.00013047107132839415,0.0,0.006343003612201057,0.03615489115751492,0.0
169,1.0,0.05,0.00013047107132839415,0.0,0.006343003612201057,0.03720877188011036,0.0
170,1.0,0.05,0.00013047107132839415,0.0,0.006343003612201057,0.032451950436688096,0.0
171,1.0,0.05,0.00013047107132839415,0.0,0.005867963538886213,0.019214546086611505,0.0
172,1.0,0.05,0.00013047107132839415,0.0,0.005867963538886213,0.020057174262207576,0.0
173,1.0,0.05,0.00013047107132839415,0.0,0.005867963538886213,0.021375818428343362,0.0
174,1.0,0.05,0.00013047107132839415,0.0,0.005867963538886213,0.03824064919229175,0.0
175,1.0,0.05,0.0001291250088974856,0.0,0.0068889415942822475,0.03864690524183037,0.0
176,1.0,0.05,0.0001291250088974856,0.0,0.007131467849700264,0.03864690524183037,0.0
177,1.0,0.05,0.0001291250088974856,0.0,0.007131467849700264,0.03864690524183037,0.0
178,1.0,0.05,0.0001291250088974856,0.0,0.007131467849700264,0.056850116279233386,0.0
179,1.0,0.05,0.0001291250088974856,0.0,0.005388617594828994,0.08624457158157627,0.0
180,1.0,0.05,0.0001291250088974856,0.0,0.005388617594828994,0.07335679442594402,0.0
181,1.0,0.05,0.0001291250088974856,0.0,0.005388617594828994,0.07335679442594402,0.0
182,1.0,0.05,0.0001322319471272735,0.0,0.005388617594828994,0.07335679442594402,0.0
183,1.0,0.05,0.0001322319471272735,0.0,0.005388617594828994,0.07335679442594402,0.0
184,1.0,0.05,0.0001322319471272735,0.0,0.005622266292239172,0.07335679442594402,0.0
185,1.0,0.05,0.0001322319471272735,0.0,0.005622266292239172,0.06825472555102896,0.0
186,1.0,0.05,0.0001322319471272735,0.0,0.005622266292239172,0.06825472555102896,0.0
187,1.0,0.05,0.00013769388663779905,0.0,0.005622266292239172,0.07135626643367775,0.0
188,1.0,0.05,0.00013769388663779905,0.0,0.005930378149958979,0.06570678367713305,0.0
189,1.0,0.05,0.00013769388663779905,0.0,0.005930378149958979,0.06570678367713305,0.0
190,1.0,0.05,0.00013769388663779905,0.0,0.0060546889432712605,0.07379827540884595,0.0
191,1.0,0.05,0.00013769388663779905,0.0,0.0060546889432712605,0.07379827540884595,0.0
192,1.0,0.05,0.00013769388663779905,0.0,0.0060546889432712605,0.07463384110408702,0.0
193,1.0,0.05,0.00013769388663779905,0.0,0.0060546889432712605,0.07463384110408702,0.0
194,1.0,0.05,0.00013769388663779905,0.0,0.006048835737354448,0.039694920409530786,0.0
195,1.0,0.05,0.00013769388663779905,0.0,0.006048835737354448,0.039694920409530786,0.0
196,1.0,0.05,0.00013769388663779905,0.0,0.008260551420502388,0.039694920409530786,0.0
197,1.0,0.05,0.00013769388663779905,0.0,0.008260551420502388,0.05952722205524188,0.0
198,1.0,0.05,0.00013769388663779905,0.0,0.008260551420502388,0.05952722205524188,0.0
199,1.0,0.05,0.00013769388663779905,0.0,0.008260551420502388,0.07803419552807168,0.0
200,1.0,0.05,0.00013769388663779905,0.0,0.006383095700504723,0.06581698269590801,0.0
201,1.0,0.05,0.00013769388663779905,0.0,0.005084528999264581,0.06581698269590801,0.0
202,1.0,0.05,0.00013769388663779905,0.0,0.005084528999264581,0.06581698269590801,0.0
203,1.0,0.05,0.00013769388663779905,0.0,0.005084528999264581,0.06581698269590801,0.0
204,1.0,0.05,0.00013769388663779905,0.0,0.005084528999264581,0.06581698269590801,0.0
205,1.0,0.05,0.00013769388663779905,0.0,0.005084528999264581,0.04545719811386274,0.0
206,1.0,0.05,0.00013769388663779905,0.0,0.005084528999264581,0.03298771763994808,0.0
207,1.0,0.05,0.00013769388663779905,0.0,0.005084528999264581,0.042585331533501206,0.0
208,1.0,0.05,0.00013769388663779905,0.0,0.005084528999264581,0.042585331533501206,0.0
209,1.0,0.05,0.00013769388663779905,0.0,0.005084528999264581,0.042585331533501206,0.0
210,1.0,0.05,0.00013769388663779905,0.0,0.005084528999264581,0.042585331533501206,0.0
211,1.0,0.05,0.00013769388663779905,0.0,0.005898274392288823,0.042585331533501206,0.0
212,1.0,0.05,0.00013769388663779905,0.0,0.005898274392288823,0.05733926377833785,0.0
213,1.0,0.05,0.00013769388663779905,0.0,0.005898274392288823,0.0706106053165993,0.0
214,1.0,0.05,0.00013769388663779905,0.0,0.005898274392288823,0.0706106053165993,0.0
215,1.0,0.05,0.00013769388663779905,0.0,0.005898274392288823,0.04514440126865012,0.0
216,1.0,0.05,0.0001378353897433753,0.0,0.005898274392288823,0.02198385013727698,0.0
217,1.0,0.05,0.000137018433224767,0.0,0.005898274392288823,0.05676269116494075,0.0
218,1.0,0.05,0.000137018433224767,0.0,0.005898274392288823,0.05676269116494075,0.0
219,1.0,0.05,0.000137018433224767,0.0,0.005898274392288823,0.07205281830906547,0.0
220,1.0,0.05,0.000137018433224767,0.0,0.005898274392288823,0.07205281830906547,0.0
221,1.0,0.05,0.000137018433224767,0.0,0.005898274392288823,0.0616062746840024,0.0
222,1.0,0.05,0.000137018433224767,0.0,0.005898274392288823,0.057621506746480367,0.0
223,1.0,0.05,0.000137018433224767,0.0,0.005898274392288823,0.057621506746480367,0.0
224,1.0,0.05,0.000137018433224767,0.0,0.005898274392288823,0.057621506746480367,0.0
225,1.0,0.05,0.000137018433224767,0.0,0.0061445013356641225,0.07601257552590926,0.0
226,1.0,0.05,0.000137018433224767,0.0,0.0061445013356641225,0.07601257552590926,0.0
227,1.0,0.05,0.000137018433224767,0.0,0.005145536386396895,0.07601257552590926,0.0
228,1.0,0.05,0.000137018433224767,0.0,0.005145536386396895,0.07601257552590926,0.0
229,1.0,0.05,0.000137018433224767,0.0,0.00535742037703253,0.07601257552590926,0.0
230,1.0,0.05,0.000137018433224767,0.0,0.00535742037703253,0.08599745294444675,0.0
231,1.0,0.05,0.000137018433224767,0.0,0.00535742037703253,0.08599745294444675,0.0
232,1.0,0.05,0.000137018433224767,0.0,0.006623885870225305,0.08599745294444675,0.0
233,1.0,0.05,0.000137018433224767,0.0,0.006623885870225305,0.08599745294444675,0.0
234,1.0,0.05,0.000137018433224767,0.0,0.006623885870225305,0.05975871987909384,0.0
235,1.0,0.05,0.000137018433224767,0.0,0.006052005024875865,0.04470177960640977,0.0
236,1.0,0.05,0.00013480188342240845,0.0,0.006052005024875865,0.04470177960640977,0.0
237,1.0,0.05,0.00013480188342240845,0.0,0.006052005024875865,0.04470177960640977,0.0
238,1.0,0.05,0.00013480188342240845,0.0,0.006052005024875865,0.04470177960640977,0.0
239,1.0,0.05,0.00013480188342240845,0.0,0.006052005024875865,0.031023566606518345,0.0
240,1.0,0.05,0.00013480188342240845,0.0,0.005799353430250058,0.03963110466243237,0.0
241,1.0,0.05,0.00013480188342240845,0.0,0.005799353430250058,0.03011322682856529,0.0
242,1.0,0.05,0.00013480188342240845,0.0,0.005799353430250058,0.03011322682856529,0.0
243,1.0,0.05,0.00013480188342240845,0.0,0.005799353430250058,0.03011322682856529,0.0
244,1.0,0.05,0.00013480188342240845,0.0,0.005799353430250058,0.0402700805069158,0.0
245,1.0,0.05,0.00013480188342240845,0.0,0.005799353430250058,0.0402700805069158,0.0
246,1.0,0.05,0.00013480188342240845,0.0,0.005799353430250058,0.043925988280789,0.0
247,1.0,0.05,0.00013480188342240845,0.0,0.006043367521898004,0.043925988280789,0.0
248,1.0,0.05,0.00013480188342240845,0.0,0.006043367521898004,0.034459288602598726,0.0
249,1.0,0.05,0.00013480188342240845,0.0,0.006043367521898004,0.035530954184126634,0.0
250,1.0,0.05,0.00013480188342240845,0.0,0.006043367521898004,0.030741266931442645,0.0
251,1.0,0.05,0.00013480188342240845,0.0,0.006043367521898004,0.09621007207441351,0.0
252,1.0,0.05,0.00013480188342240845,0.0,0.006043367521898004,0.10978202539265071,0.0
253,1.0,0.05,0.00013480188342240845,0.0,0.006043367521898004,0.1021462607432616,0.0
254,1.0,0.05,0.00013480188342240845,0.0,0.006043367521898004,0.1021462607432616,0.0
255,1.0,0.05,0.00013480188342240845,0.0,0.006043367521898004,0.1021462607432616,0.0
256,1.0,0.05,0.00013480188342240845,0.0,0.006043367521898004,0.04290992422809356,0.0
257,1.0,0.05,0.00013119194392302217,0.0,0.006043367521898004,0.047256458399502495,0.0
258,1.0,0.05,0.00013119194392302217,0.0,0.006043367521898004,0.09843053298412285,0.0
259,1.0,0.05,0.00013119194392302217,0.0,0.006043367521898004,0.09843053298412285,0.0
260,1.0,0.05,0.00013119194392302217,0.0,0.006043367521898004,0.09843053298412285,0.0
261,1.0,0.05,0.00013119194392302217,0.0,0.006043367521898004,0.09843053298412285,0.0
262,1.0,0.05,0.00013119194392302217,0.0,0.006043367521898004,0.09843053298412285,0.0
263,1.0,0.05,0.00013119194392302217,0.0,0.006043367521898004,0.09843053298412285,0.0
264,1.0,0.05,0.00013119194392302217,0.0,0.006043367521898004,0.09721367032538279,0.0
265,1.0,0.05,0.00013119194392302217,0.0,0.006043367521898004,0.09721367032538279,0.0
266,1.0,0.05,0.00013119194392302217,0.0,0.006043367521898004,0.09721367032538279,0.0
267,1.0,0.05,0.00013354153267157968,0.0,0.006043367521898004,0.09721367032538279,0.0
268,1.0,0.05,0.00013354153267157968,0.0,0.006043367521898004,0.06945855765158401,0.0
269,1.0,0.05,0.00013354153267157968,0.0,0.006043367521898004,0.06945855765158401,0.0
270,1.0,0.05,0.00013354153267157968,0.0,0.006657261745196017,0.08646042407197545,0.0
271,1.0,0.05,0.00013354153267157968,0.0,0.006657261745196017,0.1199942224076179,0.0
272,1.0,0.05,0.00013354153267157968,0.0,0.006657261745196017,0.1199942224076179,0.0
273,1.0,0.05,0.00013354153267157968,0.0,0.006657261745196017,0.1199942224076179,0.0
274,1.0,0.05,0.00013354153267157968,0.0,0.006657261745196017,0.07758396085558296,0.0
275,1.0,0.05,0.00013354153267157968,0.0,0.006657261745196017,0.07758396085558296,0.0
276,1.0,0.05,0.00013354153267157968,0.0,0.006657261745196017,0.1102997462598495,0.0
277,1.0,0.05,0.00013354153267157968,0.0,0.006657261745196017,0.07903675459482745,0.0
278,1.0,0.05,0.00013354153267157968,0.0,0.005317683392114877,0.07903675459482745,0.0
279,1.0,0.05,0.00013354153267157968,0.0,0.005317683392114877,0.06468460265048627,0.0
280,1.0,0.05,0.00013354153267157968,0.0,0.005757382298519213,0.07501645956117928,0.0
281,1.0,0.05,0.00013354153267157968,0.0,0.005757382298519213,0.07577063038842788,0.0
282,1.0,0.05,0.00013354153267157968,0.0,0.005757382298519213,0.10221766650956621,0.0
283,1.0,0.05,0.00013354153267157968,0.0,0.0061184417338397586,0.10221766650956621,0.0
284,1.0,0.05,0.00013354153267157968,0.0,0.0061184417338397586,0.10221766650956621,0.0
285,1.0,0.05,0.00013354153267157968,0.0,0.005603275699473204,0.03170284898034391,0.0
286,1.0,0.05,0.00013354153267157968,0.0,0.005603275699473204,0.03170284898034391,0.0
287,1.0,0.05,0.00013354153267157968,0.0,0.005603275699473204,0.04420682167696509,0.0
288,1.0,0.05,0.00013354153267157968,0.0,0.005603275699473204,0.05792421521643257,0.0
289,1.0,0.05,0.00013354153267157968,0.0,0.005603275699473204,0.05792421521643257,0.0
290,1.0,0.05,0.00013354153267157968,0.0,0.005603275699473204,0.10748849716468481,0.0
291,1.0,0.05,0.00013354153267157968,0.0,0.005603275699473204,0.03733827769996438,0.0
292,1.0,0.05,0.00013354153267157968,0.0,0.005603275699473204,0.03733827769996438,0.0
293,1.0,0.05,0.00013354153267157968,0.0,0.005603275699473204,0.01962297190030373,0.0
294,1.0,0.05,0.00013354153267157968,0.0,0.005603275699473204,0.03758177526027762,0.0
295,1.0,0.05,0.00013354153267157968,0.0,0.005603275699473204,0.05708412112835425,0.0
296,1.0,0.05,0.00013354153267157968,0.0,0.005603275699473204,0.07238173057877045,0.0
297,1.0,0.05,0.00013354153267157968,0.0,0.005603275699473204,0.0565953528479598,0.0
298,1.0,0.05,0.00013371281121512692,0.0,0.005603275699473204,0.0565953528479598,0.0
299,1.0,0.05,0.00013371281121512692,0.0,0.005603275699473204,0.07628827152823306,0.0
300,1.0,0.05,0.00013371281121512692,0.0,0.0055959633681674755,0.07628827152823306,0.0
301,1.0,0.05,0.00013371281121512692,0.0,0.0053493117193223645,0.07628827152823306,0.0
302,1.0,0.05,0.00013371281121512692,0.0,0.005979056697268849,0.09661718005350808,0.0
303,1.0,0.05,0.00013371281121512692,0.0,0.005979056697268849,0.09661718005350808,0.0
304,1.0,0.05,0.00013371281121512692,0.0,0.005979056697268849,0.09661718005350808,0.0
305,1.0,0.05,0.00013371281121512692,0.0,0.006053887209309885,0.08363613321982898,0.0
306,1.0,0.05,0.00013371281121512692,0.0,0.006053887209309885,0.08363613321982898,0.0
307,1.0,0.05,0.00013371281121512692,0.0,0.006053887209309885,0.08363613321982898,0.0
308,1.0,0.05,0.00013371281121512692,0.0,0.005656793472576913,0.08363613321982898,0.0
309,1.0,0.05,0.00013371281121512692,0.0,0.005656793472576913,0.08363613321982898,0.0
310,1.0,0.05,0.00013371281121512692,0.0,0.005656793472576913,0.08363613321982898,0.0
311,1.0,0.05,0.00013371281121512692,0.0,0.005656793472576913,0.08363613321982898,0.0
312,1.0,0.05,0.00013371281121512692,0.0,0.00610072986093316,0.08363613321982898,0.0
313,1.0,0.05,0.00013998106666718145,0.0,0.00610072986093316,0.08363613321982898,0.0
314,1.0,0.05,0.00013998106666718145,0.0,0.006077736261653409,0.04016127530194827,0.0
315,1.0,0.05,0.00013637426908712016,0.0,0.006077736261653409,0.04016127530194827,0.0
316,1.0,0.05,0.00013637426908712016,0.0,0.006077736261653409,0.01727138042803425,0.0
317,1.0,0.05,0.00013637426908712016,0.0,0.006077736261653409,0.04897523142051544,0.0
318,1.0,0.05,0.00013637426908712016,0.0,0.006077736261653409,0.05028549636692163,0.0
319,1.0,0.05,0.00013182623727957206,0.0,0.006077736261653409,0.08818731183724116,0.0
320,1.0,0.05,0.00013182623727957206,0.0,0.006077736261653409,0.08818731183724116,0.0
321,1.0,0.05,0.00013182623727957206,0.0,0.006077736261653409,0.08818731183724116,0.0
322,1.0,0.05,0.00013182623727957206,0.0,0.006077736261653409,0.05027229153789238,0.0
323,1.0,0.05,0.00013182623727957206,0.0,0.006077736261653409,0.05027229153789238,0.0
324,1.0,0.05,0.00013182623727957206,0.0,0.006077736261653409,0.05027229153789238,0.0
325,1.0,0.05,0.00012745728505721357,0.0,0.006077736261653409,0.05027229153789238,0.0
326,1.0,0.05,0.00012745728505721357,0.0,0.006077736261653409,0.05027229153789238,0.0
327,1.0,0.05,0.00012784388771972769,0.0,0.006077736261653409,0.05027229153789238,0.0
328,1.0,0.05,0.0001450870406170383,0.0,0.006077736261653409,0.05027229153789238,0.0
329,1.0,0.05,0.0001450870406170383,0.0,0.006077736261653409,0.05027229153789238,0.0
330,1.0,0.05,0.0001450870406170383,0.0,0.006077736261653409,0.05027229153789238,0.0
331,1.0,0.05,0.0001450870406170383,0.0,0.006077736261653409,0.06701253366162675,0.0
332,1.0,0.05,0.0001450870406170383,0.0,0.006077736261653409,0.04990435023191689,0.0
333,1.0,0.05,0.00014163850313652648,0.0,0.006077736261653409,0.04990435023191689,0.0
334,1.0,0.05,0.00014163850313652648,0.0,0.006077736261653409,0.04990435023191689,0.0
335,1.0,0.05,0.00014163850313652648,0.0,0.006077736261653409,0.04990435023191689,0.0
336,1.0,0.05,0.00014163850313652648,0.0,0.006077736261653409,0.03401445803955577,0.0
337,1.0,0.05,0.00014163850313652648,0.0,0.006077736261653409,0.09088986041440901,0.0
338,1.0,0.05,0.00014163850313652648,0.0,0.006077736261653409,0.09088986041440901,0.0
339,1.0,0.05,0.00014163850313652648,0.0,0.006077736261653409,0.09088986041440901,0.0
340,1.0,0.05,0.00014163850313652648,0.0,0.006077736261653409,0.030043912153055047,0.0
341,1.0,0.05,0.00013753311533126931,0.0,0.006077736261653409,0.030043912153055047,0.0
342,1.0,0.05,0.00013753311533126931,0.0,0.006077736261653409,0.030043912153055047,0.0
343,1.0,0.05,0.00013753311533126931,0.0,0.0061873483485619446,0.038866678690721926,0.0
344,1.0,0.05,0.00013753311533126931,0.0,0.0061873483485619446,0.08318104854917224,0.0
345,1.0,0.05,0.00013753311533126931,0.0,0.0061873483485619446,0.08318104854917224,0.0
346,1.0,0.05,0.00013753311533126931,0.0,0.0061873483485619446,0.04768689488687776,0.0
347,1.0,0.05,0.00013753311533126931,0.0,0.0061873483485619446,0.04768689488687776,0.0
348,1.0,0.05,0.00013753311533126931,0.0,0.0061873483485619446,0.04768689488687776,0.0
349,1.0,0.05,0.00013753311533126931,0.0,0.0061873483485619446,0.04979672028533215,0.0
350,1.0,0.05,0.00013753311533126931,0.0,0.0061873483485619446,0.04979672028533215,0.0
351,1.0,0.05,0.00013753311533126931,0.0,0.0061873483485619446,0.04979672028533215,0.0
352,1.0,0.05,0.00013753311533126931,0.0,0.0061873483485619446,0.04300788291573029,0.0
353,1.0,0.05,0.00013753311533126931,0.0,0.0061873483485619446,0.06297899218583627,0.0
354,1.0,0.05,0.00013753311533126931,0.0,0.0061873483485619446,0.06297899218583627,0.0
355,1.0,0.05,0.00013753311533126931,0.0,0.0061873483485619446,0.06297899218583627,0.0
356,1.0,0.05,0.00013753311533126931,0.0,0.0061873483485619446,0.06297899218583627,0.0
357,1.0,0.05,0.00013753311533126931,0.0,0.0061873483485619446,0.07642879183576286,0.0
358,1.0,0.05,0.00013753311533126931,0.0,0.0061873483485619446,0.039789877475804696,0.0
359,1.0,0.05,0.00013753311533126931,0.0,0.0061873483485619446,0.10666108719287004,0.0
360,1.0,0.05,0.00013753311533126931,0.0,0.0061873483485619446,0.06274265413967321,0.0
361,1.0,0.05,0.00013753311533126931,0.0,0.0061873483485619446,0.05025832094327471,0.0
362,1.0,0.05,0.00013753311533126931,0.0,0.0061873483485619446,0.04579328326338594,0.0
363,1.0,0.05,0.00012835429040407973,0.0,0.0061873483485619446,0.04579328326338594,0.0
364,1.0,0.05,0.00012835429040407973,0.0,0.0061873483485619446,0.04579328326338594,0.0
365,1.0,0.05,0.00013421699630590807,0.0,0.005665597194881104,0.04579328326338594,0.0
366,1.0,0.05,0.00013421699630590807,0.0,0.005665597194881104,0.04579328326338594,0.0
367,1.0,0.05,0.00013421699630590807,0.0,0.005665597194881104,0.026368877220435922,0.0
368,1.0,0.05,0.00013421699630590807,0.0,0.005665597194881104,0.026368877220435922,0.0
369,1.0,0.05,0.00013421699630590807,0.0,0.005388039754212463,0.026368877220435922,0.0
370,1.0,0.05,0.00013421699630590807,0.0,0.005388039754212463,0.03954011170047774,0.0
371,1.0,0.05,0.00013421699630590807,0.0,0.005388039754212463,0.03954011170047774,0.0
372,1.0,0.05,0.00013421699630590807,0.0,0.005388039754212463,0.03314654514409835,0.0
373,1.0,0.05,0.00013421699630590807,0.0,0.005388039754212463,0.03314654514409835,0.0
374,1.0,0.05,0.00013421699630590807,0.0,0.0055866042035053924,0.04008113496092393,0.0
375,1.0,0.05,0.00013466055257512727,0.0,0.006001018683941033,0.04008113496092393,0.0
376,1.0,0.05,0.00013466055257512727,0.0,0.006001018683941033,0.04008113496092393,0.0
377,1.0,0.05,0.00013466055257512727,0.0,0.006001018683941033,0.07066837371891171,0.0
378,1.0,0.05,0.00013466055257512727,0.0,0.006001018683941033,0.07066837371891171,0.0
379,1.0,0.05,0.00014455317965084182,0.0,0.006001018683941033,0.044342783957421986,0.0
380,1.0,0.05,0.00014455317965084182,0.0,0.005576312475780816,0.044342783957421986,0.0
381,1.0,0.05,0.0001358519180658312,0.0,0.005576312475780816,0.044342783957421986,0.0
382,1.0,0.05,0.0001358519180658312,0.0,0.005576312475780816,0.11661440985829732,0.0
383,1.0,0.05,0.0001358519180658312,0.0,0.005576312475780816,0.11661440985829732,0.0
384,1.0,0.05,0.0001358519180658312,0.0,0.005576312475780816,0.11661440985829732,0.0
385,1.0,0.05,0.0001358519180658312,0.0,0.005576312475780816,0.11661440985829732,0.0
386,1.0,0.05,0.0001358519180658312,0.0,0.005576312475780816,0.10099554175041144,0.0
387,1.0,0.05,0.0001358519180658312,0.0,0.005576312475780816,0.05596459532561779,0.0
388,1.0,0.05,0.0001358519180658312,0.0,0.005576312475780816,0.028553888176558708,0.0
389,1.0,0.05,0.0001358519180658312,0.0,0.005576312475780816,0.028553888176558708,0.0
390,1.0,0.05,0.0001358519180658312,0.0,0.005928145822240127,0.028553888176558708,0.0
391,1.0,0.05,0.0001358519180658312,0.0,0.005928145822240127,0.028553888176558708,0.0
392,1.0,0.05,0.0001346590986016942,0.0,0.005928145822240127,0.023542919989124375,0.0
393,1.0,0.05,0.0001346590986016942,0.0,0.005928145822240127,0.030498044190514998,0.0
394,1.0,0.05,0.0001346590986016942,0.0,0.005928145822240127,0.06434571774339445,0.0
395,1.0,0.05,0.0001346590986016942,0.0,0.005928145822240127,0.05480493586384065,0.0
396,1.0,0.05,0.0001346590986016942,0.0,0.005928145822240127,0.05480493586384065,0.0
397,1.0,0.05,0.0001346590986016942,0.0,0.005712590600537915,0.08620349607225228,0.0
398,1.0,0.05,0.0001346590986016942,0.0,0.005960883404479113,0.08620349607225228,0.0
399,1.0,0.05,0.0001346590986016942,0.0,0.005960883404479113,0.06581110400990046,0.0
400,1.0,0.05,0.0001346590986016942,0.0,0.005960883404479113,0.035142095870675294,0.0
401,1.0,0.05,0.0001346590986016942,0.0,0.005960883404479113,0.057704183711684,0.0
402,1.0,0.05,0.0001346590986016942,0.0,0.006327915200392056,0.09534190459645618,0.0
403,1.0,0.05,0.0001346590986016942,0.0,0.006327915200392056,0.09534190459645618,0.0
404,1.0,0.05,0.0001346590986016942,0.0,0.006327915200392056,0.09365172984202697,0.0
405,1.0,0.05,0.0001346590986016942,0.0,0.006327915200392056,0.09365172984202697,0.0
406,1.0,0.05,0.0001346590986016942,0.0,0.006327915200392056,0.1010620386034783,0.0
407,1.0,0.05,0.0001346590986016942,0.0,0.006327915200392056,0.08210930788217267,0.0
408,1.0,0.05,0.0001346590986016942,0.0,0.006327915200392056,0.08210930788217267,0.0
409,1.0,0.05,0.0001346590986016942,0.0,0.006327915200392056,0.08210930788217267,0.0
410,1.0,0.05,0.0001346590986016942,0.0,0.006327915200392056,0.08210930788217267,0.0
411,1.0,0.05,0.0001346590986016942,0.0,0.006327915200392056,0.08210930788217267,0.0
412,1.0,0.05,0.0001346590986016942,0.0,0.006327915200392056,0.08210930788217267,0.0
413,1.0,0.05,0.0001346590986016942,0.0,0.006327915200392056,0.07624792342631546,0.0
414,1.0,0.05,0.0001346590986016942,0.0,0.006327915200392056,0.042744277783934886,0.0
415,1.0,0.05,0.0001346590986016942,0.0,0.006327915200392056,0.042744277783934886,0.0
416,1.0,0.05,0.00012991020235923975,0.0,0.006327915200392056,0.042744277783934886,0.0
417,1.0,0.05,0.00012991020235923975,0.0,0.006327915200392056,0.042744277783934886,0.0
418,1.0,0.05,0.00012991020235923975,0.0,0.005707302799600222,0.07809727295615489,0.0
419,1.0,0.05,0.00012991020235923975,0.0,0.005707302799600222,0.07809727295615489,0.0
420,1.0,0.05,0.00012991020235923975,0.0,0.005707302799600222,0.037344163491239854,0.0
421,1.0,0.05,0.0001375527020252658,0.0,0.005707302799600222,0.05803980663028256,0.0
422,1.0,0.05,0.0001375527020252658,0.0,0.005983255302918039,0.0974768617618795,0.0
423,1.0,0.05,0.0001290435446258286,0.0,0.005983255302918039,0.0974768617618795,0.0
424,1.0,0.05,0.00013378184184882822,0.0,0.005983255302918039,0.1065631385737324,0.0
425,1.0,0.05,0.00013378184184882822,0.0,0.005983255302918039,0.028025272566571755,0.0
426,1.0,0.05,0.00013378184184882822,0.0,0.005983255302918039,0.028025272566571755,0.0
427,1.0,0.05,0.00013378184184882822,0.0,0.005983255302918039,0.04703735600704036,0.0
428,1.0,0.05,0.00013378184184882822,0.0,0.005865737963144885,0.06337681841212298,0.0
429,1.0,0.05,0.00013378184184882822,0.0,0.005865737963144885,0.06337681841212298,0.0
430,1.0,0.05,0.00013378184184882822,0.0,0.005865737963144885,0.06337681841212298,0.0
431,1.0,0.05,0.00013378184184882822,0.0,0.005865737963144885,0.07253167595216088,0.0
432,1.0,0.05,0.00013378184184882822,0.0,0.005506487647546437,0.07253167595216088,0.0
433,1.0,0.05,0.00013378184184882822,0.0,0.005506487647546437,0.05685047043329578,0.0
434,1.0,0.05,0.00013378184184882822,0.0,0.005413945104542861,0.05685047043329578,0.0
435,1.0,0.05,0.00013378184184882822,0.0,0.005413945104542861,0.09105454370424332,0.0
436,1.0,0.05,0.00013378184184882822,0.0,0.0049398525961255445,0.09105454370424332,0.0
437,1.0,0.05,0.00013378184184882822,0.0,0.006951038262787839,0.0500267367073237,0.0
438,1.0,0.05,0.0001337879338238423,0.0,0.006951038262787839,0.0500267367073237,0.0
439,1.0,0.05,0.0001337879338238423,0.0,0.00543348364489422,0.0500267367073237,0.0
440,1.0,0.05,0.0001337879338238423,0.0,0.00543348364489422,0.0500267367073237,0.0
441,1.0,0.05,0.00013458481994224562,0.0,0.00543348364489422,0.07411290123228485,0.0
442,1.0,0.05,0.00013458481994224562,0.0,0.00543348364489422,0.049238414809562925,0.0
443,1.0,0.05,0.00013458481994224562,0.0,0.006463432666457393,0.049238414809562925,0.0
444,1.0,0.05,0.00013458481994224562,0.0,0.006463432666457393,0.049238414809562925,0.0
445,1.0,0.05,0.00013458481994224562,0.0,0.005933475529036816,0.049238414809562925,0.0
446,1.0,0.05,0.00013458481994224562,0.0,0.005933475529036816,0.049238414809562925,0.0
447,1.0,0.05,0.00013458481994224562,0.0,0.00593835683443436,0.049238414809562925,0.0
448,1.0,0.05,0.00013458481994224562,0.0,0.00593835683443436,0.06567814854796035,0.0
449,1.0,0.05,0.00013458481994224562,0.0,0.00593835683443436,0.06567814854796035,0.0
450,1.0,0.05,0.00013458481994224562,0.0,0.00593835683443436,0.06567814854796035,0.0
451,1.0,0.05,0.00013458481994224562,0.0,0.00593835683443436,0.06567814854796035,0.0
452,1.0,0.05,0.00013458481994224562,0.0,0.00593835683443436,0.06567814854796035,0.0
453,1.0,0.05,0.00013458481994224562,0.0,0.00593835683443436,0.06567814854796035,0.0
454,1.0,0.05,0.00013458481994224562,0.0,0.00593835683443436,0.06567814854796035,0.0
455,1.0,0.05,0.0001457272412061114,0.0,0.00593835683443436,0.03657021045450012,0.0
456,1.0,0.05,0.0001457272412061114,0.0,0.00593835683443436,0.021703921136070434,0.0
457,1.0,0.05,0.0001457272412061114,0.0,0.00593835683443436,0.021703921136070434,0.0
458,1.0,0.05,0.00012740230156235488,0.0,0.00593835683443436,0.021703921136070434,0.0
459,1.0,0.05,0.00012740230156235488,0.0,0.00593835683443436,0.018443626455175093,0.0
460,1.0,0.05,0.00012740230156235488,0.0,0.00593835683443436,0.019799776893225075,0.0
461,1.0,0.05,0.00012740230156235488,0.0,0.00593835683443436,0.019799776893225075,0.0
462,1.0,0.05,0.00012740230156235488,0.0,0.00593835683443436,0.019799776893225075,0.0
463,1.0,0.05,0.00014585277843876337,0.0,0.00593835683443436,0.08998034191518053,0.0
464,1.0,0.05,0.00014585277843876337,0.0,0.00593835683443436,0.035210294579476116,0.0
465,1.0,0.05,0.00014585277843876337,0.0,0.00593835683443436,0.05629921923111649,0.0
466,1.0,0.05,0.0001389161571172331,0.0,0.00593835683443436,0.05094355840794906,0.0
467,1.0,0.05,0.0001389161571172331,0.0,0.00593835683443436,0.051566239928449296,0.0
468,1.0,0.05,0.00014059196639379647,0.0,0.00593835683443436,0.051566239928449296,0.0
469,1.0,0.05,0.00014059196639379647,0.0,0.00593835683443436,0.044040762860193594,0.0
470,1.0,0.05,0.00013757269676495325,0.0,0.00593835683443436,0.044040762860193594,0.0
471,1.0,0.05,0.00013757269676495325,0.0,0.00593835683443436,0.07749508514827218,0.0
472,1.0,0.05,0.00013757269676495325,0.0,0.00593835683443436,0.07749508514827218,0.0
473,1.0,0.05,0.00013757269676495325,0.0,0.00593835683443436,0.07749508514827218,0.0
474,1.0,0.05,0.00013757269676495325,0.0,0.00593835683443436,0.07749508514827218,0.0
475,1.0,0.05,0.00013757269676495325,0.0,0.00593835683443436,0.07465366641851835,0.0
476,1.0,0.05,0.00013757269676495325,0.0,0.00593835683443436,0.07465366641851835,0.0
477,1.0,0.05,0.00013757269676495325,0.0,0.00593835683443436,0.07465366641851835,0.0
478,1.0,0.05,0.00013757269676495325,0.0,0.00593835683443436,0.07465366641851835,0.0
479,1.0,0.05,0.00013757269676495325,0.0,0.00593835683443436,0.08102223440589967,0.0
480,1.0,0.05,0.00013757269676495325,0.0,0.00593835683443436,0.08102223440589967,0.0
481,1.0,0.05,0.00013757269676495325,0.0,0.00593835683443436,0.08102223440589967,0.0
482,1.0,0.05,0.00013757269676495325,0.0,0.00593835683443436,0.08102223440589967,0.0
483,1.0,0.05,0.00013757269676495325,0.0,0.00593835683443436,0.07275823851813086,0.0
484,1.0,0.05,0.00013557731102970149,0.0,0.00593835683443436,0.07275823851813086,0.0
485,1.0,0.05,0.00013557731102970149,0.0,0.00593835683443436,0.07275823851813086,0.0
486,1.0,0.05,0.00013557731102970149,0.0,0.00593835683443436,0.07549795545061279,0.0
487,1.0,0.05,0.00013557731102970149,0.0,0.005819662930304144,0.07549795545061279,0.0
488,1.0,0.05,0.0001263239642408771,0.0,0.005819662930304144,0.07549795545061279,0.0
489,1.0,0.05,0.0001263239642408771,0.0,0.005819662930304144,0.07549795545061279,0.0
490,1.0,0.05,0.0001263239642408771,0.0,0.005819662930304144,0.07549795545061279,0.0
491,1.0,0.05,0.00014100445759470653,0.0,0.005819662930304144,0.07549795545061279,0.0
492,1.0,0.05,0.00014100445759470653,0.0,0.005819662930304144,0.0396571871837592,0.0
493,1.0,0.05,0.00014100445759470653,0.0,0.005819662930304144,0.07562778393902835,0.0
494,1.0,0.05,0.00014100445759470653,0.0,0.005819662930304144,0.06723280865639118,0.0
495,1.0,0.05,0.00014100445759470653,0.0,0.005819662930304144,0.06723280865639118,0.0
496,1.0,0.05,0.00014100445759470653,0.0,0.005819662930304144,0.06723280865639118,0.0
497,1.0,0.05,0.00014100445759470653,0.0,0.005819662930304144,0.07438241194168418,0.0
498,1.0,0.05,0.00014100445759470653,0.0,0.005644179399337419,0.11891492471165825,0.0
499,1.0,0.05,0.00014100445759470653,0.0,0.005644179399337419,0.04777794070375533,0.0
500,1.0,0.05,0.00014100445759470653,0.0,0.005644179399337419,0.04777794070375533,0.0
501,1.0,0.05,0.00014100445759470653,0.0,0.005644179399337419,0.04777794070375533,0.0
502,1.0,0.05,0.00013698511037951033,0.0,0.005644179399337419,0.04777794070375533,0.0
503,1.0,0.05,0.00013698511037951033,0.0,0.0060376442782058715,0.03769836428339278,0.0
504,1.0,0.05,0.00013698511037951033,0.0,0.0060376442782058715,0.06991458816452928,0.0
505,1.0,0.05,0.00013698511037951033,0.0,0.0060376442782058715,0.06991458816452928,0.0
506,1.0,0.05,0.00013698511037951033,0.0,0.0060376442782058715,0.06991458816452928,0.0
507,1.0,0.05,0.00013698511037951033,0.0,0.0060376442782058715,0.06991458816452928,0.0
508,1.0,0.05,0.00013167734820281426,0.0,0.0060376442782058715,0.06991458816452928,0.0
509,1.0,0.05,0.00013167734820281426,0.0,0.0060376442782058715,0.0823015659336314,0.0
510,1.0,0.05,0.00013167734820281426,0.0,0.006527766245448101,0.07493366908682686,0.0
511,1.0,0.05,0.00013167734820281426,0.0,0.006527766245448101,0.05907828505081202,0.0
512,1.0,0.05,0.00013167734820281426,0.0,0.006527766245448101,0.05907828505081202,0.0
513,1.0,0.05,0.00013167734820281426,0.0,0.008252207766825899,0.05907828505081202,0.0
514,1.0,0.05,0.00013167734820281426,0.0,0.008252207766825899,0.05907828505081202,0.0
515,1.0,0.05,0.00013167734820281426,0.0,0.008252207766825899,0.013418760299476622,0.0
516,1.0,0.05,0.00013167734820281426,0.0,0.007124486722989885,0.0101948724049253,0.0
517,1.0,0.05,0.00013167734820281426,0.0,0.007124486722989885,0.027043635478344256,0.0
518,1.0,0.05,0.00013167734820281426,0.0,0.006803639036141624,0.027043635478344256,0.0
519,1.0,0.05,0.00013167734820281426,0.0,0.006803639036141624,0.027043635478344256,0.0
520,1.0,0.05,0.00013112515438759475,0.0,0.006544389580163528,0.09463614028749616,0.0
521,1.0,0.05,0.00013015509131310496,0.0,0.006544389580163528,0.09463614028749616,0.0
522,1.0,0.05,0.00013015509131310496,0.0,0.006544389580163528,0.07488306444246248,0.0
523,1.0,0.05,0.00013397184997311444,0.0,0.006544389580163528,0.07488306444246248,0.0
524,1.0,0.05,0.00013397184997311444,0.0,0.006544389580163528,0.03636346722819383,0.0
525,1.0,0.05,0.00013397184997311444,0.0,0.006544389580163528,0.03636346722819383,0.0
526,1.0,0.05,0.00013397184997311444,0.0,0.006544389580163528,0.1642447695436457,0.0
527,1.0,0.05,0.00013397184997311444,0.0,0.007322767193209906,0.1642447695436457,0.0
528,1.0,0.05,0.00013397184997311444,0.0,0.007322767193209906,0.1642447695436457,0.0
529,1.0,0.05,0.00013397184997311444,0.0,0.007322767193209906,0.1642447695436457,0.0
530,1.0,0.05,0.0001175570837230459,0.0,0.007322767193209906,0.10242848305422216,0.0
531,1.0,0.05,0.0001175570837230459,0.0,0.007322767193209906,0.10242848305422216,0.0
532,1.0,0.05,0.0001175570837230459,0.0,0.007322767193209906,0.0266549591245916,0.0
533,1.0,0.05,0.00013411353858513024,0.0,0.007322767193209906,0.06322597524482049,0.0
534,1.0,0.05,0.00013411353858513024,0.0,0.0049362090374171445,0.06322597524482049,0.0
535,1.0,0.05,0.00013411353858513024,0.0,0.006874044489523486,0.06322597524482049,0.0
536,1.0,0.05,0.00013411353858513024,0.0,0.006874044489523486,0.06322597524482049,0.0
537,1.0,0.05,0.00013411353858513024,0.0,0.00641979983472391,0.05628633908463296,0.0
538,1.0,0.05,0.00013411353858513024,0.0,0.00641979983472391,0.03555676702311139,0.0
539,1.0,0.05,0.00013411353858513024,0.0,0.00641979983472391,0.05792538334115586,0.0
540,1.0,0.05,0.00013411353858513024,0.0,0.00641979983472391,0.10778353962452522,0.0
541,1.0,0.05,0.00013411353858513024,0.0,0.00641979983472391,0.10778353962452522,0.0
542,1.0,0.05,0.00013411353858513024,0.0,0.00641979983472391,0.10778353962452522,0.0
543,1.0,0.05,0.00013411353858513024,0.0,0.00641979983472391,0.10778353962452522,0.0
544,1.0,0.05,0.00013411353858513024,0.0,0.00641979983472391,0.10778353962452522,0.0
545,1.0,0.05,0.00013411353858513024,0.0,0.00641979983472391,0.12325948417012736,0.0
546,1.0,0.05,0.00013411353858513024,0.0,0.00641979983472391,0.07920613468222296,0.0
547,1.0,0.05,0.00013411353858513024,0.0,0.00641979983472391,0.07920613468222296,0.0
548,1.0,0.05,0.00013411353858513024,0.0,0.00641979983472391,0.07920613468222296,0.0
549,1.0,0.05,0.00013411353858513024,0.0,0.00641979983472391,0.10507524083919598,0.0
550,1.0,0.05,0.00013411353858513024,0.0,0.00641979983472391,0.10507524083919598,0.0
551,1.0,0.05,0.00013411353858513024,0.0,0.00641979983472391,0.10507524083919598,0.0
552,1.0,0.05,0.00013411353858513024,0.0,0.00641979983472391,0.05396097934736635,0.0
553,1.0,0.05,0.00013411353858513024,0.0,0.00641979983472391,0.05396097934736635,0.0
554,1.0,0.05,0.00013411353858513024,0.0,0.006188181794255047,0.05396097934736635,0.0
555,1.0,0.05,0.00013411353858513024,0.0,0.006188181794255047,0.05396097934736635,0.0
556,1.0,0.05,0.00013411353858513024,0.0,0.006188181794255047,0.05396097934736635,0.0
557,1.0,0.05,0.00013411353858513024,0.0,0.006245066686494961,0.12079829852796009,0.0
558,1.0,0.05,0.00013411353858513024,0.0,0.006245066686494961,0.1217318054827985,0.0
559,1.0,0.05,0.00013411353858513024,0.0,0.006271365408494903,0.10374109514670932,0.0
560,1.0,0.05,0.00013411353858513024,0.0,0.006271365408494903,0.04844015973293884,0.0
561,1.0,0.05,0.00013411353858513024,0.0,0.006271365408494903,0.04844015973293884,0.0
562,1.0,0.05,0.00013411353858513024,0.0,0.006271365408494903,0.04174656014088911,0.0
563,1.0,0.05,0.00013411353858513024,0.0,0.006271365408494903,0.04174656014088911,0.0
564,1.0,0.05,0.00013411353858513024,0.0,0.006271365408494903,0.04174656014088911,0.0
565,1.0,0.05,0.00013713569098585597,0.0,0.006271365408494903,0.04174656014088911,0.0
566,1.0,0.05,0.00013713569098585597,0.0,0.006271365408494903,0.04174656014088911,0.0
567,1.0,0.05,0.00013713569098585597,0.0,0.006271365408494903,0.026194340637382442,0.0
568,1.0,0.05,0.00013713569098585597,0.0,0.006271365408494903,0.034083035562636,0.0
569,1.0,0.05,0.00013713569098585597,0.0,0.006271365408494903,0.034083035562636,0.0
570,1.0,0.05,0.00013713569098585597,0.0,0.006271365408494903,0.028619817749876115,0.0
571,1.0,0.05,0.00013713569098585597,0.0,0.006271365408494903,0.047838737096823285,0.0
572,1.0,0.05,0.00013713569098585597,0.0,0.006271365408494903,0.047838737096823285,0.0
573,1.0,0.05,0.00013713569098585597,0.0,0.006271365408494903,0.047838737096823285,0.0
574,1.0,0.05,0.00013713569098585597,0.0,0.006271365408494903,0.047838737096823285,0.0
575,1.0,0.05,0.00013713569098585597,0.0,0.006271365408494903,0.047838737096823285,0.0
576,1.0,0.05,0.00013713569098585597,0.0,0.0051420678199052125,0.07162350060022742,0.0
577,1.0,0.05,0.00013713569098585597,0.0,0.0051420678199052125,0.07477135523345972,0.0
578,1.0,0.05,0.00013713569098585597,0.0,0.0051420678199052125,0.07477135523345972,0.0
579,1.0,0.05,0.00013713569098585597,0.0,0.0051420678199052125,0.07477135523345972,0.0
580,1.0,0.05,0.00013713569098585597,0.0,0.0051420678199052125,0.10345834350298476,0.0
581,1.0,0.05,0.00013713569098585597,0.0,0.0051420678199052125,0.04718687348745056,0.0
582,1.0,0.05,0.00013713569098585597,0.0,0.0051420678199052125,0.06271607206633156,0.0
583,1.0,0.05,0.00013713569098585597,0.0,0.0059760682357976125,0.09982041128068289,0.0
584,1.0,0.05,0.00013713569098585597,0.0,0.0059760682357976125,0.057779781684640444,0.0
585,1.0,0.05,0.00013713569098585597,0.0,0.0059760682357976125,0.058555841971022315,0.0
586,1.0,0.05,0.00013713569098585597,0.0,0.005658152360536502,0.058555841971022315,0.0
587,1.0,0.05,0.00013713569098585597,0.0,0.005658152360536502,0.058555841971022315,0.0
588,1.0,0.05,0.00013713569098585597,0.0,0.005658152360536502,0.058555841971022315,0.0
589,1.0,0.05,0.00013713569098585597,0.0,0.005658152360536502,0.058555841971022315,0.0
590,1.0,0.05,0.00013713569098585597,0.0,0.006094291389243496,0.058555841971022315,0.0
591,1.0,0.05,0.00013713569098585597,0.0,0.006094291389243496,0.03940277941578882,0.0
592,1.0,0.05,0.00013713569098585597,0.0,0.006094291389243496,0.01890746466367113,0.0
593,1.0,0.05,0.00013713569098585597,0.0,0.006094291389243496,0.02935836947576143,0.0
594,1.0,0.05,0.00013713569098585597,0.0,0.006094291389243496,0.0465925282445112,0.0
595,1.0,0.05,0.00013713569098585597,0.0,0.006094291389243496,0.03960272967790551,0.0
596,1.0,0.05,0.00013713569098585597,0.0,0.006094291389243496,0.03960272967790551,0.0
597,1.0,0.05,0.00013713569098585597,0.0,0.006094291389243496,0.06756984858608363,0.0
598,1.0,0.05,0.00013713569098585597,0.0,0.006094291389243496,0.06756984858608363,0.0
599,1.0,0.05,0.00013713569098585597,0.0,0.006094291389243496,0.06756984858608363,0.0
600,1.0,0.05,0.00013713569098585597,0.0,0.006094291389243496,0.06756984858608363,0.0
601,1.0,0.05,0.00013713569098585597,0.0,0.006094291389243496,0.052820635388240965,0.0
602,1.0,0.05,0.00013713569098585597,0.0,0.006094291389243496,0.06300870964992937,0.0
603,1.0,0.05,0.00013713569098585597,0.0,0.005789873997064999,0.06300870964992937,0.0
604,1.0,0.05,0.000136373512078648,0.0,0.005789873997064999,0.047302919881271326,0.0
605,1.0,0.05,0.00012887357450213686,0.0,0.005789873997064999,0.047302919881271326,0.0
606,1.0,0.05,0.00012887357450213686,0.0,0.005789873997064999,0.04952367786038893,0.0
607,1.0,0.05,0.00012887357450213686,0.0,0.005789873997064999,0.038066191069843984,0.0
608,1.0,0.05,0.00012887357450213686,0.0,0.005789873997064999,0.038066191069843984,0.0
609,1.0,0.05,0.00012887357450213686,0.0,0.005789873997064999,0.04400725760036157,0.0
610,1.0,0.05,0.00012887357450213686,0.0,0.005789873997064999,0.091304209157316,0.0
611,1.0,0.05,0.00012887357450213686,0.0,0.005789873997064999,0.09794839322649741,0.0
612,1.0,0.05,0.00012887357450213686,0.0,0.005789873997064999,0.08512014144789087,0.0
613,1.0,0.05,0.00012887357450213686,0.0,0.005789873997064999,0.08512014144789087,0.0
614,1.0,0.05,0.00012887357450213686,0.0,0.0077046345444858905,0.08512014144789087,0.0
615,1.0,0.05,0.00012887357450213686,0.0,0.0077046345444858905,0.084968312664427,0.0
616,1.0,0.05,0.00012887357450213686,0.0,0.007669931154530241,0.084968312664427,0.0
617,1.0,0.05,0.00012887357450213686,0.0,0.00694777543462572,0.14065059181879264,0.0
618,1.0,0.05,0.00012887357450213686,0.0,0.00694777543462572,0.05678259868063644,0.0
619,1.0,0.05,0.00012887357450213686,0.0,0.00694777543462572,0.05678259868063644,0.0
620,1.0,0.05,0.00012887357450213686,0.0,0.005992342140299723,0.03202091945154845,0.0
621,1.0,0.05,0.00012887357450213686,0.0,0.005992342140299723,0.027835123645521157,0.0
622,1.0,0.05,0.00012887357450213686,0.0,0.005992342140299723,0.027835123645521157,0.0
623,1.0,0.05,0.00012887357450213686,0.0,0.005992342140299723,0.1349991212401504,0.0
624,1.0,0.05,0.00012887357450213686,0.0,0.005992342140299723,0.1349991212401504,0.0
625,1.0,0.05,0.00012887357450213686,0.0,0.005992342140299723,0.0692534893155729,0.0
626,1.0,0.05,0.00012887357450213686,0.0,0.005992342140299723,0.05801245800458006,0.0
627,1.0,0.05,0.00012887357450213686,0.0,0.005992342140299723,0.05801245800458006,0.0
628,1.0,0.05,0.00012887357450213686,0.0,0.005992342140299723,0.05801245800458006,0.0
629,1.0,0.05,0.00012887357450213686,0.0,0.005992342140299723,0.05801245800458006,0.0
630,1.0,0.05,0.00012887357450213686,0.0,0.005992342140299723,0.05801245800458006,0.0
631,1.0,0.05,0.00012887357450213686,0.0,0.005992342140299723,0.05801245800458006,0.0
632,1.0,0.05,0.00012887357450213686,0.0,0.005992342140299723,0.045247656533903585,0.0
633,1.0,0.05,0.00012887357450213686,0.0,0.005992342140299723,0.055456193691542095,0.0
634,1.0,0.05,0.00012887357450213686,0.0,0.005992342140299723,0.055456193691542095,0.0
635,1.0,0.05,0.00012691097849172917,0.0,0.005992342140299723,0.055456193691542095,0.0
636,1.0,0.05,0.00013607477072281814,0.0,0.005992342140299723,0.06735969509154405,0.0
637,1.0,0.05,0.00013607477072281814,0.0,0.005992342140299723,0.038278266727968586,0.0
638,1.0,0.05,0.00013607477072281814,0.0,0.005926470688244603,0.045151742486839536,0.0
639,1.0,0.05,0.00013607477072281814,0.0,0.005926470688244603,0.045151742486839536,0.0
640,1.0,0.05,0.00013607477072281814,0.0,0.005926470688244603,0.045151742486839536,0.0
641,1.0,0.05,0.00013607477072281814,0.0,0.005926470688244603,0.044210903582492064,0.0
642,1.0,0.05,0.00013607477072281814,0.0,0.005926470688244603,0.06933472239471139,0.0
643,1.0,0.05,0.00013607477072281814,0.0,0.005926470688244603,0.06933472239471139,0.0
644,1.0,0.05,0.00013607477072281814,0.0,0.005926470688244603,0.06933472239471139,0.0
645,1.0,0.05,0.00013607477072281814,0.0,0.006160299651554283,0.06933472239471139,0.0
646,1.0,0.05,0.00013607477072281814,0.0,0.006160299651554283,0.06933472239471139,0.0
647,1.0,0.05,0.00013607477072281814,0.0,0.005569921761337562,0.03039725198302745,0.0
648,1.0,0.05,0.00013607477072281814,0.0,0.005569921761337562,0.059593478102707445,0.0
649,1.0,0.05,0.00013607477072281814,0.0,0.005569921761337562,0.059593478102707445,0.0
650,1.0,0.05,0.00013329267163337478,0.0,0.005569921761337562,0.07819767194897667,0.0
651,1.0,0.05,0.00013329267163337478,0.0,0.005569921761337562,0.06550857571867778,0.0
652,1.0,0.05,0.00013329267163337478,0.0,0.005569921761337562,0.06550857571867778,0.0
653,1.0,0.05,0.00013329267163337478,0.0,0.005569921761337562,0.06550857571867778,0.0
654,1.0,0.05,0.00013329267163337478,0.0,0.005569921761337562,0.06550857571867778,0.0
655,1.0,0.05,0.00013329267163337478,0.0,0.005569921761337562,0.06550857571867778,0.0
656,1.0,0.05,0.00013329267163337478,0.0,0.005569921761337562,0.06550857571867778,0.0
657,1.0,0.05,0.00013329267163337478,0.0,0.005569921761337562,0.036349920171160705,0.0
658,1.0,0.05,0.00012989053785240746,0.0,0.005569921761337562,0.09254018382065445,0.0
659,1.0,0.05,0.00013786255774805717,0.0,0.005569921761337562,0.09254018382065445,0.0
660,1.0,0.05,0.00013786255774805717,0.0,0.005569921761337562,0.09254018382065445,0.0
661,1.0,0.05,0.00013786255774805717,0.0,0.005569921761337562,0.09254018382065445,0.0
662,1.0,0.05,0.00013786255774805717,0.0,0.005569921761337562,0.09254018382065445,0.0
663,1.0,0.05,0.00013786255774805717,0.0,0.005979377938892484,0.09254018382065445,0.0
664,1.0,0.05,0.00013786255774805717,0.0,0.005979377938892484,0.09254018382065445,0.0
665,1.0,0.05,0.00013786255774805717,0.0,0.005979377938892484,0.08035974288786688,0.0
666,1.0,0.05,0.00013786255774805717,0.0,0.005979377938892484,0.08035974288786688,0.0
667,1.0,0.05,0.00013786255774805717,0.0,0.005979377938892484,0.06013604348969432,0.0
668,1.0,0.05,0.00013786255774805717,0.0,0.005979377938892484,0.06013604348969432,0.0
669,1.0,0.05,0.00013786255774805717,0.0,0.005979377938892484,0.06013604348969432,0.0
670,1.0,0.05,0.00013786255774805717,0.0,0.005979377938892484,0.06013604348969432,0.0
671,1.0,0.05,0.0001320970093239634,0.0,0.005979377938892484,0.06013604348969432,0.0
672,1.0,0.05,0.0001320970093239634,0.0,0.005979377938892484,0.05848570898398546,0.0
673,1.0,0.05,0.0001320970093239634,0.0,0.005979377938892484,0.05848570898398546,0.0
674,1.0,0.05,0.0001320970093239634,0.0,0.005979377938892484,0.07477243337144028,0.0
675,1.0,0.05,0.0001320970093239634,0.0,0.005979377938892484,0.07477243337144028,0.0
676,1.0,0.05,0.0001320970093239634,0.0,0.005979377938892484,0.07477243337144028,0.0
677,1.0,0.05,0.0001320970093239634,0.0,0.005979377938892484,0.06923944555552446,0.0
678,1.0,0.05,0.0001320970093239634,0.0,0.006086662750289901,0.039279423563947674,0.0
679,1.0,0.05,0.0001320970093239634,0.0,0.006086662750289901,0.039279423563947674,0.0
680,1.0,0.05,0.0001320970093239634,0.0,0.006086662750289901,0.0655615773259549,0.0
681,1.0,0.05,0.0001320970093239634,0.0,0.006086662750289901,0.08090871146008544,0.0
682,1.0,0.05,0.0001320970093239634,0.0,0.006086662750289901,0.08090871146008544,0.0
683,1.0,0.05,0.0001320970093239634,0.0,0.006086662750289901,0.08090871146008544,0.0
684,1.0,0.05,0.0001320970093239634,0.0,0.006858104764275223,0.08090871146008544,0.0
685,1.0,0.05,0.0001320970093239634,0.0,0.006858104764275223,0.06539428816851645,0.0
686,1.0,0.05,0.0001320970093239634,0.0,0.006858104764275223,0.06539428816851645,0.0
687,1.0,0.05,0.0001320970093239634,0.0,0.006858104764275223,0.06539428816851645,0.0
688,1.0,0.05,0.0001320970093239634,0.0,0.006858104764275223,0.05589562257507506,0.0
689,1.0,0.05,0.0001320970093239634,0.0,0.006858104764275223,0.05589562257507506,0.0
690,1.0,0.05,0.0001320970093239634,0.0,0.005539433435087193,0.02517844518225724,0.0
691,1.0,0.05,0.0001320970093239634,0.0,0.005539433435087193,0.0858275961343208,0.0
692,1.0,0.05,0.0001320970093239634,0.0,0.005539433435087193,0.0858275961343208,0.0
693,1.0,0.05,0.0001320970093239634,0.0,0.005490320601163311,0.050390666861896104,0.0
694,1.0,0.05,0.0001320970093239634,0.0,0.005490320601163311,0.050390666861896104,0.0
695,1.0,0.05,0.0001320970093239634,0.0,0.005490320601163311,0.050390666861896104,0.0
696,1.0,0.05,0.0001320970093239634,0.0,0.005490320601163311,0.050390666861896104,0.0
697,1.0,0.05,0.0001320970093239634,0.0,0.005490320601163311,0.10283399173914935,0.0
698,1.0,0.05,0.0001320970093239634,0.0,0.005490320601163311,0.040966942461218285,0.0
699,1.0,0.05,0.0001320970093239634,0.0,0.007287236991379555,0.040966942461218285,0.0
700,1.0,0.05,0.0001320970093239634,0.0,0.007287236991379555,0.1255764949171803,0.0
701,1.0,0.05,0.0001320970093239634,0.0,0.007287236991379555,0.045901315917492636,0.0
702,1.0,0.05,0.0001320970093239634,0.0,0.007287236991379555,0.045901315917492636,0.0
703,1.0,0.05,0.0001320970093239634,0.0,0.007287236991379555,0.05907092916979814,0.0
704,1.0,0.05,0.0001320970093239634,0.0,0.007287236991379555,0.05907092916979814,0.0
705,1.0,0.05,0.0001320970093239634,0.0,0.007287236991379555,0.05907092916979814,0.0
706,1.0,0.05,0.00013534828446864984,0.0,0.007287236991379555,0.05459016375952087,0.0
707,1.0,0.05,0.00013534828446864984,0.0,0.007287236991379555,0.08148421919393545,0.0
708,1.0,0.05,0.0001371228467134044,0.0,0.007287236991379555,0.08148421919393545,0.0
709,1.0,0.05,0.00013911966216873967,0.0,0.007287236991379555,0.08148421919393545,0.0
710,1.0,0.05,0.00013911966216873967,0.0,0.007287236991379555,0.02090592505436419,0.0
711,1.0,0.05,0.00013911966216873967,0.0,0.0062417175803199,0.02090592505436419,0.0
712,1.0,0.05,0.00013911966216873967,0.0,0.0062417175803199,0.012394253129900862,0.0
713,1.0,0.05,0.00013911966216873967,0.0,0.006066456463324382,0.012394253129900862,0.0
714,1.0,0.05,0.00013911966216873967,0.0,0.006066456463324382,0.012169201305518297,0.0
715,1.0,0.05,0.00013911966216873967,0.0,0.006066456463324382,0.012169201305518297,0.0
716,1.0,0.05,0.00013911966216873967,0.0,0.006066456463324382,0.012169201305518297,0.0
717,1.0,0.05,0.00013911966216873967,0.0,0.006066456463324382,0.012169201305518297,0.0
718,1.0,0.05,0.00013911966216873967,0.0,0.006066456463324382,0.018539828139898986,0.0
719,1.0,0.05,0.00013911966216873967,0.0,0.005584308599218702,0.015420211208099135,0.0
720,1.0,0.05,0.0001384761340654041,0.0,0.005584308599218702,0.015420211208099135,0.0
721,1.0,0.05,0.0001384761340654041,0.0,0.005584308599218702,0.09263535996061839,0.0
722,1.0,0.05,0.0001384761340654041,0.0,0.005584308599218702,0.060813375905393936,0.0
723,1.0,0.05,0.0001384761340654041,0.0,0.005584308599218702,0.060813375905393936,0.0
724,1.0,0.05,0.0001384761340654041,0.0,0.005584308599218702,0.060813375905393936,0.0
725,1.0,0.05,0.0001384761340654041,0.0,0.005584308599218702,0.05508975129485895,0.0
726,1.0,0.05,0.0001384761340654041,0.0,0.005584308599218702,0.05508975129485895,0.0
727,1.0,0.05,0.00013651339649914292,0.0,0.005584308599218702,0.034763847238753864,0.0
728,1.0,0.05,0.00013651339649914292,0.0,0.005584308599218702,0.034763847238753864,0.0
729,1.0,0.05,0.00013651339649914292,0.0,0.005584308599218702,0.034763847238753864,0.0
730,1.0,0.05,0.00013651339649914292,0.0,0.005823498106190909,0.0848842757192392,0.0
731,1.0,0.05,0.00013651339649914292,0.0,0.005823498106190909,0.0848842757192392,0.0
732,1.0,0.05,0.00013651339649914292,0.0,0.005859002108954084,0.05223084806535691,0.0
733,1.0,0.05,0.0001259688065785391,0.0,0.005859002108954084,0.02334258912777141,0.0
734,1.0,0.05,0.0001259688065785391,0.0,0.005859002108954084,0.02334258912777141,0.0
735,1.0,0.05,0.0001259688065785391,0.0,0.005859002108954084,0.09518324141826756,0.0
736,1.0,0.05,0.00012902188947026578,0.0,0.005859002108954084,0.09518324141826756,0.0
737,1.0,0.05,0.00012902188947026578,0.0,0.005859002108954084,0.09732912770832025,0.0
738,1.0,0.05,0.00012986567730379083,0.0,0.005859002108954084,0.08542646698343742,0.0
739,1.0,0.05,0.00012986567730379083,0.0,0.005859002108954084,0.11027067228403711,0.0
740,1.0,0.05,0.00012986567730379083,0.0,0.005859002108954084,0.021637808802559454,0.0
741,1.0,0.05,0.00012986567730379083,0.0,0.005859002108954084,0.025409266546845933,0.0
742,1.0,0.05,0.00012986567730379083,0.0,0.005859002108954084,0.10666559417714389,0.0
743,1.0,0.05,0.00012986567730379083,0.0,0.005859002108954084,0.10666559417714389,0.0
744,1.0,0.05,0.00012986567730379083,0.0,0.005859002108954084,0.10666559417714389,0.0
745,1.0,0.05,0.00012986567730379083,0.0,0.005859002108954084,0.10666559417714389,0.0
746,1.0,0.05,0.00012986567730379083,0.0,0.005859002108954084,0.05627872481906652,0.0
747,1.0,0.05,0.00012986567730379083,0.0,0.005859002108954084,0.05114990509213057,0.0
748,1.0,0.05,0.00012986567730379083,0.0,0.005859002108954084,0.05114990509213057,0.0
749,1.0,0.05,0.00012986567730379083,0.0,0.005859002108954084,0.055352051704008365,0.0
750,1.0,0.05,0.00012986567730379083,0.0,0.00772646703720247,0.13938743654982716,0.0
751,1.0,0.05,0.00012986567730379083,0.0,0.006139751996212199,0.06623788431121906,0.0
752,1.0,0.05,0.00012986567730379083,0.0,0.006139751996212199,0.07865390163492524,0.0
753,1.0,0.05,0.00012986567730379083,0.0,0.006139751996212199,0.07865390163492524,0.0
754,1.0,0.05,0.00012986567730379083,0.0,0.006139751996212199,0.07865390163492524,0.0
755,1.0,0.05,0.00012986567730379083,0.0,0.006139751996212199,0.07865390163492524,0.0
756,1.0,0.05,0.00012986567730379083,0.0,0.006139751996212199,0.07865390163492524,0.0
757,1.0,0.05,0.00012986567730379083,0.0,0.007014928061105242,0.07865390163492524,0.0
758,1.0,0.05,0.00012986567730379083,0.0,0.007213705777487726,0.09365313487519822,0.0
759,1.0,0.05,0.00012986567730379083,0.0,0.006467302110396171,0.11309904649942347,0.0
760,1.0,0.05,0.00012986567730379083,0.0,0.006467302110396171,0.11309904649942347,0.0
761,1.0,0.05,0.00012986567730379083,0.0,0.006467302110396171,0.1317343083749632,0.0
762,1.0,0.05,0.00012986567730379083,0.0,0.006467302110396171,0.1317343083749632,0.0
763,1.0,0.05,0.00012986567730379083,0.0,0.006467302110396171,0.1317343083749632,0.0
764,1.0,0.05,0.00012986567730379083,0.0,0.006467302110396171,0.1317343083749632,0.0
765,1.0,0.05,0.00012986567730379083,0.0,0.006467302110396171,0.1317343083749632,0.0
766,1.0,0.05,0.00012986567730379083,0.0,0.006467302110396171,0.0982371420844761,0.0
767,1.0,0.05,0.00012986567730379083,0.0,0.006467302110396171,0.0982371420844761,0.0
768,1.0,0.05,0.00012986567730379083,0.0,0.006103911953555117,0.0982371420844761,0.0
769,1.0,0.05,0.00012986567730379083,0.0,0.00541688035129109,0.06423709354243436,0.0
770,1.0,0.05,0.0001399119177312787,0.0,0.00541688035129109,0.06423709354243436,0.0
771,1.0,0.05,0.0001399119177312787,0.0,0.00541688035129109,0.06423709354243436,0.0
772,1.0,0.05,0.0001399119177312787,0.0,0.00541688035129109,0.06423709354243436,0.0
773,1.0,0.05,0.00013253514467102096,0.0,0.005624188764233821,0.0335352155825783,0.0
774,1.0,0.05,0.00013253514467102096,0.0,0.005624188764233821,0.0335352155825783,0.0
775,1.0,0.05,0.00013253514467102096,0.0,0.005624188764233821,0.03945062639929675,0.0
776,1.0,0.05,0.00013253514467102096,0.0,0.005624188764233821,0.03945062639929675,0.0
777,1.0,0.05,0.00013253514467102096,0.0,0.005624188764233821,0.03945062639929675,0.0
778,1.0,0.05,0.00013253514467102096,0.0,0.005624188764233821,0.09593399978971269,0.0
779,1.0,0.05,0.00013253514467102096,0.0,0.006409521430440928,0.09044386832187679,0.0
780,1.0,0.05,0.00013253514467102096,0.0,0.006260662245326295,0.0200964955031851,0.0
781,1.0,0.05,0.00013256732591659975,0.0,0.006260662245326295,0.0200964955031851,0.0
782,1.0,0.05,0.00013256732591659975,0.0,0.006260662245326295,0.048661322369500284,0.0
783,1.0,0.05,0.00014076354646936213,0.0,0.006260662245326295,0.048661322369500284,0.0
784,1.0,0.05,0.00014076354646936213,0.0,0.006260662245326295,0.048661322369500284,0.0
785,1.0,0.05,0.00014076354646936213,0.0,0.006260662245326295,0.048661322369500284,0.0
786,1.0,0.05,0.00013841705995163556,0.0,0.006260662245326295,0.09933871335034197,0.0
787,1.0,0.05,0.00013841705995163556,0.0,0.006260662245326295,0.09933871335034197,0.0
788,1.0,0.05,0.00013841705995163556,0.0,0.006260662245326295,0.07877809103460891,0.0
789,1.0,0.05,0.00013841705995163556,0.0,0.006260662245326295,0.12819776269049749,0.0
790,1.0,0.05,0.00013841705995163556,0.0,0.006260662245326295,0.12819776269049749,0.0
791,1.0,0.05,0.00013841705995163556,0.0,0.006260662245326295,0.12819776269049749,0.0
792,1.0,0.05,0.00013841705995163556,0.0,0.006260662245326295,0.12819776269049749,0.0
793,1.0,0.05,0.00013841705995163556,0.0,0.006260662245326295,0.12819776269049749,0.0
794,1.0,0.05,0.00013841705995163556,0.0,0.006260662245326295,0.12819776269049749,0.0
795,1.0,0.05,0.00013841705995163556,0.0,0.006260662245326295,0.029158587828664137,0.0
796,1.0,0.05,0.00013841705995163556,0.0,0.005747135314870688,0.02571214456349233,0.0
797,1.0,0.05,0.0001415495162481068,0.0,0.005747135314870688,0.02571214456349233,0.0
798,1.0,0.05,0.0001415495162481068,0.0,0.005747135314870688,0.08843555838008334,0.0
799,1.0,0.05,0.0001415495162481068,0.0,0.00535634182784123,0.03465089012520106,0.0
800,1.0,0.05,0.0001415495162481068,0.0,0.00535634182784123,0.025097233795288935,0.0
801,1.0,0.05,0.0001415495162481068,0.0,0.00535634182784123,0.07263075075635175,0.0
802,1.0,0.05,0.0001415495162481068,0.0,0.00535634182784123,0.07263075075635175,0.0
803,1.0,0.05,0.0001415495162481068,0.0,0.00535634182784123,0.07263075075635175,0.0
804,1.0,0.05,0.0001415495162481068,0.0,0.0052826342565992545,0.08230353503459359,0.0
805,1.0,0.05,0.0001415495162481068,0.0,0.0052826342565992545,0.08230353503459359,0.0
806,1.0,0.05,0.00012340665043090546,0.0,0.006632476427671802,0.04715635088778103,0.0
807,1.0,0.05,0.00012340665043090546,0.0,0.006632476427671802,0.04715635088778103,0.0
808,1.0,0.05,0.00012340665043090546,0.0,0.006836006616175259,0.07483874305012629,0.0
809,1.0,0.05,0.00012340665043090546,0.0,0.006836006616175259,0.07483874305012629,0.0
810,1.0,0.05,0.00012340665043090546,0.0,0.006836006616175259,0.07483874305012629,0.0
811,1.0,0.05,0.00013987132947815487,0.0,0.006836006616175259,0.07483874305012629,0.0
812,1.0,0.05,0.00013987132947815487,0.0,0.006836006616175259,0.07483874305012629,0.0
813,1.0,0.05,0.00013987132947815487,0.0,0.006836006616175259,0.07483874305012629,0.0
814,1.0,0.05,0.00013987132947815487,0.0,0.006836006616175259,0.07483874305012629,0.0
815,1.0,0.05,0.00013987132947815487,0.0,0.006836006616175259,0.07483874305012629,0.0
816,1.0,0.05,0.000140861042757,0.0,0.006569162477045674,0.040536300843399126,0.0
817,1.0,0.05,0.000140861042757,0.0,0.006569162477045674,0.026733066299257244,0.0
818,1.0,0.05,0.000140861042757,0.0,0.006569162477045674,0.019777761389959053,0.0
819,1.0,0.05,0.000140861042757,0.0,0.006569162477045674,0.019777761389959053,0.0
820,1.0,0.05,0.000140861042757,0.0,0.006569162477045674,0.012577642564486293,0.0
821,1.0,0.05,0.000140861042757,0.0,0.006305462050665296,0.012577642564486293,0.0
822,1.0,0.05,0.000140861042757,0.0,0.006305462050665296,0.01956161407889071,0.0
823,1.0,0.05,0.000140861042757,0.0,0.006305462050665296,0.036875662201759925,0.0
824,1.0,0.05,0.000140861042757,0.0,0.006309498945120303,0.036875662201759925,0.0
825,1.0,0.05,0.000140861042757,0.0,0.006309498945120303,0.04233714669218915,0.0
826,1.0,0.05,0.000140861042757,0.0,0.006309498945120303,0.04233714669218915,0.0
827,1.0,0.05,0.000140861042757,0.0,0.006309498945120303,0.04233714669218915,0.0
828,1.0,0.05,0.000140861042757,0.0,0.006309498945120303,0.04233714669218915,0.0
829,1.0,0.05,0.000140861042757,0.0,0.006309498945120303,0.04233714669218915,0.0
830,1.0,0.05,0.00013110106023819567,0.0,0.005829597425181042,0.04233714669218915,0.0
831,1.0,0.05,0.00013110106023819567,0.0,0.005829597425181042,0.06411249494755508,0.0
832,1.0,0.05,0.00013110106023819567,0.0,0.005829597425181042,0.03887470691219631,0.0
833,1.0,0.05,0.0001352391275114569,0.0,0.005829597425181042,0.03887470691219631,0.0
834,1.0,0.05,0.0001352391275114569,0.0,0.00585416463883508,0.028020278622414137,0.0
835,1.0,0.05,0.0001352391275114569,0.0,0.00585416463883508,0.028020278622414137,0.0
836,1.0,0.05,0.0001352391275114569,0.0,0.00585416463883508,0.07762361509770259,0.0
837,1.0,0.05,0.0001352391275114569,0.0,0.005856377831382574,0.07762361509770259,0.0
838,1.0,0.05,0.0001352391275114569,0.0,0.005856377831382574,0.07762361509770259,0.0
839,1.0,0.05,0.0001352391275114569,0.0,0.005856377831382574,0.07762361509770259,0.0
840,1.0,0.05,0.0001352391275114569,0.0,0.006546104546361432,0.07762361509770259,0.0
841,1.0,0.05,0.0001352391275114569,0.0,0.006546104546361432,0.07762361509770259,0.0
842,1.0,0.05,0.0001352391275114569,0.0,0.006546104546361432,0.13264476949351084,0.0
843,1.0,0.05,0.00013892156629004583,0.0,0.006546104546361432,0.10509181108118976,0.0
844,1.0,0.05,0.00013892156629004583,0.0,0.006439101318556895,0.04849646568482261,0.0
845,1.0,0.05,0.00014115049475430503,0.0,0.006439101318556895,0.06803630285311732,0.0
846,1.0,0.05,0.00014115049475430503,0.0,0.006439101318556895,0.06803630285311732,0.0
847,1.0,0.05,0.00014115049475430503,0.0,0.006439101318556895,0.06803630285311732,0.0
848,1.0,0.05,0.00014115049475430503,0.0,0.006439101318556895,0.01706734932538795,0.0
849,1.0,0.05,0.00014115049475430503,0.0,0.006439101318556895,0.03906891377074631,0.0
850,1.0,0.05,0.00014115049475430503,0.0,0.006439101318556895,0.03552668451355786,0.0
851,1.0,0.05,0.00014115049475430503,0.0,0.006439101318556895,0.04581457319182125,0.0
852,1.0,0.05,0.0001285761996475093,0.0,0.0061962929729573275,0.04581457319182125,0.0
853,1.0,0.05,0.00013010988851710708,0.0,0.0061962929729573275,0.06066507655387916,0.0
854,1.0,0.05,0.00013010988851710708,0.0,0.0061962929729573275,0.06066507655387916,0.0
855,1.0,0.05,0.00013010988851710708,0.0,0.0061962929729573275,0.08038476320185392,0.0
856,1.0,0.05,0.00013010988851710708,0.0,0.0061962929729573275,0.05601629868535228,0.0
857,1.0,0.05,0.00013010988851710708,0.0,0.0061962929729573275,0.09931881358841249,0.0
858,1.0,0.05,0.00013010988851710708,0.0,0.0061962929729573275,0.06819781046252012,0.0
859,1.0,0.05,0.00013010988851710708,0.0,0.006558015335357906,0.028388150727271248,0.0
860,1.0,0.05,0.00013010988851710708,0.0,0.006558015335357906,0.036066291236681286,0.0
861,1.0,0.05,0.00013010988851710708,0.0,0.006781117152619408,0.036066291236681286,0.0
862,1.0,0.05,0.00013010988851710708,0.0,0.006781117152619408,0.036066291236681286,0.0
863,1.0,0.05,0.00013064173489823035,0.0,0.006986620241540911,0.036066291236681286,0.0
864,1.0,0.05,0.00013064173489823035,0.0,0.006986620241540911,0.036066291236681286,0.0
865,1.0,0.05,0.00012239700128223381,0.0,0.006986620241540911,0.1207140025620824,0.0
866,1.0,0.05,0.00013099155125118994,0.0,0.006986620241540911,0.08511687438514505,0.0
867,1.0,0.05,0.00013099155125118994,0.0,0.006986620241540911,0.0681514746133727,0.0
868,1.0,0.05,0.00013099155125118994,0.0,0.006986620241540911,0.0681514746133727,0.0
869,1.0,0.05,0.00013099155125118994,0.0,0.006986620241540911,0.015182112040747726,0.0
870,1.0,0.05,0.00013099155125118994,0.0,0.006986620241540911,0.012802040387099586,0.0
871,1.0,0.05,0.00013099155125118994,0.0,0.006986620241540911,0.012802040387099586,0.0
872,1.0,0.05,0.00013099155125118994,0.0,0.006986620241540911,0.022710620530780518,0.0
873,1.0,0.05,0.00013099155125118994,0.0,0.006986620241540911,0.022710620530780518,0.0
874,1.0,0.05,0.00013099155125118994,0.0,0.006986620241540911,0.01927862608827359,0.0
875,1.0,0.05,0.00013099155125118994,0.0,0.006986620241540911,0.01927862608827359,0.0
876,1.0,0.05,0.00013099155125118994,0.0,0.0066424801046496805,0.01945692779557158,0.0
877,1.0,0.05,0.00013099155125118994,0.0,0.0066424801046496805,0.003123347266895914,0.0
878,1.0,0.05,0.00013099155125118994,0.0,0.0066424801046496805,0.004194743207733924,0.0
879,1.0,0.05,0.00013099155125118994,0.0,0.0066424801046496805,0.004194743207733924,0.0
880,1.0,0.05,0.00013099155125118994,0.0,0.0066424801046496805,0.0039977266973941225,0.0
881,1.0,0.05,0.00013099155125118994,0.0,0.005927492612448637,0.004320596597379831,0.0
882,1.0,0.05,0.00013099155125118994,0.0,0.005927492612448637,0.0033471930493782784,0.0
883,1.0,0.05,0.00013099155125118994,0.0,0.005927492612448637,0.002088062553082755,0.0
884,1.0,0.05,0.00013099155125118994,0.0,0.005927492612448637,0.005298196817391273,0.0
885,1.0,0.05,0.00013099155125118994,0.0,0.005927492612448637,0.005298196817391273,0.0
886,1.0,0.05,0.00013099155125118994,0.0,0.005927492612448637,0.005298196817391273,0.0
887,1.0,0.05,0.00013099155125118994,0.0,0.005927492612448637,0.008567984981277362,0.0
888,1.0,0.05,0.00013099155125118994,0.0,0.005927492612448637,0.019093169782883564,0.0
889,1.0,0.05,0.00013099155125118994,0.0,0.005927492612448637,0.02424322896752776,0.0
890,1.0,0.05,0.00013099155125118994,0.0,0.005927492612448637,0.025155824871050652,0.0
891,1.0,0.05,0.00013099155125118994,0.0,0.005927492612448637,0.061591533913438315,0.0
892,1.0,0.05,0.00013099155125118994,0.0,0.005927492612448637,0.061591533913438315,0.0
893,1.0,0.05,0.00014044922745163935,0.0,0.005927492612448637,0.04551900453554913,0.0
894,1.0,0.05,0.00014044922745163935,0.0,0.005927492612448637,0.07624107217850161,0.0
895,1.0,0.05,0.00014044922745163935,0.0,0.005927492612448637,0.08249932190012921,0.0
896,1.0,0.05,0.00014044922745163935,0.0,0.005927492612448637,0.08249932190012921,0.0
897,1.0,0.05,0.00014316219089953317,0.0,0.005927492612448637,0.08249932190012921,0.0
898,1.0,0.05,0.00014316219089953317,0.0,0.005927492612448637,0.11341508164607242,0.0
899,1.0,0.05,0.00014316219089953317,0.0,0.005927492612448637,0.07423755598568209,0.0
900,1.0,0.05,0.00014316219089953317,0.0,0.006117984214479546,0.07423755598568209,0.0
901,1.0,0.05,0.00014316219089953317,0.0,0.006117984214479546,0.07423755598568209,0.0
902,1.0,0.05,0.00014316219089953317,0.0,0.005962074849025709,0.05863391372012806,0.0
903,1.0,0.05,0.00014316219089953317,0.0,0.005962074849025709,0.05863391372012806,0.0
904,1.0,0.05,0.00014316219089953317,0.0,0.005954554629460702,0.05863391372012806,0.0
905,1.0,0.05,0.00014316219089953317,0.0,0.005954554629460702,0.07277711535714815,0.0
906,1.0,0.05,0.00014316219089953317,0.0,0.005954554629460702,0.07277711535714815,0.0
907,1.0,0.05,0.00012768434739360938,0.0,0.005781338626819368,0.07277711535714815,0.0
908,1.0,0.05,0.00012768434739360938,0.0,0.005781338626819368,0.07277711535714815,0.0
909,1.0,0.05,0.00012768434739360938,0.0,0.005725728048497883,0.062044891800524,0.0
910,1.0,0.05,0.00012768434739360938,0.0,0.005725728048497883,0.10558717911084008,0.0
911,1.0,0.05,0.00012768434739360938,0.0,0.005725728048497883,0.10558717911084008,0.0
912,1.0,0.05,0.000127779684025524,0.0,0.007238952422146222,0.034004455162871275,0.0
913,1.0,0.05,0.000127779684025524,0.0,0.007238952422146222,0.034004455162871275,0.0
914,1.0,0.05,0.000127779684025524,0.0,0.007238952422146222,0.05707188941757846,0.0
915,1.0,0.05,0.000127779684025524,0.0,0.006245420772817777,0.08564693193119474,0.0
916,1.0,0.05,0.000127779684025524,0.0,0.006842944133113124,0.06574097860716581,0.0
917,1.0,0.05,0.000127779684025524,0.0,0.005576783493046576,0.0743677609728299,0.0
918,1.0,0.05,0.000127779684025524,0.0,0.005576783493046576,0.012609772564028326,0.0
919,1.0,0.05,0.000127779684025524,0.0,0.005576783493046576,0.012609772564028326,0.0
920,1.0,0.05,0.000127779684025524,0.0,0.005576783493046576,0.043670536450738345,0.0
921,1.0,0.05,0.000127779684025524,0.0,0.005576783493046576,0.043670536450738345,0.0
922,1.0,0.05,0.000127779684025524,0.0,0.005576783493046576,0.043670536450738345,0.0
923,1.0,0.05,0.000127779684025524,0.0,0.005576783493046576,0.06430490706770173,0.0
924,1.0,0.05,0.00012664502698895045,0.0,0.005576783493046576,0.06430490706770173,0.0
925,1.0,0.05,0.00012664502698895045,0.0,0.005576783493046576,0.042985081801707396,0.0
926,1.0,0.05,0.00012664502698895045,0.0,0.0066836673251589864,0.0364921716218075,0.0
927,1.0,0.05,0.00012664502698895045,0.0,0.00721268746010652,0.0364921716218075,0.0
928,1.0,0.05,0.00012664502698895045,0.0,0.00721268746010652,0.0364921716218075,0.0
929,1.0,0.05,0.00012664502698895045,0.0,0.00721268746010652,0.07162381498598687,0.0
930,1.0,0.05,0.00012664502698895045,0.0,0.00721268746010652,0.07162381498598687,0.0
931,1.0,0.05,0.00012664502698895045,0.0,0.00721268746010652,0.07162381498598687,0.0
932,1.0,0.05,0.00012664502698895045,0.0,0.00721268746010652,0.07162381498598687,0.0
933,1.0,0.05,0.00012664502698895045,0.0,0.00721268746010652,0.07697380003946819,0.0
934,1.0,0.05,0.00012664502698895045,0.0,0.00721268746010652,0.07697380003946819,0.0
935,1.0,0.05,0.00012664502698895045,0.0,0.00721268746010652,0.07697380003946819,0.0
936,1.0,0.05,0.00012664502698895045,0.0,0.00721268746010652,0.10799659625367972,0.0
937,1.0,0.05,0.00012664502698895045,0.0,0.00721268746010652,0.12143300782647029,0.0
938,1.0,0.05,0.00012664502698895045,0.0,0.00721268746010652,0.12143300782647029,0.0
939,1.0,0.05,0.00012664502698895045,0.0,0.00721268746010652,0.07793231648502466,0.0
940,1.0,0.05,0.00012664502698895045,0.0,0.00721268746010652,0.07793231648502466,0.0
941,1.0,0.05,0.00012664502698895045,0.0,0.00721268746010652,0.06824563686192951,0.0
942,1.0,0.05,0.00012664502698895045,0.0,0.00721268746010652,0.04396835738233995,0.0
943,1.0,0.05,0.00012664502698895045,0.0,0.00721268746010652,0.04396835738233995,0.0
944,1.0,0.05,0.00011909492332546775,0.0,0.00721268746010652,0.06305209115054844,0.0
945,1.0,0.05,0.00013537312961720246,0.0,0.006493220374506302,0.0762608537742574,0.0
946,1.0,0.05,0.00013537312961720246,0.0,0.006493220374506302,0.0762608537742574,0.0
947,1.0,0.05,0.00013537312961720246,0.0,0.006493220374506302,0.0762608537742574,0.0
948,1.0,0.05,0.00013537312961720246,0.0,0.006493220374506302,0.0762608537742574,0.0
949,1.0,0.05,0.00013537312961720246,0.0,0.006493220374506302,0.0762608537742574,0.0
950,1.0,0.05,0.00013537312961720246,0.0,0.006493220374506302,0.08916487477414675,0.0
951,1.0,0.05,0.00013537312961720246,0.0,0.006493220374506302,0.08916487477414675,0.0
952,1.0,0.05,0.00013537312961720246,0.0,0.0055347757515094445,0.08916487477414675,0.0
953,1.0,0.05,0.00013537312961720246,0.0,0.0055347757515094445,0.04219157914961258,0.0
954,1.0,0.05,0.00013537312961720246,0.0,0.005842490593657318,0.08184286786749917,0.0
955,1.0,0.05,0.00013537312961720246,0.0,0.005661012451259632,0.047505997284286804,0.0
956,1.0,0.05,0.00013537312961720246,0.0,0.006029160067275767,0.06773249733800202,0.0
957,1.0,0.05,0.00013537312961720246,0.0,0.006029160067275767,0.03712499111702229,0.0
958,1.0,0.05,0.00013537312961720246,0.0,0.006029160067275767,0.03712499111702229,0.0
959,1.0,0.05,0.00013537312961720246,0.0,0.006029160067275767,0.08799139468245296,0.0
960,1.0,0.05,0.00013537312961720246,0.0,0.006029160067275767,0.08799139468245296,0.0
961,1.0,0.05,0.00013537312961720246,0.0,0.006029160067275767,0.08799139468245296,0.0
962,1.0,0.05,0.00013537312961720246,0.0,0.006029160067275767,0.06242462038348152,0.0
963,1.0,0.05,0.00013537312961720246,0.0,0.006029160067275767,0.0938609827385033,0.0
964,1.0,0.05,0.00013537312961720246,0.0,0.006029160067275767,0.03943579164140988,0.0
965,1.0,0.05,0.00013537312961720246,0.0,0.006029160067275767,0.03777302466358391,0.0
966,1.0,0.05,0.00013537312961720246,0.0,0.006129551589061139,0.02910306692134282,0.0
967,1.0,0.05,0.00013537312961720246,0.0,0.006129551589061139,0.020592648361885985,0.0
968,1.0,0.05,0.00013537312961720246,0.0,0.006129551589061139,0.022640721154663267,0.0
969,1.0,0.05,0.00013537312961720246,0.0,0.006129551589061139,0.09058844489049674,0.0
970,1.0,0.05,0.00013537312961720246,0.0,0.006129551589061139,0.08309743655289153,0.0
971,1.0,0.05,0.00013537312961720246,0.0,0.006129551589061139,0.08309743655289153,0.0
972,1.0,0.05,0.00013537312961720246,0.0,0.006129551589061139,0.08309743655289153,0.0
973,1.0,0.05,0.00012350975871550684,0.0,0.006485010226906657,0.08309743655289153,0.0
974,1.0,0.05,0.00012350975871550684,0.0,0.006485010226906657,0.08309743655289153,0.0
975,1.0,0.05,0.00012350975871550684,0.0,0.006485010226906657,0.08309743655289153,0.0
976,1.0,0.05,0.00012350975871550684,0.0,0.006485010226906657,0.09349666952644707,0.0
977,1.0,0.05,0.00012350975871550684,0.0,0.006093662635683665,0.0640131493822994,0.0
978,1.0,0.05,0.00012350975871550684,0.0,0.006093662635683665,0.03597375917864918,0.0
979,1.0,0.05,0.00012350975871550684,0.0,0.006522770122947834,0.03597375917864918,0.0
980,1.0,0.05,0.0001299325283227265,0.0,0.006522770122947834,0.09962513372276371,0.0
981,1.0,0.05,0.0001299325283227265,0.0,0.006522770122947834,0.09962513372276371,0.0
982,1.0,0.05,0.0001299325283227265,0.0,0.006522770122947834,0.09962513372276371,0.0
983,1.0,0.05,0.0001299325283227265,0.0,0.006522770122947834,0.09962513372276371,0.0
984,1.0,0.05,0.0001299325283227265,0.0,0.006522770122947834,0.09962513372276371,0.0
985,1.0,0.05,0.0001299325283227265,0.0,0.006522770122947834,0.05288366965122107,0.0
986,1.0,0.05,0.0001299325283227265,0.0,0.006522770122947834,0.06073073271455217,0.0
987,1.0,0.05,0.0001299325283227265,0.0,0.006522770122947834,0.06073073271455217,0.0
988,1.0,0.05,0.00014226168033829118,0.0,0.006522770122947834,0.06073073271455217,0.0
989,1.0,0.05,0.00014226168033829118,0.0,0.006522770122947834,0.06073073271455217,0.0
990,1.0,0.05,0.00014226168033829118,0.0,0.006522770122947834,0.049758481143447504,0.0
991,1.0,0.05,0.00014226168033829118,0.0,0.006522770122947834,0.049758481143447504,0.0
992,1.0,0.05,0.00014226168033829118,0.0,0.006522770122947834,0.04498102771940296,0.0
993,1.0,0.05,0.00013390509962684193,0.0,0.006522770122947834,0.04498102771940296,0.0
994,1.0,0.05,0.00013390509962684193,0.0,0.005993432937650472,0.016595491541688642,0.0
995,1.0,0.05,0.00013390509962684193,0.0,0.005993432937650472,0.044048544112531764,0.0
996,1.0,0.05,0.00013390509962684193,0.0,0.00613169575054395,0.044048544112531764,0.0
997,1.0,0.05,0.00013390509962684193,0.0,0.00613169575054395,0.044519641482378546,0.0
998,1.0,0.05,0.00013390509962684193,0.0,0.005806396910143581,0.044519641482378546,0.0
999,1.0,0.05,0.0001308621272773101,0.0,0.005806396910143581,0.044519641482378546,0.0
1000,1.0,0.05,0.0001308621272773101,0.0,0.006186815812927283,0.044519641482378546,0.0
1001,1.0,0.05,0.0001308621272773101,0.0,0.006186815812927283,0.0759885911618615,0.0
1002,1.0,0.05,0.00013035781057200036,0.0,0.006186815812927283,0.0759885911618615,0.0
1003,1.0,0.05,0.00013035781057200036,0.0,0.005397631975400442,0.0759885911618615,0.0
1004,1.0,0.05,0.00013035781057200036,0.0,0.007008284830994888,0.0759885911618615,0.0
1005,1.0,0.05,0.00013035781057200036,0.0,0.007008284830994888,0.0759885911618615,0.0
1006,1.0,0.05,0.00013035781057200036,0.0,0.007008284830994888,0.0759885911618615,0.0
1007,1.0,0.05,0.0001333469684003421,0.0,0.007008284830994888,0.0759885911618615,0.0
1008,1.0,0.05,0.0001333469684003421,0.0,0.007008284830994888,0.0759885911618615,0.0
1009,1.0,0.05,0.0001333469684003421,0.0,0.007008284830994888,0.0759885911618615,0.0
1010,1.0,0.05,0.0001333469684003421,0.0,0.007008284830994888,0.0759885911618615,0.0
1011,1.0,0.05,0.00014025467362483576,0.0,0.007008284830994888,0.10269776141521159,0.0
1012,1.0,0.05,0.00014025467362483576,0.0,0.005972772808831237,0.10269776141521159,0.0
1013,1.0,0.05,0.00014025467362483576,0.0,0.005972772808831237,0.10269776141521159,0.0
1014,1.0,0.05,0.00014025467362483576,0.0,0.005972772808831237,0.0776208157155949,0.0
1015,1.0,0.05,0.00014025467362483576,0.0,0.005972772808831237,0.0776208157155949,0.0
1016,1.0,0.05,0.00014025467362483576,0.0,0.005972772808831237,0.060768609460754776,0.0
1017,1.0,0.05,0.00014025467362483576,0.0,0.005972772808831237,0.060768609460754776,0.0
1018,1.0,0.05,0.00014025467362483576,0.0,0.005972772808831237,0.04455858349648247,0.0
1019,1.0,0.05,0.00014025467362483576,0.0,0.005972772808831237,0.04455858349648247,0.0
1020,1.0,0.05,0.00014025467362483576,0.0,0.005972772808831237,0.06934193337548743,0.0
1021,1.0,0.05,0.00014025467362483576,0.0,0.005972772808831237,0.06934193337548743,0.0
1022,1.0,0.05,0.00014025467362483576,0.0,0.005972772808831237,0.07956675164782075,0.0
1023,1.0,0.05,0.00014025467362483576,0.0,0.005972772808831237,0.07956675164782075,0.0
1024,1.0,0.05,0.00014025467362483576,0.0,0.005972772808831237,0.08951451636687,0.0
1025,1.0,0.05,0.00014025467362483576,0.0,0.005972772808831237,0.08951451636687,0.0
1026,1.0,0.05,0.00014025467362483576,0.0,0.005972772808831237,0.03461587631673111,0.0
1027,1.0,0.05,0.00014025467362483576,0.0,0.005972772808831237,0.09107348696329844,0.0
1028,1.0,0.05,0.0001298610360051753,0.0,0.005972772808831237,0.06546260594206223,0.0
1029,1.0,0.05,0.0001298610360051753,0.0,0.005972772808831237,0.06546260594206223,0.0
1030,1.0,0.05,0.0001298610360051753,0.0,0.006743872909164112,0.06245060581568647,0.0
1031,1.0,0.05,0.0001298610360051753,0.0,0.006743872909164112,0.06245060581568647,0.0
1032,1.0,0.05,0.0001298610360051753,0.0,0.006743872909164112,0.06245060581568647,0.0
1033,1.0,0.05,0.0001298610360051753,0.0,0.006743872909164112,0.1235802277888094,0.0
1034,1.0,0.05,0.0001298610360051753,0.0,0.006743872909164112,0.08735558549071883,0.0
1035,1.0,0.05,0.0001298610360051753,0.0,0.006743872909164112,0.08735558549071883,0.0
1036,1.0,0.05,0.00013584328323796403,0.0,0.006372071021704399,0.08735558549071883,0.0
1037,1.0,0.05,0.0001327314913667303,0.0,0.005869002176475758,0.03603855273960726,0.0
1038,1.0,0.05,0.0001327314913667303,0.0,0.005869002176475758,0.03603855273960726,0.0
1039,1.0,0.05,0.0001327314913667303,0.0,0.005869002176475758,0.03603855273960726,0.0
1040,1.0,0.05,0.0001327314913667303,0.0,0.005869002176475758,0.12091719056669309,0.0
1041,1.0,0.05,0.0001327314913667303,0.0,0.005869002176475758,0.12091719056669309,0.0
1042,1.0,0.05,0.0001327314913667303,0.0,0.005869002176475758,0.11350056304498657,0.0
1043,1.0,0.05,0.0001327314913667303,0.0,0.005869002176475758,0.11350056304498657,0.0
1044,1.0,0.05,0.0001327314913667303,0.0,0.005869002176475758,0.07047655862356454,0.0
1045,1.0,0.05,0.0001327314913667303,0.0,0.005869002176475758,0.016365427398211806,0.0
1046,1.0,0.05,0.0001327314913667303,0.0,0.005869002176475758,0.016365427398211806,0.0
1047,1.0,0.05,0.0001327314913667303,0.0,0.005869002176475758,0.1074274137515889,0.0
1048,1.0,0.05,0.0001327314913667303,0.0,0.005869002176475758,0.06438426419283229,0.0
1049,1.0,0.05,0.0001327314913667303,0.0,0.005869002176475758,0.06438426419283229,0.0
1050,1.0,0.05,0.00012666700558736896,0.0,0.005869002176475758,0.06438426419283229,0.0
1051,1.0,0.05,0.0001281360620772865,0.0,0.005869002176475758,0.06438426419283229,0.0
1052,1.0,0.05,0.0001281360620772865,0.0,0.005869002176475758,0.05303169854639001,0.0
1053,1.0,0.05,0.0001264537964490948,0.0,0.005869002176475758,0.07988717702161453,0.0
1054,1.0,0.05,0.0001264537964490948,0.0,0.0061718563939971716,0.10271940854272252,0.0
1055,1.0,0.05,0.0001264537964490948,0.0,0.007393204410458893,0.10271940854272252,0.0
1056,1.0,0.05,0.0001264537964490948,0.0,0.006921194157758727,0.10271940854272252,0.0
1057,1.0,0.05,0.0001264537964490948,0.0,0.006921194157758727,0.0872082481583984,0.0
1058,1.0,0.05,0.00013034922144201225,0.0,0.006921194157758727,0.0872082481583984,0.0
1059,1.0,0.05,0.00013034922144201225,0.0,0.006921194157758727,0.0872082481583984,0.0
1060,1.0,0.05,0.00013034922144201225,0.0,0.007154181289775864,0.0872082481583984,0.0
1061,1.0,0.05,0.00013034922144201225,0.0,0.007154181289775864,0.0872082481583984,0.0
1062,1.0,0.05,0.00013034922144201225,0.0,0.0066282947539964285,0.06873476843012828,0.0
1063,1.0,0.05,0.00013034922144201225,0.0,0.005787261486860238,0.06873476843012828,0.0
1064,1.0,0.05,0.00013034922144201225,0.0,0.005787261486860238,0.06873476843012828,0.0
1065,1.0,0.05,0.00013339020758460345,0.0,0.005787261486860238,0.06873476843012828,0.0
1066,1.0,0.05,0.00013339020758460345,0.0,0.005787261486860238,0.06873476843012828,0.0
1067,1.0,0.05,0.00013339020758460345,0.0,0.005787261486860238,0.06873476843012828,0.0
1068,1.0,0.05,0.00013339020758460345,0.0,0.005787261486860238,0.06873476843012828,0.0
1069,1.0,0.05,0.00013339020758460345,0.0,0.0058864821360305,0.06698158460297284,0.0
1070,1.0,0.05,0.00013339020758460345,0.0,0.0058864821360305,0.06698158460297284,0.0
1071,1.0,0.05,0.00013339020758460345,0.0,0.0058864821360305,0.03397532382889142,0.0
1072,1.0,0.05,0.00013339020758460345,0.0,0.0058864821360305,0.09810492917227884,0.0
1073,1.0,0.05,0.00013339020758460345,0.0,0.0058864821360305,0.05855424544372259,0.0
1074,1.0,0.05,0.00013339020758460345,0.0,0.0058864821360305,0.10738689948306629,0.0
1075,1.0,0.05,0.00014060589265677687,0.0,0.005711047404425395,0.03201999065021553,0.0
1076,1.0,0.05,0.00013778227128030478,0.0,0.005711047404425395,0.03201999065021553,0.0
1077,1.0,0.05,0.0001279354947904784,0.0,0.005711047404425395,0.0481682620858022,0.0
1078,1.0,0.05,0.0001279354947904784,0.0,0.005711047404425395,0.12204821712069985,0.0
1079,1.0,0.05,0.0001279354947904784,0.0,0.005711047404425395,0.12204821712069985,0.0
1080,1.0,0.05,0.0001279354947904784,0.0,0.005711047404425395,0.046370582767410226,0.0
1081,1.0,0.05,0.0001279354947904784,0.0,0.005711047404425395,0.041474240859993884,0.0
1082,1.0,0.05,0.0001279354947904784,0.0,0.005711047404425395,0.041474240859993884,0.0
1083,1.0,0.05,0.0001279354947904784,0.0,0.005711047404425395,0.041474240859993884,0.0
1084,1.0,0.05,0.0001279354947904784,0.0,0.00570345546100881,0.10174094125289526,0.0
1085,1.0,0.05,0.0001279354947904784,0.0,0.00570345546100881,0.10174094125289526,0.0
1086,1.0,0.05,0.00012350840417401892,0.0,0.00570345546100881,0.10174094125289526,0.0
1087,1.0,0.05,0.00012350840417401892,0.0,0.00570345546100881,0.09927700316292247,0.0
1088,1.0,0.05,0.00012350840417401892,0.0,0.0067122951964293034,0.07458309457244847,0.0
1089,1.0,0.05,0.00013644866513262265,0.0,0.0067122951964293034,0.07458309457244847,0.0
1090,1.0,0.05,0.00013644866513262265,0.0,0.0067122951964293034,0.07458309457244847,0.0
1091,1.0,0.05,0.00013644866513262265,0.0,0.0067122951964293034,0.09349186096682252,0.0
1092,1.0,0.05,0.00013644866513262265,0.0,0.0067122951964293034,0.09349186096682252,0.0
1093,1.0,0.05,0.00012633064374565337,0.0,0.0067122951964293034,0.09349186096682252,0.0
1094,1.0,0.05,0.00012633064374565337,0.0,0.007045501393468671,0.08958195228156304,0.0
1095,1.0,0.05,0.00012633064374565337,0.0,0.007045501393468671,0.06779260266517273,0.0
1096,1.0,0.05,0.00012633064374565337,0.0,0.007045501393468671,0.06905052249559296,0.0
1097,1.0,0.05,0.00012633064374565337,0.0,0.007045501393468671,0.06905052249559296,0.0
1098,1.0,0.05,0.00012633064374565337,0.0,0.007045501393468671,0.06644621458418783,0.0
1099,1.0,0.05,0.00012633064374565337,0.0,0.0067038504950729496,0.12798769499795698,0.0
1100,1.0,0.05,0.00012633064374565337,0.0,0.0067038504950729496,0.12798769499795698,0.0
1101,1.0,0.05,0.00012633064374565337,0.0,0.0067038504950729496,0.12798769499795698,0.0
1102,1.0,0.05,0.00012633064374565337,0.0,0.0067038504950729496,0.12798769499795698,0.0
1103,1.0,0.05,0.00012633064374565337,0.0,0.005715119846816172,0.05957268174746533,0.0
1104,1.0,0.05,0.00012633064374565337,0.0,0.0062207938739826454,0.05957268174746533,0.0
1105,1.0,0.05,0.00012633064374565337,0.0,0.0062207938739826454,0.10294598276213968,0.0
1106,1.0,0.05,0.00013185756870826931,0.0,0.0062207938739826454,0.10294598276213968,0.0
1107,1.0,0.05,0.00013185756870826931,0.0,0.0062207938739826454,0.10294598276213968,0.0
1108,1.0,0.05,0.00013185756870826931,0.0,0.0062207938739826454,0.03794174371262782,0.0
1109,1.0,0.05,0.00013185756870826931,0.0,0.0062207938739826454,0.0442950566597937,0.0
1110,1.0,0.05,0.00013185756870826931,0.0,0.0062207938739826454,0.09081142915797501,0.0
1111,1.0,0.05,0.00013185756870826931,0.0,0.0062207938739826454,0.09081142915797501,0.0
1112,1.0,0.05,0.00013185756870826931,0.0,0.0062207938739826454,0.0917635694008681,0.0
1113,1.0,0.05,0.00013185756870826931,0.0,0.0062207938739826454,0.0917635694008681,0.0
1114,1.0,0.05,0.00013185756870826931,0.0,0.0062207938739826454,0.0917635694008681,0.0
1115,1.0,0.05,0.00013185756870826931,0.0,0.0062207938739826454,0.0917635694008681,0.0
1116,1.0,0.05,0.00013185756870826931,0.0,0.0062207938739826454,0.048822912040093404,0.0
1117,1.0,0.05,0.00014184373432294658,0.0,0.0062207938739826454,0.03156081458403675,0.0
1118,1.0,0.05,0.00014184373432294658,0.0,0.005511435159941164,0.056283547491420206,0.0
1119,1.0,0.05,0.00014184373432294658,0.0,0.005511435159941164,0.03475853538808631,0.0
1120,1.0,0.05,0.00014184373432294658,0.0,0.005511435159941164,0.03475853538808631,0.0
1121,1.0,0.05,0.00014184373432294658,0.0,0.0055908748898255865,0.0734808890576639,0.0
1122,1.0,0.05,0.00014184373432294658,0.0,0.0055908748898255865,0.0552437327903612,0.0
1123,1.0,0.05,0.00014184373432294658,0.0,0.005754804047277626,0.0552437327903612,0.0
1124,1.0,0.05,0.00014184373432294658,0.0,0.005754804047277626,0.0552437327903612,0.0
1125,1.0,0.05,0.00014184373432294658,0.0,0.005754804047277626,0.036468996258772174,0.0
1126,1.0,0.05,0.00014184373432294658,0.0,0.006225195254557826,0.036468996258772174,0.0
1127,1.0,0.05,0.00014184373432294658,0.0,0.006152623753172611,0.01702615540121136,0.0
1128,1.0,0.05,0.00014184373432294658,0.0,0.006152623753172611,0.02685207669114603,0.0
1129,1.0,0.05,0.00014184373432294658,0.0,0.006152623753172611,0.02685207669114603,0.0
1130,1.0,0.05,0.00014184373432294658,0.0,0.006152623753172611,0.02685207669114603,0.0
1131,1.0,0.05,0.00014184373432294658,0.0,0.006152623753172611,0.022401764347352655,0.0
1132,1.0,0.05,0.00014184373432294658,0.0,0.006152623753172611,0.030623621170069604,0.0
1133,1.0,0.05,0.00014184373432294658,0.0,0.006152623753172611,0.08889730130581894,0.0
1134,1.0,0.05,0.00014056751461029358,0.0,0.006317475265473573,0.05004863531981629,0.0
1135,1.0,0.05,0.00014056751461029358,0.0,0.006317475265473573,0.043425647616059,0.0
1136,1.0,0.05,0.00014056751461029358,0.0,0.006317475265473573,0.043425647616059,0.0
1137,1.0,0.05,0.00014056751461029358,0.0,0.006317475265473573,0.05055587598038437,0.0
1138,1.0,0.05,0.00014056751461029358,0.0,0.006317475265473573,0.08160072059989713,0.0
1139,1.0,0.05,0.00014056751461029358,0.0,0.006317475265473573,0.05102491154381422,0.0
1140,1.0,0.05,0.00014056751461029358,0.0,0.006317475265473573,0.05102491154381422,0.0
1141,1.0,0.05,0.00014056751461029358,0.0,0.006317475265473573,0.05102491154381422,0.0
1142,1.0,0.05,0.00014056751461029358,0.0,0.006012069631252119,0.06294805720105469,0.0
1143,1.0,0.05,0.00014056751461029358,0.0,0.006012069631252119,0.06294805720105469,0.0
1144,1.0,0.05,0.00014056751461029358,0.0,0.006012069631252119,0.06294805720105469,0.0
1145,1.0,0.05,0.00014056751461029358,0.0,0.006012069631252119,0.06294805720105469,0.0
1146,1.0,0.05,0.00014056751461029358,0.0,0.006012069631252119,0.02117438538969715,0.0
1147,1.0,0.05,0.00014056751461029358,0.0,0.006829010384247271,0.03957068011750032,0.0
1148,1.0,0.05,0.00014056751461029358,0.0,0.006829010384247271,0.06360064793198636,0.0
1149,1.0,0.05,0.00014056751461029358,0.0,0.006829010384247271,0.062068514057736994,0.0
1150,1.0,0.05,0.00014056751461029358,0.0,0.005916234863756665,0.052003348503996544,0.0
1151,1.0,0.05,0.00014056751461029358,0.0,0.005916234863756665,0.052003348503996544,0.0
1152,1.0,0.05,0.00013240640218896763,0.0,0.005916234863756665,0.052003348503996544,0.0
1153,1.0,0.05,0.00013240640218896763,0.0,0.005916234863756665,0.052003348503996544,0.0
1154,1.0,0.05,0.00013240640218896763,0.0,0.005681783784159172,0.0584243321300886,0.0
1155,1.0,0.05,0.00013240640218896763,0.0,0.005681783784159172,0.029661387440301116,0.0
1156,1.0,0.05,0.00013240640218896763,0.0,0.005681783784159172,0.03151691435917,0.0
1157,1.0,0.05,0.00012532195583766405,0.0,0.005681783784159172,0.10737020919066656,0.0
1158,1.0,0.05,0.00012532195583766405,0.0,0.005681783784159172,0.10737020919066656,0.0
1159,1.0,0.05,0.00012313088798761608,0.0,0.005681783784159172,0.10737020919066656,0.0
1160,1.0,0.05,0.00012313088798761608,0.0,0.005681783784159172,0.10737020919066656,0.0
1161,1.0,0.05,0.00012313088798761608,0.0,0.005681783784159172,0.10737020919066656,0.0
1162,1.0,0.05,0.00012390545862465545,0.0,0.005681783784159172,0.10737020919066656,0.0
1163,1.0,0.05,0.00012390545862465545,0.0,0.005681783784159172,0.10737020919066656,0.0
1164,1.0,0.05,0.00012390545862465545,0.0,0.006418007756536576,0.10021078427210114,0.0
1165,1.0,0.05,0.00012390545862465545,0.0,0.006418007756536576,0.0995580987823722,0.0
1166,1.0,0.05,0.00012390545862465545,0.0,0.006418007756536576,0.0995580987823722,0.0
1167,1.0,0.05,0.00012390545862465545,0.0,0.006418007756536576,0.0995580987823722,0.0
1168,1.0,0.05,0.0001379646960529251,0.0,0.008277123603704889,0.0995580987823722,0.0
1169,1.0,0.05,0.0001379646960529251,0.0,0.008277123603704889,0.0995580987823722,0.0
1170,1.0,0.05,0.0001379646960529251,0.0,0.008277123603704889,0.0931424721319468,0.0
1171,1.0,0.05,0.00012621567515018201,0.0,0.008277123603704889,0.05549384830385991,0.0
1172,1.0,0.05,0.00012621567515018201,0.0,0.008277123603704889,0.05549384830385991,0.0
1173,1.0,0.05,0.00012621567515018201,0.0,0.008277123603704889,0.05549384830385991,0.0
1174,1.0,0.05,0.00012621567515018201,0.0,0.008277123603704889,0.05549384830385991,0.0
1175,1.0,0.05,0.00012621567515018201,0.0,0.008277123603704889,0.06530613452985347,0.0
1176,1.0,0.05,0.00012621567515018201,0.0,0.007906833472942063,0.06530613452985347,0.0
1177,1.0,0.05,0.00012621567515018201,0.0,0.006191375137604627,0.06530613452985347,0.0
1178,1.0,0.05,0.00012621567515018201,0.0,0.006191375137604627,0.06530613452985347,0.0
1179,1.0,0.05,0.00012621567515018201,0.0,0.006191375137604627,0.06940399325842958,0.0
1180,1.0,0.05,0.00012621567515018201,0.0,0.006191375137604627,0.1419371998085456,0.0
1181,1.0,0.05,0.00012621567515018201,0.0,0.006009497074387256,0.07512934631092016,0.0
1182,1.0,0.05,0.00012621567515018201,0.0,0.005698497411556573,0.05832352032449123,0.0
1183,1.0,0.05,0.00013070420157758068,0.0,0.005698497411556573,0.05832352032449123,0.0
1184,1.0,0.05,0.00013070420157758068,0.0,0.005698497411556573,0.05832352032449123,0.0
1185,1.0,0.05,0.00013070420157758068,0.0,0.005698497411556573,0.08569081936458285,0.0
1186,1.0,0.05,0.00013070420157758068,0.0,0.005698497411556573,0.05679929370553967,0.0
1187,1.0,0.05,0.00013070420157758068,0.0,0.005698497411556573,0.03255545480584143,0.0
1188,1.0,0.05,0.00013070420157758068,0.0,0.005698497411556573,0.03255545480584143,0.0
1189,1.0,0.05,0.00013070420157758068,0.0,0.005698497411556573,0.04486619148675139,0.0
1190,1.0,0.05,0.00013070420157758068,0.0,0.005698497411556573,0.04367041766473399,0.0
1191,1.0,0.05,0.00013070420157758068,0.0,0.005752508488399076,0.04367041766473399,0.0
1192,1.0,0.05,0.00013070420157758068,0.0,0.005752508488399076,0.04367041766473399,0.0
1193,1.0,0.05,0.0001377361314641167,0.0,0.005752508488399076,0.04367041766473399,0.0
1194,1.0,0.05,0.0001377361314641167,0.0,0.005752508488399076,0.02607068726743253,0.0
1195,1.0,0.05,0.0001377361314641167,0.0,0.005752508488399076,0.02607068726743253,0.0
1196,1.0,0.05,0.00013752913440652799,0.0,0.005752508488399076,0.10616412888061577,0.0
1197,1.0,0.05,0.00013752913440652799,0.0,0.005752508488399076,0.10616412888061577,0.0
1198,1.0,0.05,0.00013752913440652799,0.0,0.006219228482303764,0.10616412888061577,0.0
1199,1.0,0.05,0.00013752913440652799,0.0,0.006219228482303764,0.044212682760910074,0.0
1200,1.0,0.05,0.00013752913440652799,0.0,0.006219228482303764,0.044212682760910074,0.0
1201,1.0,0.05,0.00013752913440652799,0.0,0.006219228482303764,0.07637751622031011,0.0
1202,1.0,0.05,0.00013752913440652799,0.0,0.006219228482303764,0.057365727343550485,0.0
1203,1.0,0.05,0.00013752913440652799,0.0,0.005947433994626838,0.057365727343550485,0.0
1204,1.0,0.05,0.00013752913440652799,0.0,0.005947433994626838,0.057365727343550485,0.0
1205,1.0,0.05,0.00013752913440652799,0.0,0.005947433994626838,0.06929879818618033,0.0
1206,1.0,0.05,0.00013752913440652799,0.0,0.005947433994626838,0.039342515251047094,0.0
1207,1.0,0.05,0.00013752913440652799,0.0,0.005947433994626838,0.016550256782741187,0.0
1208,1.0,0.05,0.0001305550636155679,0.0,0.005947433994626838,0.020426991757208468,0.0
1209,1.0,0.05,0.0001305550636155679,0.0,0.005947433994626838,0.05102854558233793,0.0
1210,1.0,0.05,0.0001305550636155679,0.0,0.005947433994626838,0.05102854558233793,0.0
1211,1.0,0.05,0.0001305550636155679,0.0,0.005947433994626838,0.0797818153491825,0.0
1212,1.0,0.05,0.0001305550636155679,0.0,0.005947433994626838,0.09552964425879021,0.0
1213,1.0,0.05,0.0001305550636155679,0.0,0.005947433994626838,0.09552964425879021,0.0
1214,1.0,0.05,0.0001305550636155679,0.0,0.005947433994626838,0.09552964425879021,0.0
1215,1.0,0.05,0.0001305550636155679,0.0,0.0060030436830565,0.09552964425879021,0.0
1216,1.0,0.05,0.0001305550636155679,0.0,0.0060030436830565,0.09552964425879021,0.0
1217,1.0,0.05,0.0001305550636155679,0.0,0.0060030436830565,0.08741040638157133,0.0
1218,1.0,0.05,0.00013791837480698854,0.0,0.0060030436830565,0.04666468973457443,0.0
1219,1.0,0.05,0.00013791837480698854,0.0,0.0060030436830565,0.0938662420258806,0.0
1220,1.0,0.05,0.00013791837480698854,0.0,0.0060030436830565,0.0938662420258806,0.0
1221,1.0,0.05,0.00013462218852076347,0.0,0.0060030436830565,0.0938662420258806,0.0
1222,1.0,0.05,0.00013462218852076347,0.0,0.0060030436830565,0.0938662420258806,0.0
1223,1.0,0.05,0.00013462218852076347,0.0,0.0060030436830565,0.06744374053570369,0.0
1224,1.0,0.05,0.00013462218852076347,0.0,0.0057599831261876695,0.09594883785595967,0.0
1225,1.0,0.05,0.00013462218852076347,0.0,0.0057599831261876695,0.03758564197574337,0.0
1226,1.0,0.05,0.00013462218852076347,0.0,0.0057599831261876695,0.03608456407745232,0.0
1227,1.0,0.05,0.00013462218852076347,0.0,0.0057599831261876695,0.05837583547700846,0.0
1228,1.0,0.05,0.00013462218852076347,0.0,0.0057599831261876695,0.05837583547700846,0.0
1229,1.0,0.05,0.00013462218852076347,0.0,0.0057599831261876695,0.055474691256902915,0.0
1230,1.0,0.05,0.00013462218852076347,0.0,0.0057599831261876695,0.055474691256902915,0.0
1231,1.0,0.05,0.00013394981994535317,0.0,0.0057599831261876695,0.055474691256902915,0.0
1232,1.0,0.05,0.00013394981994535317,0.0,0.0057599831261876695,0.07236552992020953,0.0
1233,1.0,0.05,0.00013394981994535317,0.0,0.0057599831261876695,0.07236552992020953,0.0
1234,1.0,0.05,0.00013394981994535317,0.0,0.0057599831261876695,0.07236552992020953,0.0
1235,1.0,0.05,0.00013394981994535317,0.0,0.0057599831261876695,0.07236552992020953,0.0
1236,1.0,0.05,0.00013394981994535317,0.0,0.005928309660255662,0.07236552992020953,0.0
1237,1.0,0.05,0.00013394981994535317,0.0,0.005928309660255662,0.033212141262749864,0.0
1238,1.0,0.05,0.00013394981994535317,0.0,0.006104153343605355,0.018877786515336614,0.0
1239,1.0,0.05,0.00013394981994535317,0.0,0.006135828817567273,0.051648708682422405,0.0
1240,1.0,0.05,0.00013394981994535317,0.0,0.006135828817567273,0.03320890403269383,0.0
1241,1.0,0.05,0.00013394981994535317,0.0,0.006135828817567273,0.038213069153427315,0.0
1242,1.0,0.05,0.00013661003514635477,0.0,0.006135828817567273,0.038213069153427315,0.0
1243,1.0,0.05,0.00013661003514635477,0.0,0.006135828817567273,0.038213069153427315,0.0
1244,1.0,0.05,0.00013661003514635477,0.0,0.006135828817567273,0.030930446755615,0.0
1245,1.0,0.05,0.00013661003514635477,0.0,0.006135828817567273,0.04791144403906041,0.0
1246,1.0,0.05,0.00013661003514635477,0.0,0.006135828817567273,0.03466910660863067,0.0
1247,1.0,0.05,0.00013661003514635477,0.0,0.006135828817567273,0.018338306691757355,0.0
1248,1.0,0.05,0.00013661003514635477,0.0,0.006135828817567273,0.006181210677504857,0.0
1249,1.0,0.05,0.00013661003514635477,0.0,0.006135828817567273,0.018472572914971293,0.0
1250,1.0,0.05,0.00013661003514635477,0.0,0.006135828817567273,0.018472572914971293,0.0
1251,1.0,0.05,0.00013661003514635477,0.0,0.006135828817567273,0.016986076775042724,0.0
1252,1.0,0.05,0.00013661003514635477,0.0,0.006135828817567273,0.016986076775042724,0.0
1253,1.0,0.05,0.00013661003514635477,0.0,0.006135828817567273,0.016986076775042724,0.0
1254,1.0,0.05,0.00013661003514635477,0.0,0.006135828817567273,0.016986076775042724,0.0
1255,1.0,0.05,0.00013661003514635477,0.0,0.006135828817567273,0.02131633359988117,0.0
1256,1.0,0.05,0.00013661003514635477,0.0,0.006135828817567273,0.02131633359988117,0.0
1257,1.0,0.05,0.00013661003514635477,0.0,0.006135828817567273,0.02131633359988117,0.0
1258,1.0,0.05,0.00013661003514635477,0.0,0.006135828817567273,0.02131633359988117,0.0
1259,1.0,0.05,0.00013807493160530296,0.0,0.006135828817567273,0.026262213889410684,0.0
1260,1.0,0.05,0.00013807493160530296,0.0,0.006135828817567273,0.03313891659454082,0.0
1261,1.0,0.05,0.00013807493160530296,0.0,0.0061041550083779286,0.04037163390232622,0.0
1262,1.0,0.05,0.00013807493160530296,0.0,0.0061041550083779286,0.021452773145971035,0.0
1263,1.0,0.05,0.00013807493160530296,0.0,0.0061041550083779286,0.023887348413193368,0.0
1264,1.0,0.05,0.00013807493160530296,0.0,0.0061041550083779286,0.06245758302163894,0.0
1265,1.0,0.05,0.00013807493160530296,0.0,0.0061041550083779286,0.06538330822938679,0.0
1266,1.0,0.05,0.00013807493160530296,0.0,0.0061041550083779286,0.06538330822938679,0.0
1267,1.0,0.05,0.00013807493160530296,0.0,0.0061041550083779286,0.06538330822938679,0.0
1268,1.0,0.05,0.00013807493160530296,0.0,0.0061041550083779286,0.0170002908522087,0.0
1269,1.0,0.05,0.00013807493160530296,0.0,0.0061041550083779286,0.0170002908522087,0.0
1270,1.0,0.05,0.00013807493160530296,0.0,0.0061041550083779286,0.031726725811598244,0.0
1271,1.0,0.05,0.00013807493160530296,0.0,0.0061041550083779286,0.01605130800319418,0.0
1272,1.0,0.05,0.00013807493160530296,0.0,0.0061041550083779286,0.007879688323894761,0.0
1273,1.0,0.05,0.00013807493160530296,0.0,0.0061041550083779286,0.004287170129831385,0.0
1274,1.0,0.05,0.00013693188708894838,0.0,0.0061041550083779286,0.0050856225406678834,0.0
1275,1.0,0.05,0.00013693188708894838,0.0,0.0061041550083779286,0.005337384515201777,0.0
1276,1.0,0.05,0.00013693188708894838,0.0,0.0061041550083779286,0.016888105058346446,0.0
1277,1.0,0.05,0.00013693188708894838,0.0,0.0061041550083779286,0.032616852498064175,0.0
1278,1.0,0.05,0.0001415470382098896,0.0,0.0061041550083779286,0.043773785110998706,0.0
1279,1.0,0.05,0.0001415470382098896,0.0,0.0061041550083779286,0.05771595034305347,0.0
1280,1.0,0.05,0.0001415470382098896,0.0,0.0061041550083779286,0.05771595034305347,0.0
1281,1.0,0.05,0.0001415470382098896,0.0,0.0061041550083779286,0.05771595034305347,0.0
1282,1.0,0.05,0.00013246489213818301,0.0,0.0061041550083779286,0.06731690525054088,0.0
1283,1.0,0.05,0.00013246489213818301,0.0,0.0061041550083779286,0.035122886957919645,0.0
1284,1.0,0.05,0.00013246489213818301,0.0,0.0061041550083779286,0.03588622785629832,0.0
1285,1.0,0.05,0.00013672224507645946,0.0,0.0061041550083779286,0.07238810040229982,0.0
1286,1.0,0.05,0.00013672224507645946,0.0,0.0061041550083779286,0.07238810040229982,0.0
1287,1.0,0.05,0.00013672224507645946,0.0,0.005648521476691928,0.07238810040229982,0.0
1288,1.0,0.05,0.00013640618932535807,0.0,0.005648521476691928,0.07238810040229982,0.0
1289,1.0,0.05,0.00014269398348091557,0.0,0.005648521476691928,0.07238810040229982,0.0
1290,1.0,0.05,0.000135451954233245,0.0,0.005648521476691928,0.06650692420484201,0.0
1291,1.0,0.05,0.000135451954233245,0.0,0.005648521476691928,0.06650692420484201,0.0
1292,1.0,0.05,0.000135451954233245,0.0,0.005648521476691928,0.030620493208111325,0.0
1293,1.0,0.05,0.000135451954233245,0.0,0.005648521476691928,0.030620493208111325,0.0
1294,1.0,0.05,0.000135451954233245,0.0,0.005648521476691928,0.04648253941482296,0.0
1295,1.0,0.05,0.000135451954233245,0.0,0.005648521476691928,0.04584206983105069,0.0
1296,1.0,0.05,0.000135451954233245,0.0,0.005648521476691928,0.06746219554311136,0.0
1297,1.0,0.05,0.000135451954233245,0.0,0.0062344187189150085,0.06746219554311136,0.0
1298,1.0,0.05,0.000135451954233245,0.0,0.0062344187189150085,0.06746219554311136,0.0
1299,1.0,0.05,0.000135451954233245,0.0,0.0062344187189150085,0.04640370386326698,0.0
1300,1.0,0.05,0.00013432407474963602,0.0,0.005935404886385512,0.021107644401835185,0.0
1301,1.0,0.05,0.00013432407474963602,0.0,0.005935404886385512,0.021107644401835185,0.0
1302,1.0,0.05,0.0001315726884520198,0.0,0.005935404886385512,0.021107644401835185,0.0
1303,1.0,0.05,0.0001315726884520198,0.0,0.005935404886385512,0.021107644401835185,0.0
1304,1.0,0.05,0.0001315726884520198,0.0,0.005935404886385512,0.016320695454801037,0.0
1305,1.0,0.05,0.0001315726884520198,0.0,0.005935404886385512,0.043277580082043646,0.0
1306,1.0,0.05,0.0001315726884520198,0.0,0.006101187305431858,0.04402886272946962,0.0
1307,1.0,0.05,0.0001315726884520198,0.0,0.006101187305431858,0.032822976156208224,0.0
1308,1.0,0.05,0.0001315726884520198,0.0,0.006101187305431858,0.032822976156208224,0.0
1309,1.0,0.05,0.00013373746101439372,0.0,0.006101187305431858,0.06037480361311232,0.0
1310,1.0,0.05,0.00013373746101439372,0.0,0.005434606962588846,0.06037480361311232,0.0
1311,1.0,0.05,0.00013373746101439372,0.0,0.005434606962588846,0.06037480361311232,0.0
1312,1.0,0.05,0.00013373746101439372,0.0,0.005434606962588846,0.06037480361311232,0.0
1313,1.0,0.05,0.00013373746101439372,0.0,0.006769744563730201,0.06037480361311232,0.0
1314,1.0,0.05,0.0001267259217532959,0.0,0.006769744563730201,0.06242294114140445,0.0
1315,1.0,0.05,0.00013176236302233442,0.0,0.006769744563730201,0.11889104083146376,0.0
1316,1.0,0.05,0.00013176236302233442,0.0,0.006769744563730201,0.10477001051579451,0.0
1317,1.0,0.05,0.00013176236302233442,0.0,0.006769744563730201,0.10477001051579451,0.0
1318,1.0,0.05,0.00013176236302233442,0.0,0.006769744563730201,0.051616936465714205,0.0
1319,1.0,0.05,0.00013176236302233442,0.0,0.006769744563730201,0.15654731063737032,0.0
1320,1.0,0.05,0.00013176236302233442,0.0,0.006769744563730201,0.06295178477453087,0.0
1321,1.0,0.05,0.00013176236302233442,0.0,0.006909556679591582,0.06295178477453087,0.0
1322,1.0,0.05,0.00013176236302233442,0.0,0.006909556679591582,0.06159944542604644,0.0
1323,1.0,0.05,0.00013176236302233442,0.0,0.006778649222130645,0.13895018124104574,0.0
1324,1.0,0.05,0.00013176236302233442,0.0,0.006778649222130645,0.13895018124104574,0.0
1325,1.0,0.05,0.00013176236302233442,0.0,0.006778649222130645,0.13895018124104574,0.0
1326,1.0,0.05,0.00013176236302233442,0.0,0.006778649222130645,0.050798926919825634,0.0
1327,1.0,0.05,0.00013176236302233442,0.0,0.006778649222130645,0.08419017740028448,0.0
1328,1.0,0.05,0.00013176236302233442,0.0,0.006778649222130645,0.08533818124727054,0.0
1329,1.0,0.05,0.00013176236302233442,0.0,0.006778649222130645,0.12214552475277711,0.0
1330,1.0,0.05,0.00013176236302233442,0.0,0.006778649222130645,0.07567822062104997,0.0
1331,1.0,0.05,0.00013176236302233442,0.0,0.0068161105193768196,0.07567822062104997,0.0
1332,1.0,0.05,0.00013176236302233442,0.0,0.005903285596607482,0.07567822062104997,0.0
1333,1.0,0.05,0.00013176236302233442,0.0,0.005903285596607482,0.07567822062104997,0.0
1334,1.0,0.05,0.00013176236302233442,0.0,0.005903285596607482,0.07567822062104997,0.0
1335,1.0,0.05,0.00013176236302233442,0.0,0.005903285596607482,0.07567822062104997,0.0
1336,1.0,0.05,0.00013176236302233442,0.0,0.005903285596607482,0.07567822062104997,0.0
1337,1.0,0.05,0.00013176236302233442,0.0,0.005903285596607482,0.0776967826849996,0.0
1338,1.0,0.05,0.00013176236302233442,0.0,0.005903285596607482,0.0548870301031521,0.0
1339,1.0,0.05,0.00013176236302233442,0.0,0.005903285596607482,0.0548870301031521,0.0
1340,1.0,0.05,0.00013176236302233442,0.0,0.005903285596607482,0.0548870301031521,0.0
1341,1.0,0.05,0.00013176236302233442,0.0,0.005903285596607482,0.0548870301031521,0.0
1342,1.0,0.05,0.00013176236302233442,0.0,0.005903285596607482,0.0548870301031521,0.0
1343,1.0,0.05,0.00013176236302233442,0.0,0.005903285596607482,0.0548870301031521,0.0
1344,1.0,0.05,0.00013176236302233442,0.0,0.005903285596607482,0.0548870301031521,0.0
1345,1.0,0.05,0.00013176236302233442,0.0,0.005903285596607482,0.0548870301031521,0.0
1346,1.0,0.05,0.00013176236302233442,0.0,0.005903285596607482,0.10283335695607063,0.0
1347,1.0,0.05,0.00013176236302233442,0.0,0.005903285596607482,0.10283335695607063,0.0
1348,1.0,0.05,0.00013176236302233442,0.0,0.0059641535935041085,0.10283335695607063,0.0
1349,1.0,0.05,0.00013176236302233442,0.0,0.006154339950819413,0.10283335695607063,0.0
1350,1.0,0.05,0.00013176236302233442,0.0,0.006154339950819413,0.10283335695607063,0.0
1351,1.0,0.05,0.00013176236302233442,0.0,0.007044418333732209,0.05990219639687038,0.0
1352,1.0,0.05,0.00013176236302233442,0.0,0.007044418333732209,0.03524714673463428,0.0
1353,1.0,0.05,0.00013176236302233442,0.0,0.004860382252576778,0.03524714673463428,0.0
1354,1.0,0.05,0.00013176236302233442,0.0,0.004860382252576778,0.03524714673463428,0.0
1355,1.0,0.05,0.00013176236302233442,0.0,0.008139406413479659,0.05570887656040086,0.0
1356,1.0,0.05,0.00013176236302233442,0.0,0.008139406413479659,0.05570887656040086,0.0
1357,1.0,0.05,0.00013165932948134857,0.0,0.005232642457063247,0.03836140055206448,0.0
1358,1.0,0.05,0.0001241146364138916,0.0,0.007380755840205492,0.03836140055206448,0.0
1359,1.0,0.05,0.0001241146364138916,0.0,0.006859696631545221,0.03836140055206448,0.0
1360,1.0,0.05,0.0001241146364138916,0.0,0.006859696631545221,0.03836140055206448,0.0
1361,1.0,0.05,0.0001241146364138916,0.0,0.006859696631545221,0.03836140055206448,0.0
1362,1.0,0.05,0.0001241146364138916,0.0,0.005730350616274486,0.03836140055206448,0.0
1363,1.0,0.05,0.0001241146364138916,0.0,0.007584990671734205,0.03836140055206448,0.0
1364,1.0,0.05,0.0001241146364138916,0.0,0.006810750413837967,0.03732350529279408,0.0
1365,1.0,0.05,0.0001241146364138916,0.0,0.006810750413837967,0.04491678055351659,0.0
1366,1.0,0.05,0.0001241146364138916,0.0,0.006727522849662982,0.03294991402810458,0.0
1367,1.0,0.05,0.0001241146364138916,0.0,0.006727522849662982,0.03294991402810458,0.0
1368,1.0,0.05,0.0001241146364138916,0.0,0.006727522849662982,0.03294991402810458,0.0
1369,1.0,0.05,0.0001241146364138916,0.0,0.006727522849662982,0.03294991402810458,0.0
1370,1.0,0.05,0.0001245446580633636,0.0,0.00714005501898093,0.06427690629174553,0.0
1371,1.0,0.05,0.00012587393918745332,0.0,0.00714005501898093,0.03473864765644374,0.0
1372,1.0,0.05,0.00012587393918745332,0.0,0.00714005501898093,0.07931699195074596,0.0
1373,1.0,0.05,0.00012587393918745332,0.0,0.00728415718994958,0.11202641089095464,0.0
1374,1.0,0.05,0.00012587393918745332,0.0,0.008471548835400786,0.11202641089095464,0.0
1375,1.0,0.05,0.00010721506200141175,0.0,0.008471548835400786,0.11202641089095464,0.0
1376,1.0,0.05,0.00010721506200141175,0.0,0.008471548835400786,0.11202641089095464,0.0
1377,1.0,0.05,0.00011994416745619704,0.0,0.008471548835400786,0.15180087091699154,0.0
1378,1.0,0.05,0.00011994416745619704,0.0,0.008471548835400786,0.1362343035998861,0.0
1379,1.0,0.05,0.00011994416745619704,0.0,0.008268380422214549,0.06360990493919977,0.0
1380,1.0,0.05,0.00011994416745619704,0.0,0.008268380422214549,0.06360990493919977,0.0
1381,1.0,0.05,0.00011994416745619704,0.0,0.008196886799109723,0.0591365683074322,0.0
1382,1.0,0.05,0.00012625670270172536,0.0,0.008196886799109723,0.10354240940205536,0.0
1383,1.0,0.05,0.00012625670270172536,0.0,0.008196886799109723,0.10354240940205536,0.0
1384,1.0,0.05,0.00012625670270172536,0.0,0.006948080679970588,0.10354240940205536,0.0
1385,1.0,0.05,0.00012625670270172536,0.0,0.006948080679970588,0.043329296373474976,0.0
1386,1.0,0.05,0.00012625670270172536,0.0,0.006948080679970588,0.043329296373474976,0.0
1387,1.0,0.05,0.00012625670270172536,0.0,0.006948080679970588,0.043329296373474976,0.0
1388,1.0,0.05,0.00012625670270172536,0.0,0.006948080679970588,0.043329296373474976,0.0
1389,1.0,0.05,0.00012625670270172536,0.0,0.006948080679970588,0.044554103815765245,0.0
1390,1.0,0.05,0.00012625670270172536,0.0,0.006986308870322162,0.1641684788867579,0.0
1391,1.0,0.05,0.00012625670270172536,0.0,0.006986308870322162,0.07738828655452637,0.0
1392,1.0,0.05,0.00012625670270172536,0.0,0.005939741242153594,0.07738828655452637,0.0
1393,1.0,0.05,0.0001310958467583839,0.0,0.005939741242153594,0.07738828655452637,0.0
1394,1.0,0.05,0.0001310958467583839,0.0,0.005939741242153594,0.09662358549678934,0.0
1395,1.0,0.05,0.0001310958467583839,0.0,0.005939741242153594,0.09662358549678934,0.0
1396,1.0,0.05,0.0001310958467583839,0.0,0.005939741242153594,0.09662358549678934,0.0
1397,1.0,0.05,0.0001310958467583839,0.0,0.005939741242153594,0.09662358549678934,0.0
1398,1.0,0.05,0.0001310958467583839,0.0,0.005939741242153594,0.05046414875981697,0.0
1399,1.0,0.05,0.0001310958467583839,0.0,0.005887150241169568,0.05046414875981697,0.0
1400,1.0,0.05,0.0001311582778737359,0.0,0.005887150241169568,0.035289919408929483,0.0
1401,1.0,0.05,0.0001311582778737359,0.0,0.005887150241169568,0.04081586564940901,0.0
1402,1.0,0.05,0.0001311582778737359,0.0,0.005887150241169568,0.02923415461609825,0.0
1403,1.0,0.05,0.0001311582778737359,0.0,0.0058080828606421235,0.02923415461609825,0.0
1404,1.0,0.05,0.0001311582778737359,0.0,0.0058080828606421235,0.010052036264593353,0.0
1405,1.0,0.05,0.0001311582778737359,0.0,0.0058080828606421235,0.011446633941472552,0.0
1406,1.0,0.05,0.0001311582778737359,0.0,0.0058080828606421235,0.011446633941472552,0.0
1407,1.0,0.05,0.0001311582778737359,0.0,0.0058080828606421235,0.011446633941472552,0.0
1408,1.0,0.05,0.0001311582778737359,0.0,0.0058080828606421235,0.023502285974465964,0.0
1409,1.0,0.05,0.0001311582778737359,0.0,0.0058080828606421235,0.02295821119987361,0.0
1410,1.0,0.05,0.0001311582778737359,0.0,0.0058080828606421235,0.04255553647463134,0.0
1411,1.0,0.05,0.0001311582778737359,0.0,0.0058080828606421235,0.02578344684315387,0.0
1412,1.0,0.05,0.0001311582778737359,0.0,0.005931176220427586,0.02578344684315387,0.0
1413,1.0,0.05,0.0001311582778737359,0.0,0.005931176220427586,0.03431794867781605,0.0
1414,1.0,0.05,0.0001311582778737359,0.0,0.005931176220427586,0.03431794867781605,0.0
1415,1.0,0.05,0.0001311582778737359,0.0,0.005931176220427586,0.03399740934937572,0.0
1416,1.0,0.05,0.0001311582778737359,0.0,0.005931176220427586,0.09216479097766647,0.0
1417,1.0,0.05,0.0001311582778737359,0.0,0.005931176220427586,0.05105917265428371,0.0
1418,1.0,0.05,0.00012857465469099532,0.0,0.005931176220427586,0.05105917265428371,0.0
1419,1.0,0.05,0.00012857465469099532,0.0,0.005931176220427586,0.05105917265428371,0.0
1420,1.0,0.05,0.00014115142124406294,0.0,0.005931176220427586,0.031069307300878524,0.0
1421,1.0,0.05,0.00014115142124406294,0.0,0.005931176220427586,0.017484597199450447,0.0
1422,1.0,0.05,0.00013167769401118163,0.0,0.005931176220427586,0.01639987247056772,0.0
1423,1.0,0.05,0.00013167769401118163,0.0,0.005931176220427586,0.01516812591678603,0.0
1424,1.0,0.05,0.00013167769401118163,0.0,0.005931176220427586,0.01516812591678603,0.0
1425,1.0,0.05,0.00013024414590985455,0.0,0.005931176220427586,0.0368080249090398,0.0
1426,1.0,0.05,0.00013024414590985455,0.0,0.005931176220427586,0.054327816120163436,0.0
1427,1.0,0.05,0.00013024414590985455,0.0,0.005931176220427586,0.054327816120163436,0.0
1428,1.0,0.05,0.00014389153964244216,0.0,0.005931176220427586,0.014496208564017598,0.0
1429,1.0,0.05,0.00014389153964244216,0.0,0.005931176220427586,0.011274745291736984,0.0
1430,1.0,0.05,0.00014389153964244216,0.0,0.005931176220427586,0.06163793391682117,0.0
1431,1.0,0.05,0.00014389153964244216,0.0,0.00557118376931936,0.06163793391682117,0.0
1432,1.0,0.05,0.00014389153964244216,0.0,0.00557118376931936,0.02407164687603494,0.0
1433,1.0,0.05,0.00014389153964244216,0.0,0.00557118376931936,0.02407164687603494,0.0
1434,1.0,0.05,0.00014389153964244216,0.0,0.00557118376931936,0.02407164687603494,0.0
1435,1.0,0.05,0.00014389153964244216,0.0,0.00557118376931936,0.020868930220355113,0.0
1436,1.0,0.05,0.00014389153964244216,0.0,0.00557118376931936,0.020868930220355113,0.0
1437,1.0,0.05,0.00014389153964244216,0.0,0.0060267078645686095,0.014909085075851362,0.0
1438,1.0,0.05,0.00014553246067975576,0.0,0.0060267078645686095,0.03461161759305756,0.0
1439,1.0,0.05,0.00014553246067975576,0.0,0.0060267078645686095,0.021869266299075762,0.0
1440,1.0,0.05,0.00014562340962892003,0.0,0.0060267078645686095,0.024889929604374326,0.0
1441,1.0,0.05,0.00014562340962892003,0.0,0.0060267078645686095,0.024889929604374326,0.0
1442,1.0,0.05,0.00014562340962892003,0.0,0.0060267078645686095,0.029454593384205696,0.0
1443,1.0,0.05,0.00014290552470543825,0.0,0.006177835784990791,0.029515943042158276,0.0
1444,1.0,0.05,0.00014290552470543825,0.0,0.006177835784990791,0.07545567975627615,0.0
1445,1.0,0.05,0.00014290552470543825,0.0,0.006177835784990791,0.05337222488240211,0.0
1446,1.0,0.05,0.00014290552470543825,0.0,0.006177835784990791,0.05337222488240211,0.0
1447,1.0,0.05,0.00014290552470543825,0.0,0.006177835784990791,0.05337222488240211,0.0
1448,1.0,0.05,0.00014290552470543825,0.0,0.006177835784990791,0.06273570288988793,0.0
1449,1.0,0.05,0.00014290552470543825,0.0,0.006177835784990791,0.06273570288988793,0.0
1450,1.0,0.05,0.00014290552470543825,0.0,0.006177835784990791,0.06370796205882669,0.0
1451,1.0,0.05,0.00014290552470543825,0.0,0.006177835784990791,0.06370796205882669,0.0
1452,1.0,0.05,0.00014290552470543825,0.0,0.006177835784990791,0.06370796205882669,0.0
1453,1.0,0.05,0.00014290552470543825,0.0,0.006177835784990791,0.053893603593484996,0.0
1454,1.0,0.05,0.00014290552470543825,0.0,0.005765993942045638,0.053893603593484996,0.0
1455,1.0,0.05,0.00014290552470543825,0.0,0.005765993942045638,0.053893603593484996,0.0
1456,1.0,0.05,0.0001446060905552061,0.0,0.005765993942045638,0.053893603593484996,0.0
1457,1.0,0.05,0.0001446060905552061,0.0,0.005765993942045638,0.027509788579778423,0.0
1458,1.0,0.05,0.0001446060905552061,0.0,0.005599738528012581,0.025319592287854773,0.0
1459,1.0,0.05,0.0001446060905552061,0.0,0.00499980720738026,0.042746009124497476,0.0
1460,1.0,0.05,0.0001401718164309035,0.0,0.00499980720738026,0.042746009124497476,0.0
1461,1.0,0.05,0.0001401718164309035,0.0,0.00499980720738026,0.042746009124497476,0.0
1462,1.0,0.05,0.0001401718164309035,0.0,0.00499980720738026,0.042746009124497476,0.0
1463,1.0,0.05,0.00013185830377036433,0.0,0.00499980720738026,0.056157852002270664,0.0
1464,1.0,0.05,0.00013185830377036433,0.0,0.00499980720738026,0.056157852002270664,0.0
1465,1.0,0.05,0.00013185830377036433,0.0,0.006007956415345769,0.05004018608604926,0.0
1466,1.0,0.05,0.00013185830377036433,0.0,0.006007956415345769,0.05004018608604926,0.0
1467,1.0,0.05,0.00013185830377036433,0.0,0.006007956415345769,0.05004018608604926,0.0
1468,1.0,0.05,0.00013185830377036433,0.0,0.006007956415345769,0.05004018608604926,0.0
1469,1.0,0.05,0.00013185830377036433,0.0,0.006007956415345769,0.05004018608604926,0.0
1470,1.0,0.05,0.00013185830377036433,0.0,0.006007956415345769,0.05004018608604926,0.0
1471,1.0,0.05,0.00013185830377036433,0.0,0.005684323243064024,0.05004018608604926,0.0
1472,1.0,0.05,0.00013185830377036433,0.0,0.005684323243064024,0.05004018608604926,0.0
1473,1.0,0.05,0.00013185830377036433,0.0,0.005684323243064024,0.05004018608604926,0.0
1474,1.0,0.05,0.00013185830377036433,0.0,0.005684323243064024,0.05004018608604926,0.0
1475,1.0,0.05,0.00013185830377036433,0.0,0.005684323243064024,0.05004018608604926,0.0
1476,1.0,0.05,0.00013185830377036433,0.0,0.005684323243064024,0.05004018608604926,0.0
1477,1.0,0.05,0.00013185830377036433,0.0,0.005684323243064024,0.05004018608604926,0.0
1478,1.0,0.05,0.00013185830377036433,0.0,0.005684323243064024,0.06715838728119031,0.0
1479,1.0,0.05,0.00013185830377036433,0.0,0.005301172890408094,0.06715838728119031,0.0
1480,1.0,0.05,0.00013185830377036433,0.0,0.007074197117274878,0.06715838728119031,0.0
1481,1.0,0.05,0.00013185830377036433,0.0,0.00553517164912306,0.06715838728119031,0.0
1482,1.0,0.05,0.0001294377763518172,0.0,0.00553517164912306,0.05222526306325943,0.0
1483,1.0,0.05,0.0001294377763518172,0.0,0.005651799408872893,0.05222526306325943,0.0
1484,1.0,0.05,0.0001294377763518172,0.0,0.006283542275713651,0.06680406584540385,0.0
1485,1.0,0.05,0.0001294377763518172,0.0,0.006651478792227044,0.06244320743863497,0.0
1486,1.0,0.05,0.0001294377763518172,0.0,0.006651478792227044,0.12522670825227383,0.0
1487,1.0,0.05,0.0001294377763518172,0.0,0.007318279643375302,0.049707220338345355,0.0
1488,1.0,0.05,0.0001294377763518172,0.0,0.007318279643375302,0.06178710062840678,0.0
1489,1.0,0.05,0.0001294377763518172,0.0,0.007318279643375302,0.06178710062840678,0.0
1490,1.0,0.05,0.0001294377763518172,0.0,0.007396328163041939,0.03833847326587546,0.0
1491,1.0,0.05,0.0001294377763518172,0.0,0.006435254382701546,0.03833847326587546,0.0
1492,1.0,0.05,0.0001294377763518172,0.0,0.006435254382701546,0.05726366238095766,0.0
1493,1.0,0.05,0.0001294377763518172,0.0,0.005693962755115853,0.05726366238095766,0.0
1494,1.0,0.05,0.0001294377763518172,0.0,0.005693962755115853,0.05726366238095766,0.0
1495,1.0,0.05,0.00013263568124736032,0.0,0.005693962755115853,0.10210184004679755,0.0
1496,1.0,0.05,0.00013263568124736032,0.0,0.005693962755115853,0.026469900370505502,0.0
1497,1.0,0.05,0.00013263568124736032,0.0,0.005693962755115853,0.02692027138495746,0.0
1498,1.0,0.05,0.00013263568124736032,0.0,0.005693962755115853,0.10946291594860239,0.0
1499,1.0,0.05,0.00013263568124736032,0.0,0.005693962755115853,0.03400530592505211,0.0
1500,1.0,0.05,0.00013263568124736032,0.0,0.005693962755115853,0.02844211878281939,0.0
1501,1.0,0.05,0.00013263568124736032,0.0,0.005693962755115853,0.02844211878281939,0.0
1502,1.0,0.05,0.00013263568124736032,0.0,0.005693962755115853,0.03964900076000841,0.0
1503,1.0,0.05,0.00013263568124736032,0.0,0.005685649884796539,0.016059739881521064,0.0
1504,1.0,0.05,0.00013263568124736032,0.0,0.005685649884796539,0.01833244480627154,0.0
1505,1.0,0.05,0.00013263568124736032,0.0,0.005685649884796539,0.01833244480627154,0.0
1506,1.0,0.05,0.00013263568124736032,0.0,0.005685649884796539,0.033332929310535865,0.0
1507,1.0,0.05,0.00013263568124736032,0.0,0.005902917706272207,0.02627376799488896,0.0
1508,1.0,0.05,0.00013263568124736032,0.0,0.005902917706272207,0.0619465492462406,0.0
1509,1.0,0.05,0.00013263568124736032,0.0,0.005902917706272207,0.0619465492462406,0.0
1510,1.0,0.05,0.00013263568124736032,0.0,0.005483949966384382,0.0619465492462406,0.0
1511,1.0,0.05,0.00013263568124736032,0.0,0.006381599351651785,0.0619465492462406,0.0
1512,1.0,0.05,0.00013263568124736032,0.0,0.006381599351651785,0.034630376640444764,0.0
1513,1.0,0.05,0.00013263568124736032,0.0,0.006381599351651785,0.05055098601877006,0.0
1514,1.0,0.05,0.00013263568124736032,0.0,0.006381599351651785,0.08383016277427226,0.0
1515,1.0,0.05,0.00013263568124736032,0.0,0.00653301302424376,0.08383016277427226,0.0
1516,1.0,0.05,0.0001324172823814733,0.0,0.00653301302424376,0.05610272098905848,0.0
1517,1.0,0.05,0.0001324172823814733,0.0,0.00653301302424376,0.05610272098905848,0.0
1518,1.0,0.05,0.0001324172823814733,0.0,0.00653301302424376,0.05610272098905848,0.0
1519,1.0,0.05,0.0001324172823814733,0.0,0.00653301302424376,0.05610272098905848,0.0
1520,1.0,0.05,0.0001324172823814733,0.0,0.00653301302424376,0.05610272098905848,0.0
1521,1.0,0.05,0.0001324172823814733,0.0,0.00653301302424376,0.05610272098905848,0.0
1522,1.0,0.05,0.0001324172823814733,0.0,0.00653301302424376,0.05610272098905848,0.0
1523,1.0,0.05,0.0001324172823814733,0.0,0.00653301302424376,0.05610272098905848,0.0
1524,1.0,0.05,0.0001324172823814733,0.0,0.00653301302424376,0.07041058005825351,0.0
1525,1.0,0.05,0.0001324172823814733,0.0,0.00653301302424376,0.04287027979502071,0.0
1526,1.0,0.05,0.0001324172823814733,0.0,0.00653301302424376,0.04287027979502071,0.0
1527,1.0,0.05,0.0001324172823814733,0.0,0.00653301302424376,0.029729146914770965,0.0
1528,1.0,0.05,0.0001324172823814733,0.0,0.00653301302424376,0.012679129323092439,0.0
1529,1.0,0.05,0.0001324172823814733,0.0,0.00653301302424376,0.012679129323092439,0.0
1530,1.0,0.05,0.0001324172823814733,0.0,0.00841497108838385,0.012679129323092439,0.0
1531,1.0,0.05,0.0001324172823814733,0.0,0.00841497108838385,0.012679129323092439,0.0
1532,1.0,0.05,0.00012243090529686498,0.0,0.00841497108838385,0.007988487990636766,0.0
1533,1.0,0.05,0.00012243090529686498,0.0,0.00841497108838385,0.010835088189378042,0.0
1534,1.0,0.05,0.00012243090529686498,0.0,0.007821477568670495,0.010835088189378042,0.0
1535,1.0,0.05,0.00012243090529686498,0.0,0.007839076611016786,0.010835088189378042,0.0
1536,1.0,0.05,0.00012243090529686498,0.0,0.007839076611016786,0.013389158730258649,0.0
1537,1.0,0.05,0.00012243090529686498,0.0,0.007839076611016786,0.013389158730258649,0.0
1538,1.0,0.05,0.00012243090529686498,0.0,0.007839076611016786,0.00993912640685988,0.0
1539,1.0,0.05,0.00012243090529686498,0.0,0.007839076611016786,0.00993912640685988,0.0
1540,1.0,0.05,0.00012243090529686498,0.0,0.007839076611016786,0.018349728574361655,0.0
1541,1.0,0.05,0.00012243090529686498,0.0,0.007839076611016786,0.20498635012114827,0.0
1542,1.0,0.05,0.00012243090529686498,0.0,0.007839076611016786,0.20498635012114827,0.0
1543,1.0,0.05,0.00012243090529686498,0.0,0.007839076611016786,0.10414975928527014,0.0
1544,1.0,0.05,0.00012243090529686498,0.0,0.007742037851646243,0.10414975928527014,0.0
1545,1.0,0.05,0.00012442763883030572,0.0,0.007871767302953058,0.10414975928527014,0.0
1546,1.0,0.05,0.00012442763883030572,0.0,0.007871767302953058,0.10414975928527014,0.0
1547,1.0,0.05,0.00012442763883030572,0.0,0.007871767302953058,0.10414975928527014,0.0
1548,1.0,0.05,0.00012442763883030572,0.0,0.008179718408157781,0.10414975928527014,0.0
1549,1.0,0.05,0.00012393792645636027,0.0,0.008179718408157781,0.02662575669058646,0.0
1550,1.0,0.05,0.00012393792645636027,0.0,0.008179718408157781,0.16448681534256232,0.0
1551,1.0,0.05,0.00012393792645636027,0.0,0.008179718408157781,0.16448681534256232,0.0
1552,1.0,0.05,0.00012393792645636027,0.0,0.006661365770452981,0.05918904604739761,0.0
1553,1.0,0.05,0.00012393792645636027,0.0,0.006661365770452981,0.05918904604739761,0.0
1554,1.0,0.05,0.00012393792645636027,0.0,0.00702408711342385,0.11496428325278715,0.0
1555,1.0,0.05,0.00012393792645636027,0.0,0.00702408711342385,0.11496428325278715,0.0
1556,1.0,0.05,0.00012393792645636027,0.0,0.00702408711342385,0.13082130441625184,0.0
1557,1.0,0.05,0.00012393792645636027,0.0,0.006216152562549273,0.13082130441625184,0.0
1558,1.0,0.05,0.00012393792645636027,0.0,0.006216152562549273,0.13082130441625184,0.0
1559,1.0,0.05,0.00012393792645636027,0.0,0.006216152562549273,0.13082130441625184,0.0
1560,1.0,0.05,0.00012393792645636027,0.0,0.006216152562549273,0.13082130441625184,0.0
1561,1.0,0.05,0.00012393792645636027,0.0,0.006216152562549273,0.13082130441625184,0.0
1562,1.0,0.05,0.00012393792645636027,0.0,0.006216152562549273,0.13082130441625184,0.0
1563,1.0,0.05,0.00012393792645636027,0.0,0.006216152562549273,0.13932068898619165,0.0
1564,1.0,0.05,0.00012393792645636027,0.0,0.006216152562549273,0.13932068898619165,0.0
1565,1.0,0.05,0.00012393792645636027,0.0,0.007475603928926603,0.13932068898619165,0.0
1566,1.0,0.05,0.00012393792645636027,0.0,0.007475603928926603,0.0960760676733515,0.0
1567,1.0,0.05,0.00012383311341736042,0.0,0.007475603928926603,0.0960760676733515,0.0
1568,1.0,0.05,0.00012383311341736042,0.0,0.006549547857880926,0.0960760676733515,0.0
1569,1.0,0.05,0.00012383311341736042,0.0,0.006549547857880926,0.0960760676733515,0.0
1570,1.0,0.05,0.00012383311341736042,0.0,0.006549547857880926,0.0960760676733515,0.0
1571,1.0,0.05,0.00012383311341736042,0.0,0.00790244820383543,0.0960760676733515,0.0
1572,1.0,0.05,0.00012383311341736042,0.0,0.007996536265453935,0.0960760676733515,0.0
1573,1.0,0.05,0.00012383311341736042,0.0,0.007996536265453935,0.14270104018935292,0.0
1574,1.0,0.05,0.00012383311341736042,0.0,0.007996536265453935,0.14270104018935292,0.0
1575,1.0,0.05,0.0001285905331239517,0.0,0.007702557332764233,0.14270104018935292,0.0
1576,1.0,0.05,0.0001285905331239517,0.0,0.007702557332764233,0.07537930702974904,0.0
1577,1.0,0.05,0.0001285905331239517,0.0,0.007702557332764233,0.07537930702974904,0.0
1578,1.0,0.05,0.0001285905331239517,0.0,0.006664753203461801,0.07537930702974904,0.0
1579,1.0,0.05,0.0001285905331239517,0.0,0.006809735792432161,0.11264652073109102,0.0
1580,1.0,0.05,0.0001285905331239517,0.0,0.006809735792432161,0.010523409015871208,0.0
1581,1.0,0.05,0.0001285905331239517,0.0,0.005861931953856031,0.010523409015871208,0.0
1582,1.0,0.05,0.0001285905331239517,0.0,0.005861931953856031,0.010823395665967041,0.0
1583,1.0,0.05,0.0001285905331239517,0.0,0.005861931953856031,0.035850338600783696,0.0
1584,1.0,0.05,0.0001285905331239517,0.0,0.005861931953856031,0.03507821243005034,0.0
1585,1.0,0.05,0.0001285905331239517,0.0,0.005861931953856031,0.03507821243005034,0.0
1586,1.0,0.05,0.0001285905331239517,0.0,0.005861931953856031,0.02834851263433701,0.0
1587,1.0,0.05,0.00013746789721140308,0.0,0.005861931953856031,0.02834851263433701,0.0
1588,1.0,0.05,0.00013746789721140308,0.0,0.005861931953856031,0.02834851263433701,0.0
1589,1.0,0.05,0.00013746789721140308,0.0,0.005861931953856031,0.03728334338337247,0.0
1590,1.0,0.05,0.00013746789721140308,0.0,0.005861931953856031,0.1045036961248441,0.0
1591,1.0,0.05,0.00013746789721140308,0.0,0.005861931953856031,0.03655326709324708,0.0
1592,1.0,0.05,0.0001302791143640296,0.0,0.005861931953856031,0.03968063517911487,0.0
1593,1.0,0.05,0.0001302791143640296,0.0,0.005861931953856031,0.03968063517911487,0.0
1594,1.0,0.05,0.00013201152583733027,0.0,0.005861931953856031,0.03968063517911487,0.0
1595,1.0,0.05,0.00013201152583733027,0.0,0.006575310047016657,0.11058121062122776,0.0
1596,1.0,0.05,0.00013201152583733027,0.0,0.006575310047016657,0.06376182238713679,0.0
1597,1.0,0.05,0.00013201152583733027,0.0,0.006575310047016657,0.06376182238713679,0.0
1598,1.0,0.05,0.00013201152583733027,0.0,0.005795194056655607,0.06514591760905661,0.0
1599,1.0,0.05,0.00013983073945901208,0.0,0.005795194056655607,0.061080834439086545,0.0
1600,1.0,0.05,0.00013983073945901208,0.0,0.005795194056655607,0.061080834439086545,0.0
1601,1.0,0.05,0.00013971827768552824,0.0,0.005795194056655607,0.061080834439086545,0.0
1602,1.0,0.05,0.00013971827768552824,0.0,0.005795194056655607,0.061080834439086545,0.0
1603,1.0,0.05,0.00013971827768552824,0.0,0.005795194056655607,0.06993762235965928,0.0
1604,1.0,0.05,0.00013971827768552824,0.0,0.005795194056655607,0.06993762235965928,0.0
1605,1.0,0.05,0.00013971827768552824,0.0,0.005795194056655607,0.06993762235965928,0.0
1606,1.0,0.05,0.00013971827768552824,0.0,0.005795194056655607,0.06993762235965928,0.0
1607,1.0,0.05,0.00014017098067458324,0.0,0.005795194056655607,0.06993762235965928,0.0
1608,1.0,0.05,0.00014017098067458324,0.0,0.005795194056655607,0.06993762235965928,0.0
1609,1.0,0.05,0.00012924890349318472,0.0,0.005795194056655607,0.052769864639768224,0.0
1610,1.0,0.05,0.00012924890349318472,0.0,0.005795194056655607,0.052769864639768224,0.0
1611,1.0,0.05,0.00012924890349318472,0.0,0.0059737752462021895,0.06695539803257028,0.0
1612,1.0,0.05,0.0001403073544178815,0.0,0.005794866815654869,0.06695539803257028,0.0
1613,1.0,0.05,0.0001403073544178815,0.0,0.005794866815654869,0.06695539803257028,0.0
1614,1.0,0.05,0.0001403073544178815,0.0,0.005794866815654869,0.06822990420407797,0.0
1615,1.0,0.05,0.0001403073544178815,0.0,0.005794866815654869,0.08313704062029435,0.0
1616,1.0,0.05,0.0001403073544178815,0.0,0.005794866815654869,0.08313704062029435,0.0
1617,1.0,0.05,0.0001403073544178815,0.0,0.005794866815654869,0.08313704062029435,0.0
1618,1.0,0.05,0.0001403073544178815,0.0,0.005794866815654869,0.08313704062029435,0.0
1619,1.0,0.05,0.0001403073544178815,0.0,0.005794866815654869,0.04766314160255831,0.0
1620,1.0,0.05,0.0001403073544178815,0.0,0.005769875645361371,0.04766314160255831,0.0
1621,1.0,0.05,0.0001403073544178815,0.0,0.005769875645361371,0.03997504843312237,0.0
1622,1.0,0.05,0.0001403073544178815,0.0,0.005769875645361371,0.03997504843312237,0.0
1623,1.0,0.05,0.0001403073544178815,0.0,0.005769875645361371,0.03997504843312237,0.0
1624,1.0,0.05,0.0001403073544178815,0.0,0.005769875645361371,0.07680729833058837,0.0
1625,1.0,0.05,0.0001403073544178815,0.0,0.005769875645361371,0.07680729833058837,0.0
1626,1.0,0.05,0.0001403073544178815,0.0,0.005769875645361371,0.07680729833058837,0.0
1627,1.0,0.05,0.0001403073544178815,0.0,0.005769875645361371,0.07680729833058837,0.0
1628,1.0,0.05,0.0001403073544178815,0.0,0.005769875645361371,0.05098889046964579,0.0
1629,1.0,0.05,0.00012912734923603024,0.0,0.005769875645361371,0.05098889046964579,0.0
1630,1.0,0.05,0.00012912734923603024,0.0,0.005769875645361371,0.018317291535032906,0.0
1631,1.0,0.05,0.00013060928119164276,0.0,0.005769875645361371,0.018317291535032906,0.0
1632,1.0,0.05,0.00013060928119164276,0.0,0.005769875645361371,0.05009719178324326,0.0
1633,1.0,0.05,0.00013060928119164276,0.0,0.005769875645361371,0.05009719178324326,0.0
1634,1.0,0.05,0.00013060928119164276,0.0,0.005769875645361371,0.0823847447205543,0.0
1635,1.0,0.05,0.00014202138295795334,0.0,0.005769875645361371,0.049857360954447635,0.0
1636,1.0,0.05,0.00014202138295795334,0.0,0.005769875645361371,0.049857360954447635,0.0
1637,1.0,0.05,0.00014202138295795334,0.0,0.006367873462410314,0.049857360954447635,0.0
1638,1.0,0.05,0.00012874647221495445,0.0,0.006367873462410314,0.049857360954447635,0.0
1639,1.0,0.05,0.00012874647221495445,0.0,0.006367873462410314,0.12840027166485807,0.0
1640,1.0,0.05,0.00012874647221495445,0.0,0.006416805491954262,0.12840027166485807,0.0
1641,1.0,0.05,0.00012874647221495445,0.0,0.006416805491954262,0.12840027166485807,0.0
1642,1.0,0.05,0.00012874647221495445,0.0,0.006416805491954262,0.12840027166485807,0.0
1643,1.0,0.05,0.00012874647221495445,0.0,0.006416805491954262,0.12840027166485807,0.0
1644,1.0,0.05,0.00012874647221495445,0.0,0.006416805491954262,0.09804209938346158,0.0
1645,1.0,0.05,0.00013370517752066594,0.0,0.006416805491954262,0.09100362440214638,0.0
1646,1.0,0.05,0.00013370517752066594,0.0,0.006416805491954262,0.11852100904926247,0.0
1647,1.0,0.05,0.00013370517752066594,0.0,0.006416805491954262,0.11852100904926247,0.0
1648,1.0,0.05,0.00013370517752066594,0.0,0.006416805491954262,0.054506285035937414,0.0
1649,1.0,0.05,0.0001377943238509572,0.0,0.006416805491954262,0.054506285035937414,0.0
1650,1.0,0.05,0.0001377943238509572,0.0,0.006416805491954262,0.03487051304724552,0.0
1651,1.0,0.05,0.0001377943238509572,0.0,0.006416805491954262,0.03487051304724552,0.0
1652,1.0,0.05,0.0001377943238509572,0.0,0.0054517033360110415,0.03487051304724552,0.0
1653,1.0,0.05,0.0001377943238509572,0.0,0.0054517033360110415,0.03487051304724552,0.0
1654,1.0,0.05,0.0001377943238509572,0.0,0.005816240693506542,0.065036970933777,0.0
1655,1.0,0.05,0.0001377943238509572,0.0,0.005816240693506542,0.065036970933777,0.0
1656,1.0,0.05,0.0001377943238509572,0.0,0.005816240693506542,0.065036970933777,0.0
1657,1.0,0.05,0.0001377943238509572,0.0,0.005816240693506542,0.065036970933777,0.0
1658,1.0,0.05,0.0001377943238509572,0.0,0.006053700434229704,0.065036970933777,0.0
1659,1.0,0.05,0.0001377943238509572,0.0,0.006053700434229704,0.05103284841069728,0.0
1660,1.0,0.05,0.0001377943238509572,0.0,0.006053700434229704,0.07112350196786557,0.0
1661,1.0,0.05,0.0001377943238509572,0.0,0.006053700434229704,0.049701538643797914,0.0
1662,1.0,0.05,0.0001377943238509572,0.0,0.006053700434229704,0.049701538643797914,0.0
1663,1.0,0.05,0.0001377943238509572,0.0,0.006053700434229704,0.11865929783414089,0.0
1664,1.0,0.05,0.0001377943238509572,0.0,0.006053700434229704,0.02614357163838788,0.0
1665,1.0,0.05,0.0001377943238509572,0.0,0.006053700434229704,0.028702895140867466,0.0
1666,1.0,0.05,0.0001377943238509572,0.0,0.006053700434229704,0.0667775348553916,0.0
1667,1.0,0.05,0.0001377943238509572,0.0,0.006053700434229704,0.0667775348553916,0.0
1668,1.0,0.05,0.0001377943238509572,0.0,0.006053700434229704,0.008085861721775457,0.0
1669,1.0,0.05,0.0001377943238509572,0.0,0.006053700434229704,0.02683884123293012,0.0
1670,1.0,0.05,0.0001377943238509572,0.0,0.006053700434229704,0.02683884123293012,0.0
1671,1.0,0.05,0.0001377943238509572,0.0,0.006053700434229704,0.02683884123293012,0.0
1672,1.0,0.05,0.0001377943238509572,0.0,0.006053700434229704,0.05022334891455303,0.0
1673,1.0,0.05,0.0001377943238509572,0.0,0.006053700434229704,0.05022334891455303,0.0
1674,1.0,0.05,0.0001377943238509572,0.0,0.006053700434229704,0.05022334891455303,0.0
1675,1.0,0.05,0.0001377943238509572,0.0,0.006053700434229704,0.05022334891455303,0.0
1676,1.0,0.05,0.0001377943238509572,0.0,0.006053700434229704,0.03626725580497775,0.0
1677,1.0,0.05,0.0001377943238509572,0.0,0.006053700434229704,0.03626725580497775,0.0
1678,1.0,0.05,0.0001377943238509572,0.0,0.006053700434229704,0.07418636927244363,0.0
1679,1.0,0.05,0.0001377943238509572,0.0,0.006053700434229704,0.07418636927244363,0.0
1680,1.0,0.05,0.0001377943238509572,0.0,0.006053700434229704,0.03677787887993154,0.0
1681,1.0,0.05,0.0001377943238509572,0.0,0.006053700434229704,0.03677787887993154,0.0
1682,1.0,0.05,0.0001377943238509572,0.0,0.006053700434229704,0.07067340711634372,0.0
1683,1.0,0.05,0.0001377943238509572,0.0,0.006053700434229704,0.09466928072441416,0.0
1684,1.0,0.05,0.0001377943238509572,0.0,0.006053700434229704,0.08694699418882768,0.0
1685,1.0,0.05,0.0001377943238509572,0.0,0.006053700434229704,0.08694699418882768,0.0
1686,1.0,0.05,0.0001377943238509572,0.0,0.006053700434229704,0.03363425734147753,0.0
1687,1.0,0.05,0.00014025492131114787,0.0,0.006053700434229704,0.06339258312856656,0.0
1688,1.0,0.05,0.00014025492131114787,0.0,0.006053700434229704,0.06339258312856656,0.0
1689,1.0,0.05,0.00014025492131114787,0.0,0.006053700434229704,0.06339258312856656,0.0
1690,1.0,0.05,0.00014025492131114787,0.0,0.006053700434229704,0.06339258312856656,0.0
1691,1.0,0.05,0.00013989206888396087,0.0,0.006053700434229704,0.06339258312856656,0.0
1692,1.0,0.05,0.00013989206888396087,0.0,0.0058787110311556345,0.06339258312856656,0.0
1693,1.0,0.05,0.00013989206888396087,0.0,0.0058787110311556345,0.027985660647016696,0.0
1694,1.0,0.05,0.0001368732286462606,0.0,0.0058787110311556345,0.045898076427923984,0.0
1695,1.0,0.05,0.0001368732286462606,0.0,0.0058787110311556345,0.045898076427923984,0.0
1696,1.0,0.05,0.0001368732286462606,0.0,0.0058787110311556345,0.045898076427923984,0.0
1697,1.0,0.05,0.0001368732286462606,0.0,0.0058787110311556345,0.045898076427923984,0.0
1698,1.0,0.05,0.0001368732286462606,0.0,0.0058787110311556345,0.05409384509925477,0.0
1699,1.0,0.05,0.0001368732286462606,0.0,0.0058787110311556345,0.05409384509925477,0.0
1700,1.0,0.05,0.0001368732286462606,0.0,0.0058787110311556345,0.08185574705718204,0.0
1701,1.0,0.05,0.00014145710526589374,0.0,0.0058787110311556345,0.08185574705718204,0.0
1702,1.0,0.05,0.00014145710526589374,0.0,0.0058787110311556345,0.07196891997028322,0.0
1703,1.0,0.05,0.00014145710526589374,0.0,0.0058787110311556345,0.07196891997028322,0.0
1704,1.0,0.05,0.00014145710526589374,0.0,0.0058787110311556345,0.05743888751491841,0.0
1705,1.0,0.05,0.00014145710526589374,0.0,0.0058787110311556345,0.048436825582511195,0.0
1706,1.0,0.05,0.00014145710526589374,0.0,0.0058787110311556345,0.04310996332380656,0.0
1707,1.0,0.05,0.00014145710526589374,0.0,0.0058787110311556345,0.04310996332380656,0.0
1708,1.0,0.05,0.00014145710526589374,0.0,0.0058787110311556345,0.04310996332380656,0.0
1709,1.0,0.05,0.00014145710526589374,0.0,0.0058787110311556345,0.04310996332380656,0.0
1710,1.0,0.05,0.00014145710526589374,0.0,0.0058787110311556345,0.04310996332380656,0.0
1711,1.0,0.05,0.00013733573972459816,0.0,0.0058787110311556345,0.05197832344500413,0.0
1712,1.0,0.05,0.0001322000293043025,0.0,0.0058787110311556345,0.04745335272432454,0.0
1713,1.0,0.05,0.0001322000293043025,0.0,0.0058787110311556345,0.03307719670040747,0.0
1714,1.0,0.05,0.0001322000293043025,0.0,0.0058787110311556345,0.026098897698389384,0.0
1715,1.0,0.05,0.0001322000293043025,0.0,0.0058787110311556345,0.026098897698389384,0.0
1716,1.0,0.05,0.0001322000293043025,0.0,0.0058787110311556345,0.01497638941338961,0.0
1717,1.0,0.05,0.0001322000293043025,0.0,0.0058787110311556345,0.006950925133445929,0.0
1718,1.0,0.05,0.0001322000293043025,0.0,0.0058787110311556345,0.050234863174882204,0.0
1719,1.0,0.05,0.0001322000293043025,0.0,0.0058787110311556345,0.050234863174882204,0.0
1720,1.0,0.05,0.00013407813232732164,0.0,0.0058787110311556345,0.050234863174882204,0.0
1721,1.0,0.05,0.00013407813232732164,0.0,0.0058787110311556345,0.050234863174882204,0.0
1722,1.0,0.05,0.00013407813232732164,0.0,0.0058787110311556345,0.04344178674663274,0.0
1723,1.0,0.05,0.00013407813232732164,0.0,0.0058787110311556345,0.04344178674663274,0.0
1724,1.0,0.05,0.00013407813232732164,0.0,0.0058787110311556345,0.04344178674663274,0.0
1725,1.0,0.05,0.00013407813232732164,0.0,0.0058787110311556345,0.04344178674663274,0.0
1726,1.0,0.05,0.00013407813232732164,0.0,0.0058787110311556345,0.04865695688424705,0.0
1727,1.0,0.05,0.00013407813232732164,0.0,0.0058787110311556345,0.04865695688424705,0.0
1728,1.0,0.05,0.00013407813232732164,0.0,0.0058787110311556345,0.06017414644039365,0.0
1729,1.0,0.05,0.00013407813232732164,0.0,0.0058787110311556345,0.056386423094581695,0.0
1730,1.0,0.05,0.00013407813232732164,0.0,0.006066036414656856,0.04359191185778468,0.0
1731,1.0,0.05,0.00013407813232732164,0.0,0.006066036414656856,0.04359191185778468,0.0
1732,1.0,0.05,0.00013407813232732164,0.0,0.005000596434981696,0.04359191185778468,0.0
1733,1.0,0.05,0.00013407813232732164,0.0,0.005000596434981696,0.04359191185778468,0.0
1734,1.0,0.05,0.00013407813232732164,0.0,0.006153002163715064,0.039107621799099615,0.0
1735,1.0,0.05,0.00013407813232732164,0.0,0.006153002163715064,0.05692494941961233,0.0
1736,1.0,0.05,0.00013407813232732164,0.0,0.006153002163715064,0.05692494941961233,0.0
1737,1.0,0.05,0.00013407813232732164,0.0,0.006153002163715064,0.007457997021266517,0.0
1738,1.0,0.05,0.00013407813232732164,0.0,0.006153002163715064,0.007457997021266517,0.0
1739,1.0,0.05,0.00013407813232732164,0.0,0.006153002163715064,0.007457997021266517,0.0
1740,1.0,0.05,0.00013407813232732164,0.0,0.00606873608988691,0.009407293844320597,0.0
1741,1.0,0.05,0.00013407813232732164,0.0,0.00606873608988691,0.021250499650408202,0.0
1742,1.0,0.05,0.00013407813232732164,0.0,0.007117341453850208,0.021250499650408202,0.0
1743,1.0,0.05,0.00013407813232732164,0.0,0.007117341453850208,0.009663624004526661,0.0
1744,1.0,0.05,0.00013407813232732164,0.0,0.007117341453850208,0.009663624004526661,0.0
1745,1.0,0.05,0.00013407813232732164,0.0,0.005896963538985979,0.017879999631776607,0.0
1746,1.0,0.05,0.00013407813232732164,0.0,0.005896963538985979,0.017879999631776607,0.0
1747,1.0,0.05,0.00013407813232732164,0.0,0.005896963538985979,0.017879999631776607,0.0
1748,1.0,0.05,0.00013407813232732164,0.0,0.005896963538985979,0.017879999631776607,0.0
1749,1.0,0.05,0.00013407813232732164,0.0,0.005896963538985979,0.005168686503490812,0.0
1750,1.0,0.05,0.00013407813232732164,0.0,0.005896963538985979,0.0022677977412405527,0.0
1751,1.0,0.05,0.00013407813232732164,0.0,0.005896963538985979,0.0022677977412405527,0.0
1752,1.0,0.05,0.00013657221175454384,0.0,0.005896963538985979,0.0022677977412405527,0.0
1753,1.0,0.05,0.00013657221175454384,0.0,0.005896963538985979,0.0028776668965189156,0.0
1754,1.0,0.05,0.00013657221175454384,0.0,0.005896963538985979,0.0028776668965189156,0.0
1755,1.0,0.05,0.00013657221175454384,0.0,0.005896963538985979,0.0017484762881466232,0.0
1756,1.0,0.05,0.00013657221175454384,0.0,0.005896963538985979,0.0017484762881466232,0.0
1757,1.0,0.05,0.00013657221175454384,0.0,0.005487809852854852,0.0007193799268022628,0.0
1758,1.0,0.05,0.00013657221175454384,0.0,0.005487809852854852,0.002155412780507101,0.0
1759,1.0,0.05,0.00013657221175454384,0.0,0.005487809852854852,0.0036711745167057755,0.0
1760,1.0,0.05,0.00013032229452665433,0.0,0.005487809852854852,0.006567407413513256,0.0
1761,1.0,0.05,0.00013032229452665433,0.0,0.005487809852854852,0.008017684226974301,0.0
1762,1.0,0.05,0.00013032229452665433,0.0,0.005487809852854852,0.016745379342010334,0.0
1763,1.0,0.05,0.00013032229452665433,0.0,0.005487809852854852,0.031112369474810966,0.0
1764,1.0,0.05,0.00013032229452665433,0.0,0.005431968616668502,0.031112369474810966,0.0
1765,1.0,0.05,0.00013032229452665433,0.0,0.005431968616668502,0.031112369474810966,0.0
1766,1.0,0.05,0.00013032229452665433,0.0,0.005431968616668502,0.02997521975631807,0.0
1767,1.0,0.05,0.00013032229452665433,0.0,0.005431968616668502,0.07088950925915968,0.0
1768,1.0,0.05,0.00013032229452665433,0.0,0.005431968616668502,0.07088950925915968,0.0
1769,1.0,0.05,0.0001248868954014556,0.0,0.0068656555633436955,0.10376068406991185,0.0
1770,1.0,0.05,0.0001248868954014556,0.0,0.0068656555633436955,0.04902461762840742,0.0
1771,1.0,0.05,0.0001248868954014556,0.0,0.006612476684438529,0.04902461762840742,0.0
1772,1.0,0.05,0.0001248868954014556,0.0,0.006612476684438529,0.04902461762840742,0.0
1773,1.0,0.05,0.0001248868954014556,0.0,0.006737769016627996,0.04902461762840742,0.0
1774,1.0,0.05,0.0001248868954014556,0.0,0.006737769016627996,0.04902461762840742,0.0
1775,1.0,0.05,0.00012426033515392044,0.0,0.006737769016627996,0.043320704776681804,0.0
1776,1.0,0.05,0.00012426033515392044,0.0,0.006737769016627996,0.06086518114091079,0.0
1777,1.0,0.05,0.00012426033515392044,0.0,0.006737769016627996,0.03746562098909118,0.0
1778,1.0,0.05,0.00012426033515392044,0.0,0.006737769016627996,0.04803160230705549,0.0
1779,1.0,0.05,0.00012698292198483896,0.0,0.006737769016627996,0.1107361438646065,0.0
1780,1.0,0.05,0.00012698292198483896,0.0,0.0072241137568947004,0.1107361438646065,0.0
1781,1.0,0.05,0.00012698292198483896,0.0,0.0072241137568947004,0.1107361438646065,0.0
1782,1.0,0.05,0.00012698292198483896,0.0,0.0072241137568947004,0.07620915677720078,0.0
1783,1.0,0.05,0.00012698292198483896,0.0,0.006175927473887349,0.11080498358261733,0.0
1784,1.0,0.05,0.0001399050526010558,0.0,0.006175927473887349,0.061909648785150394,0.0
1785,1.0,0.05,0.0001399050526010558,0.0,0.006175927473887349,0.061909648785150394,0.0
1786,1.0,0.05,0.0001399050526010558,0.0,0.006175927473887349,0.026143249943700198,0.0
1787,1.0,0.05,0.0001399050526010558,0.0,0.006175927473887349,0.026143249943700198,0.0
1788,1.0,0.05,0.0001399050526010558,0.0,0.006175927473887349,0.026143249943700198,0.0
1789,1.0,0.05,0.0001399050526010558,0.0,0.006175927473887349,0.026143249943700198,0.0
1790,1.0,0.05,0.0001399050526010558,0.0,0.006175927473887349,0.026143249943700198,0.0
1791,1.0,0.05,0.0001399050526010558,0.0,0.006175927473887349,0.026143249943700198,0.0
1792,1.0,0.05,0.0001399050526010558,0.0,0.006175927473887349,0.026143249943700198,0.0
1793,1.0,0.05,0.0001399050526010558,0.0,0.006175927473887349,0.026143249943700198,0.0
1794,1.0,0.05,0.0001399050526010558,0.0,0.006175927473887349,0.04377025235254435,0.0
1795,1.0,0.05,0.0001399050526010558,0.0,0.006175927473887349,0.04377025235254435,0.0
1796,1.0,0.05,0.0001399050526010558,0.0,0.006175927473887349,0.04377025235254435,0.0
1797,1.0,0.05,0.0001399050526010558,0.0,0.006175927473887349,0.0701895195565359,0.0
1798,1.0,0.05,0.0001399050526010558,0.0,0.006175927473887349,0.08453098149012059,0.0
1799,1.0,0.05,0.00013874968386155354,0.0,0.006175927473887349,0.09005782775671517,0.0
1800,1.0,0.05,0.00013874968386155354,0.0,0.006175927473887349,0.09952636787612179,0.0
1801,1.0,0.05,0.00013874968386155354,0.0,0.006175927473887349,0.0343638680959352,0.0
1802,1.0,0.05,0.00013874968386155354,0.0,0.006175927473887349,0.025325136950449977,0.0
1803,1.0,0.05,0.00013874968386155354,0.0,0.005653718089298603,0.03068007678697366,0.0
1804,1.0,0.05,0.00013874968386155354,0.0,0.005653718089298603,0.03068007678697366,0.0
1805,1.0,0.05,0.00013874968386155354,0.0,0.005653718089298603,0.04579797119812421,0.0
1806,1.0,0.05,0.00013874968386155354,0.0,0.005653718089298603,0.09883489307106386,0.0
1807,1.0,0.05,0.00013874968386155354,0.0,0.005653718089298603,0.03673972963472576,0.0
1808,1.0,0.05,0.00013462158130756268,0.0,0.005653718089298603,0.03064010517627096,0.0
1809,1.0,0.05,0.00013462158130756268,0.0,0.005890742536828185,0.028065238082858962,0.0
1810,1.0,0.05,0.00013462158130756268,0.0,0.005890742536828185,0.028065238082858962,0.0
1811,1.0,0.05,0.00013462158130756268,0.0,0.005890742536828185,0.028087997462669916,0.0
1812,1.0,0.05,0.00013462158130756268,0.0,0.005890742536828185,0.028087997462669916,0.0
1813,1.0,0.05,0.00013462158130756268,0.0,0.006125849028589965,0.053864036508542074,0.0
1814,1.0,0.05,0.00013462158130756268,0.0,0.0056520578489124085,0.053864036508542074,0.0
1815,1.0,0.05,0.00013462158130756268,0.0,0.0056520578489124085,0.053864036508542074,0.0
1816,1.0,0.05,0.00013529300639008668,0.0,0.0056520578489124085,0.053864036508542074,0.0
1817,1.0,0.05,0.00013529300639008668,0.0,0.0056520578489124085,0.032540790518116244,0.0
1818,1.0,0.05,0.00013529300639008668,0.0,0.0056520578489124085,0.032540790518116244,0.0
1819,1.0,0.05,0.00013529300639008668,0.0,0.0056520578489124085,0.03225696815393035,0.0
1820,1.0,0.05,0.00013529300639008668,0.0,0.0056520578489124085,0.03225696815393035,0.0
1821,1.0,0.05,0.00013817584382352674,0.0,0.0056520578489124085,0.03225696815393035,0.0
1822,1.0,0.05,0.00013817584382352674,0.0,0.0056520578489124085,0.034528423669072494,0.0
1823,1.0,0.05,0.00013817584382352674,0.0,0.0056520578489124085,0.034528423669072494,0.0
1824,1.0,0.05,0.00013817584382352674,0.0,0.0056520578489124085,0.04423676452591633,0.0
1825,1.0,0.05,0.00013817584382352674,0.0,0.0056520578489124085,0.028736015993556765,0.0
1826,1.0,0.05,0.00013817584382352674,0.0,0.0056520578489124085,0.028736015993556765,0.0
1827,1.0,0.05,0.00013817584382352674,0.0,0.006001526957067012,0.05761842751810137,0.0
1828,1.0,0.05,0.00013817584382352674,0.0,0.006001526957067012,0.05761842751810137,0.0
1829,1.0,0.05,0.00013817584382352674,0.0,0.006001526957067012,0.10333296991082175,0.0
1830,1.0,0.05,0.00013817584382352674,0.0,0.006001526957067012,0.049368696216013995,0.0
1831,1.0,0.05,0.00013151997934722392,0.0,0.006001526957067012,0.054626467421354394,0.0
1832,1.0,0.05,0.00013819265765499557,0.0,0.006001526957067012,0.054626467421354394,0.0
1833,1.0,0.05,0.00013819265765499557,0.0,0.006001526957067012,0.054626467421354394,0.0
1834,1.0,0.05,0.00013819265765499557,0.0,0.006001526957067012,0.054626467421354394,0.0
1835,1.0,0.05,0.0001332428000827477,0.0,0.006001526957067012,0.06696506627784136,0.0
1836,1.0,0.05,0.0001332428000827477,0.0,0.006001526957067012,0.06696506627784136,0.0
1837,1.0,0.05,0.0001332428000827477,0.0,0.006001526957067012,0.0692707959897603,0.0
1838,1.0,0.05,0.0001332428000827477,0.0,0.006001526957067012,0.0692707959897603,0.0
1839,1.0,0.05,0.0001323660658210881,0.0,0.006001526957067012,0.0910873899221684,0.0
1840,1.0,0.05,0.0001323660658210881,0.0,0.006001526957067012,0.06467380399523703,0.0
1841,1.0,0.05,0.0001323660658210881,0.0,0.006001526957067012,0.041810123421430305,0.0
1842,1.0,0.05,0.00013662708592681994,0.0,0.006001526957067012,0.04289407914763684,0.0
1843,1.0,0.05,0.0001351682911806414,0.0,0.006001526957067012,0.04289407914763684,0.0
1844,1.0,0.05,0.0001351682911806414,0.0,0.005866859003054199,0.023232625424349927,0.0
1845,1.0,0.05,0.0001351682911806414,0.0,0.005866859003054199,0.03505967829279055,0.0
1846,1.0,0.05,0.0001351682911806414,0.0,0.005866859003054199,0.03505967829279055,0.0
1847,1.0,0.05,0.0001351682911806414,0.0,0.005866859003054199,0.07402336886873297,0.0
1848,1.0,0.05,0.0001351682911806414,0.0,0.005866859003054199,0.06271468367934989,0.0
1849,1.0,0.05,0.0001351682911806414,0.0,0.005866859003054199,0.08761527393105495,0.0
1850,1.0,0.05,0.0001351682911806414,0.0,0.005866859003054199,0.08761527393105495,0.0
1851,1.0,0.05,0.0001351682911806414,0.0,0.005866859003054199,0.08761527393105495,0.0
1852,1.0,0.05,0.0001351682911806414,0.0,0.005866859003054199,0.05279856332411287,0.0
1853,1.0,0.05,0.0001351682911806414,0.0,0.005866859003054199,0.05279856332411287,0.0
1854,1.0,0.05,0.0001351682911806414,0.0,0.005866859003054199,0.07653786297721052,0.0
1855,1.0,0.05,0.0001351682911806414,0.0,0.006127851608351018,0.07653786297721052,0.0
1856,1.0,0.05,0.0001351682911806414,0.0,0.006127851608351018,0.0491388842330336,0.0
1857,1.0,0.05,0.0001351682911806414,0.0,0.006127851608351018,0.0491388842330336,0.0
1858,1.0,0.05,0.0001351682911806414,0.0,0.006127851608351018,0.07306183532730864,0.0
1859,1.0,0.05,0.0001351682911806414,0.0,0.006127851608351018,0.07306183532730864,0.0
1860,1.0,0.05,0.0001351682911806414,0.0,0.006127851608351018,0.07306183532730864,0.0
1861,1.0,0.05,0.0001351682911806414,0.0,0.006127851608351018,0.07306183532730864,0.0
1862,1.0,0.05,0.0001351682911806414,0.0,0.006127851608351018,0.07306183532730864,0.0
1863,1.0,0.05,0.0001351682911806414,0.0,0.006127851608351018,0.07306183532730864,0.0
1864,1.0,0.05,0.00013067358297372579,0.0,0.006127851608351018,0.07306183532730864,0.0
1865,1.0,0.05,0.00013067358297372579,0.0,0.006127851608351018,0.07306183532730864,0.0
1866,1.0,0.05,0.00013067358297372579,0.0,0.006954563380298403,0.07306183532730864,0.0
1867,1.0,0.05,0.00013067358297372579,0.0,0.006954563380298403,0.050115017386992006,0.0
1868,1.0,0.05,0.00013067358297372579,0.0,0.007634662229281927,0.050115017386992006,0.0
1869,1.0,0.05,0.00013067358297372579,0.0,0.006791888898889602,0.050115017386992006,0.0
1870,1.0,0.05,0.00013067358297372579,0.0,0.006791888898889602,0.08024721946419087,0.0
1871,1.0,0.05,0.00013067358297372579,0.0,0.005349720010216655,0.08024721946419087,0.0
1872,1.0,0.05,0.00013067358297372579,0.0,0.005349720010216655,0.08024721946419087,0.0
1873,1.0,0.05,0.00013067358297372579,0.0,0.005349720010216655,0.05818239910724274,0.0
1874,1.0,0.05,0.00013067358297372579,0.0,0.005349720010216655,0.036466182585555035,0.0
1875,1.0,0.05,0.00013067358297372579,0.0,0.005349720010216655,0.036466182585555035,0.0
1876,1.0,0.05,0.00013067358297372579,0.0,0.005349720010216655,0.036466182585555035,0.0
1877,1.0,0.05,0.00013067358297372579,0.0,0.005349720010216655,0.036466182585555035,0.0
1878,1.0,0.05,0.00013067358297372579,0.0,0.005349720010216655,0.036466182585555035,0.0
1879,1.0,0.05,0.00013067358297372579,0.0,0.005400962039522912,0.047097374294919996,0.0
1880,1.0,0.05,0.00014077833645851346,0.0,0.005400962039522912,0.047097374294919996,0.0
1881,1.0,0.05,0.00014077833645851346,0.0,0.005400962039522912,0.04361662746259581,0.0
1882,1.0,0.05,0.00014077833645851346,0.0,0.006277554243302707,0.04361662746259581,0.0
1883,1.0,0.05,0.00013888285128263269,0.0,0.006277554243302707,0.04501080792056257,0.0
1884,1.0,0.05,0.00013221345343230622,0.0,0.006277554243302707,0.036948552383230096,0.0
1885,1.0,0.05,0.00013221345343230622,0.0,0.00544218593048711,0.036948552383230096,0.0
1886,1.0,0.05,0.00013221345343230622,0.0,0.00544218593048711,0.05540948062214969,0.0
1887,1.0,0.05,0.00013221345343230622,0.0,0.00544218593048711,0.05540948062214969,0.0
1888,1.0,0.05,0.00013221345343230622,0.0,0.00544218593048711,0.05540948062214969,0.0
1889,1.0,0.05,0.00013221345343230622,0.0,0.00544218593048711,0.08233543993740439,0.0
1890,1.0,0.05,0.00013221345343230622,0.0,0.005848985416983259,0.07355212576847889,0.0
1891,1.0,0.05,0.00013221345343230622,0.0,0.005848985416983259,0.07355212576847889,0.0
1892,1.0,0.05,0.00013221345343230622,0.0,0.005848985416983259,0.07355212576847889,0.0
1893,1.0,0.05,0.00013221345343230622,0.0,0.005848985416983259,0.07355212576847889,0.0
1894,1.0,0.05,0.00013221345343230622,0.0,0.005848985416983259,0.0796089496408444,0.0
1895,1.0,0.05,0.00014124972276202056,0.0,0.006127467114863499,0.07721980489104438,0.0
1896,1.0,0.05,0.00014124972276202056,0.0,0.006127467114863499,0.07721980489104438,0.0
1897,1.0,0.05,0.00012233907716406435,0.0,0.006127467114863499,0.07721980489104438,0.0
1898,1.0,0.05,0.00012233907716406435,0.0,0.006127467114863499,0.12302999216920982,0.0
1899,1.0,0.05,0.00012233907716406435,0.0,0.007983280702755119,0.12302999216920982,0.0
1900,1.0,0.05,0.00012233907716406435,0.0,0.007983280702755119,0.12302999216920982,0.0
1901,1.0,0.05,0.00012233907716406435,0.0,0.007116717551705956,0.08037436048459162,0.0
1902,1.0,0.05,0.00012233907716406435,0.0,0.007116717551705956,0.08037436048459162,0.0
1903,1.0,0.05,0.00012233907716406435,0.0,0.007477212037798242,0.08439698747182499,0.0
1904,1.0,0.05,0.00012233907716406435,0.0,0.007477212037798242,0.08439698747182499,0.0
1905,1.0,0.05,0.00012233907716406435,0.0,0.007477212037798242,0.08439698747182499,0.0
1906,1.0,0.05,0.00012233907716406435,0.0,0.007477212037798242,0.05203640481333038,0.0
1907,1.0,0.05,0.00012233907716406435,0.0,0.007477212037798242,0.05203640481333038,0.0
1908,1.0,0.05,0.00012233907716406435,0.0,0.007477212037798242,0.08001018989615236,0.0
1909,1.0,0.05,0.0001293950994509918,0.0,0.007477212037798242,0.09682655468634997,0.0
1910,1.0,0.05,0.0001293950994509918,0.0,0.007477212037798242,0.09682655468634997,0.0
1911,1.0,0.05,0.0001293950994509918,0.0,0.007477212037798242,0.04673156404120567,0.0
1912,1.0,0.05,0.0001293950994509918,0.0,0.006376788876019117,0.04673156404120567,0.0
1913,1.0,0.05,0.0001293950994509918,0.0,0.007289033473157587,0.05745000530242731,0.0
1914,1.0,0.05,0.0001293950994509918,0.0,0.007289033473157587,0.05745000530242731,0.0
1915,1.0,0.05,0.0001293950994509918,0.0,0.007289033473157587,0.04269917023668279,0.0
1916,1.0,0.05,0.0001293950994509918,0.0,0.007289033473157587,0.11716773606049967,0.0
1917,1.0,0.05,0.0001293950994509918,0.0,0.007289033473157587,0.04590186147789884,0.0
1918,1.0,0.05,0.0001293950994509918,0.0,0.006791022229559597,0.04590186147789884,0.0
1919,1.0,0.05,0.0001293950994509918,0.0,0.006791022229559597,0.04590186147789884,0.0
1920,1.0,0.05,0.0001293950994509918,0.0,0.005934731074469468,0.05764995140473038,0.0
1921,1.0,0.05,0.0001293950994509918,0.0,0.005934731074469468,0.09143500463317503,0.0
1922,1.0,0.05,0.0001293950994509918,0.0,0.005934731074469468,0.09143500463317503,0.0
1923,1.0,0.05,0.0001293950994509918,0.0,0.005934731074469468,0.09143500463317503,0.0
1924,1.0,0.05,0.0001293950994509918,0.0,0.005934731074469468,0.046249473353324064,0.0
1925,1.0,0.05,0.00013864647126142471,0.0,0.005934731074469468,0.04963020186197725,0.0
1926,1.0,0.05,0.00013864647126142471,0.0,0.005934731074469468,0.03186022462822925,0.0
1927,1.0,0.05,0.00013864647126142471,0.0,0.005934731074469468,0.033497111306215285,0.0
1928,1.0,0.05,0.00013864647126142471,0.0,0.005934731074469468,0.033497111306215285,0.0
1929,1.0,0.05,0.00013864647126142471,0.0,0.005934731074469468,0.033497111306215285,0.0
1930,1.0,0.05,0.00013864647126142471,0.0,0.005934731074469468,0.0328481841411042,0.0
1931,1.0,0.05,0.00013864647126142471,0.0,0.005934731074469468,0.017049942963137946,0.0
1932,1.0,0.05,0.00013864647126142471,0.0,0.005540881988320076,0.017049942963137946,0.0
1933,1.0,0.05,0.00013864647126142471,0.0,0.005540881988320076,0.017049942963137946,0.0
1934,1.0,0.05,0.00013864647126142471,0.0,0.005540881988320076,0.018201201112466606,0.0
1935,1.0,0.05,0.00013864647126142471,0.0,0.005540881988320076,0.034747247099668976,0.0
1936,1.0,0.05,0.00013864647126142471,0.0,0.005540881988320076,0.046535365591713625,0.0
1937,1.0,0.05,0.00013864647126142471,0.0,0.005540881988320076,0.04326826387702195,0.0
1938,1.0,0.05,0.00013864647126142471,0.0,0.005540881988320076,0.04326826387702195,0.0
1939,1.0,0.05,0.0001350222940718218,0.0,0.005540881988320076,0.09675361793762396,0.0
1940,1.0,0.05,0.0001350222940718218,0.0,0.0054139704834272875,0.09675361793762396,0.0
1941,1.0,0.05,0.0001350222940718218,0.0,0.005915191647897738,0.1088727800623634,0.0
1942,1.0,0.05,0.0001350222940718218,0.0,0.005915191647897738,0.04630975902252457,0.0
1943,1.0,0.05,0.0001350222940718218,0.0,0.005915191647897738,0.04630975902252457,0.0
1944,1.0,0.05,0.0001350222940718218,0.0,0.005915191647897738,0.08572695439018455,0.0
1945,1.0,0.05,0.0001350222940718218,0.0,0.005915191647897738,0.08572695439018455,0.0
1946,1.0,0.05,0.0001350222940718218,0.0,0.005915191647897738,0.08572695439018455,0.0
1947,1.0,0.05,0.0001350222940718218,0.0,0.005915191647897738,0.03124926943390962,0.0
1948,1.0,0.05,0.0001350222940718218,0.0,0.005915191647897738,0.03124926943390962,0.0
1949,1.0,0.05,0.0001350222940718218,0.0,0.005915191647897738,0.03124926943390962,0.0
1950,1.0,0.05,0.0001350222940718218,0.0,0.005915191647897738,0.03124926943390962,0.0
1951,1.0,0.05,0.00013663550429634342,0.0,0.005915191647897738,0.03124926943390962,0.0
1952,1.0,0.05,0.00013663550429634342,0.0,0.005915191647897738,0.01505266106262029,0.0
1953,1.0,0.05,0.00013663550429634342,0.0,0.005915191647897738,0.03229929473802132,0.0
1954,1.0,0.05,0.00013663550429634342,0.0,0.005915191647897738,0.03229929473802132,0.0
1955,1.0,0.05,0.00013663550429634342,0.0,0.005915191647897738,0.11859217405256707,0.0
1956,1.0,0.05,0.00013663550429634342,0.0,0.005915191647897738,0.11859217405256707,0.0
1957,1.0,0.05,0.00013663550429634342,0.0,0.005915191647897738,0.051011958048674824,0.0
1958,1.0,0.05,0.00013663550429634342,0.0,0.005915191647897738,0.019320530602590633,0.0
1959,1.0,0.05,0.00013663550429634342,0.0,0.005915191647897738,0.11924459376040628,0.0
1960,1.0,0.05,0.00013663550429634342,0.0,0.005915191647897738,0.021603002535738144,0.0
1961,1.0,0.05,0.00013663550429634342,0.0,0.005915191647897738,0.04243107980819795,0.0
1962,1.0,0.05,0.00013663550429634342,0.0,0.005915191647897738,0.04243107980819795,0.0
1963,1.0,0.05,0.00013663550429634342,0.0,0.005755279927544656,0.04243107980819795,0.0
1964,1.0,0.05,0.00013663550429634342,0.0,0.005755279927544656,0.04243107980819795,0.0
1965,1.0,0.05,0.00013663550429634342,0.0,0.005755279927544656,0.04243107980819795,0.0
1966,1.0,0.05,0.00013663550429634342,0.0,0.00591380355275375,0.04243107980819795,0.0
1967,1.0,0.05,0.00013663550429634342,0.0,0.00591380355275375,0.04243107980819795,0.0
1968,1.0,0.05,0.00013182027933373425,0.0,0.00591380355275375,0.04243107980819795,0.0
1969,1.0,0.05,0.00013182027933373425,0.0,0.005934297634574151,0.04243107980819795,0.0
1970,1.0,0.05,0.00013182027933373425,0.0,0.005934297634574151,0.04243107980819795,0.0
1971,1.0,0.05,0.00013182027933373425,0.0,0.005934297634574151,0.08436745425383822,0.0
1972,1.0,0.05,0.00013182027933373425,0.0,0.005934297634574151,0.044965880664481914,0.0
1973,1.0,0.05,0.00013182027933373425,0.0,0.005306955914430541,0.09918432099355126,0.0
1974,1.0,0.05,0.00013182027933373425,0.0,0.006782467819103294,0.055630727549306314,0.0
1975,1.0,0.05,0.00013182027933373425,0.0,0.006782467819103294,0.055630727549306314,0.0
1976,1.0,0.05,0.00013182027933373425,0.0,0.006782467819103294,0.13009728562424902,0.0
1977,1.0,0.05,0.00013182027933373425,0.0,0.006782467819103294,0.13009728562424902,0.0
1978,1.0,0.05,0.0001237103284725073,0.0,0.006782467819103294,0.13009728562424902,0.0
1979,1.0,0.05,0.0001237103284725073,0.0,0.006782467819103294,0.13009728562424902,0.0
1980,1.0,0.05,0.0001237103284725073,0.0,0.006782467819103294,0.13009728562424902,0.0
1981,1.0,0.05,0.0001237103284725073,0.0,0.006782467819103294,0.13009728562424902,0.0
1982,1.0,0.05,0.0001237103284725073,0.0,0.006782467819103294,0.07911503425732698,0.0
1983,1.0,0.05,0.0001237103284725073,0.0,0.006548874370167853,0.10560908229425818,0.0
1984,1.0,0.05,0.0001237103284725073,0.0,0.006548874370167853,0.13771203382158284,0.0
1985,1.0,0.05,0.0001303477478244059,0.0,0.006548874370167853,0.13771203382158284,0.0
1986,1.0,0.05,0.0001303477478244059,0.0,0.006548874370167853,0.13771203382158284,0.0
1987,1.0,0.05,0.0001303477478244059,0.0,0.006548874370167853,0.08051641808872392,0.0
1988,1.0,0.05,0.0001303477478244059,0.0,0.007481999689082992,0.08051641808872392,0.0
1989,1.0,0.05,0.0001303477478244059,0.0,0.007510510227932839,0.08051641808872392,0.0
1990,1.0,0.05,0.0001303477478244059,0.0,0.007510510227932839,0.08051641808872392,0.0
1991,1.0,0.05,0.0001320924063616108,0.0,0.007510510227932839,0.08051641808872392,0.0
1992,1.0,0.05,0.0001320924063616108,0.0,0.007314922943487436,0.08425576723093588,0.0
1993,1.0,0.05,0.0001320924063616108,0.0,0.007314922943487436,0.02858782707557834,0.0
1994,1.0,0.05,0.0001320924063616108,0.0,0.007314922943487436,0.0352030515539658,0.0
1995,1.0,0.05,0.0001320924063616108,0.0,0.007314922943487436,0.022891087550660754,0.0
1996,1.0,0.05,0.0001320924063616108,0.0,0.007314922943487436,0.022891087550660754,0.0
1997,1.0,0.05,0.0001320924063616108,0.0,0.005992542580820721,0.022891087550660754,0.0
1998,1.0,0.05,0.0001320924063616108,0.0,0.005992542580820721,0.022891087550660754,0.0
1999,1.0,0.05,0.0001320924063616108,0.0,0.005992542580820721,0.02053988518873267,0.0
2000,1.0,0.05,0.0001320924063616108,0.0,0.005992542580820721,0.06729027130572354,0.0
2001,1.0,0.05,0.0001320924063616108,0.0,0.005992542580820721,0.04749906984430307,0.0
2002,1.0,0.05,0.0001320924063616108,0.0,0.005992542580820721,0.04749906984430307,0.0
2003,1.0,0.05,0.0001320924063616108,0.0,0.005992542580820721,0.04749906984430307,0.0
2004,1.0,0.05,0.0001320924063616108,0.0,0.005992542580820721,0.04749906984430307,0.0
2005,1.0,0.05,0.0001320924063616108,0.0,0.005992542580820721,0.06558144124303132,0.0
2006,1.0,0.05,0.0001320924063616108,0.0,0.005992542580820721,0.06558144124303132,0.0
2007,1.0,0.05,0.00012847311716721147,0.0,0.005992542580820721,0.06558144124303132,0.0
2008,1.0,0.05,0.00012901759906479721,0.0,0.005992542580820721,0.06558144124303132,0.0
2009,1.0,0.05,0.00012901759906479721,0.0,0.005992542580820721,0.06558144124303132,0.0
2010,1.0,0.05,0.0001393191299148716,0.0,0.005992542580820721,0.06558144124303132,0.0
2011,1.0,0.05,0.0001393191299148716,0.0,0.005992542580820721,0.06558144124303132,0.0
2012,1.0,0.05,0.0001393191299148716,0.0,0.005992542580820721,0.06558144124303132,0.0
2013,1.0,0.05,0.0001393191299148716,0.0,0.005992542580820721,0.06558144124303132,0.0
2014,1.0,0.05,0.0001393191299148716,0.0,0.005992542580820721,0.06558144124303132,0.0
2015,1.0,0.05,0.0001393191299148716,0.0,0.0056209548797343765,0.06558144124303132,0.0
2016,1.0,0.05,0.0001393191299148716,0.0,0.0056209548797343765,0.11692525638438453,0.0
2017,1.0,0.05,0.0001393191299148716,0.0,0.0056209548797343765,0.11692525638438453,0.0
2018,1.0,0.05,0.0001393191299148716,0.0,0.0056209548797343765,0.11692525638438453,0.0
2019,1.0,0.05,0.0001393191299148716,0.0,0.0056209548797343765,0.050064519558624676,0.0
2020,1.0,0.05,0.0001393191299148716,0.0,0.0056209548797343765,0.050064519558624676,0.0
2021,1.0,0.05,0.0001393191299148716,0.0,0.005917747808124234,0.030874555893907606,0.0
2022,1.0,0.05,0.0001393191299148716,0.0,0.005600231152459764,0.030874555893907606,0.0
2023,1.0,0.05,0.0001393191299148716,0.0,0.005600231152459764,0.030874555893907606,0.0
2024,1.0,0.05,0.0001393191299148716,0.0,0.005600231152459764,0.010701510396852047,0.0
2025,1.0,0.05,0.0001393191299148716,0.0,0.005600231152459764,0.010701510396852047,0.0
2026,1.0,0.05,0.0001393191299148716,0.0,0.005600231152459764,0.010701510396852047,0.0
2027,1.0,0.05,0.0001393191299148716,0.0,0.005600231152459764,0.010701510396852047,0.0
2028,1.0,0.05,0.0001393191299148716,0.0,0.005600231152459764,0.052402831074326854,0.0
2029,1.0,0.05,0.0001393191299148716,0.0,0.005600231152459764,0.052402831074326854,0.0
2030,1.0,0.05,0.0001393191299148716,0.0,0.006162403524334763,0.03645619967166133,0.0
2031,1.0,0.05,0.0001393191299148716,0.0,0.006162403524334763,0.05821557566686182,0.0
2032,1.0,0.05,0.0001393191299148716,0.0,0.006162403524334763,0.05821557566686182,0.0
2033,1.0,0.05,0.0001393191299148716,0.0,0.006162403524334763,0.05821557566686182,0.0
2034,1.0,0.05,0.0001393191299148716,0.0,0.006162403524334763,0.05821557566686182,0.0
2035,1.0,0.05,0.0001393191299148716,0.0,0.006162403524334763,0.07799944122071636,0.0
2036,1.0,0.05,0.0001393191299148716,0.0,0.006162403524334763,0.07799944122071636,0.0
2037,1.0,0.05,0.0001393191299148716,0.0,0.006162403524334763,0.07799944122071636,0.0
2038,1.0,0.05,0.0001393191299148716,0.0,0.006162403524334763,0.07799944122071636,0.0
2039,1.0,0.05,0.0001393191299148716,0.0,0.0061396522713195465,0.07799944122071636,0.0
2040,1.0,0.05,0.0001393191299148716,0.0,0.0061396522713195465,0.07799944122071636,0.0
2041,1.0,0.05,0.00012598315037113227,0.0,0.0061396522713195465,0.08866718727795946,0.0
2042,1.0,0.05,0.00012487973365873643,0.0,0.0061396522713195465,0.08866718727795946,0.0
2043,1.0,0.05,0.00011893254961416275,0.0,0.008220285264451255,0.11565507767773298,0.0
2044,1.0,0.05,0.00012192274788213776,0.0,0.008220285264451255,0.11565507767773298,0.0
2045,1.0,0.05,0.00012192274788213776,0.0,0.008220285264451255,0.13504120630818403,0.0
2046,1.0,0.05,0.00012192274788213776,0.0,0.007639889872341186,0.10174576020991388,0.0
2047,1.0,0.05,0.00012175187743144951,0.0,0.007639889872341186,0.04810332916529141,0.0
2048,1.0,0.05,0.00012175187743144951,0.0,0.007639889872341186,0.04810332916529141,0.0
2049,1.0,0.05,0.00012737699818928086,0.0,0.007639889872341186,0.04810332916529141,0.0
2050,1.0,0.05,0.00012737699818928086,0.0,0.007639889872341186,0.04810332916529141,0.0
2051,1.0,0.05,0.00012737699818928086,0.0,0.007639889872341186,0.0860805712017026,0.0
2052,1.0,0.05,0.00012737699818928086,0.0,0.007639889872341186,0.0860805712017026,0.0
2053,1.0,0.05,0.00011222427408542462,0.0,0.007639889872341186,0.0860805712017026,0.0
2054,1.0,0.05,0.00011222427408542462,0.0,0.007639889872341186,0.1159952567732997,0.0
2055,1.0,0.05,0.00011222427408542462,0.0,0.007639889872341186,0.11099342007502244,0.0
2056,1.0,0.05,0.00011222427408542462,0.0,0.007639889872341186,0.05528805633229179,0.0
2057,1.0,0.05,0.00011222427408542462,0.0,0.00796106839597492,0.1854408705990902,0.0
2058,1.0,0.05,0.00011222427408542462,0.0,0.00796106839597492,0.19891046582349833,0.0
2059,1.0,0.05,0.00013516986705227254,0.0,0.00796106839597492,0.032739634082835034,0.0
2060,1.0,0.05,0.00011268685419718426,0.0,0.00796106839597492,0.06258307798512888,0.0
2061,1.0,0.05,0.00012099521935554577,0.0,0.00796106839597492,0.0869809196886426,0.0
2062,1.0,0.05,0.00012099521935554577,0.0,0.00796106839597492,0.0869809196886426,0.0
2063,1.0,0.05,0.00012099521935554577,0.0,0.00796106839597492,0.08615192104220111,0.0
2064,1.0,0.05,0.00012099521935554577,0.0,0.00796106839597492,0.108586721230714,0.0
2065,1.0,0.05,0.00012099521935554577,0.0,0.00796106839597492,0.108586721230714,0.0
2066,1.0,0.05,0.000120600041817531,0.0,0.00796106839597492,0.108586721230714,0.0
2067,1.0,0.05,0.000120600041817531,0.0,0.00796106839597492,0.108586721230714,0.0
2068,1.0,0.05,0.000120600041817531,0.0,0.00796106839597492,0.108586721230714,0.0
2069,1.0,0.05,0.000120600041817531,0.0,0.00796106839597492,0.108586721230714,0.0
2070,1.0,0.05,0.000120600041817531,0.0,0.00796106839597492,0.061581450173050084,0.0
2071,1.0,0.05,0.0001194086840290525,0.0,0.00796106839597492,0.061581450173050084,0.0
2072,1.0,0.05,0.0001263001809998541,0.0,0.008411213577627901,0.08843672705227718,0.0
2073,1.0,0.05,0.0001263001809998541,0.0,0.008411213577627901,0.1303074963581415,0.0
2074,1.0,0.05,0.0001263001809998541,0.0,0.00662877875602287,0.1303074963581415,0.0
2075,1.0,0.05,0.0001263001809998541,0.0,0.00662877875602287,0.17380182112805947,0.0
2076,1.0,0.05,0.0001263001809998541,0.0,0.00662877875602287,0.028777360121754872,0.0
2077,1.0,0.05,0.00014348509755673656,0.0,0.006196253357273837,0.028777360121754872,0.0
2078,1.0,0.05,0.00014191881747564267,0.0,0.006196253357273837,0.028777360121754872,0.0
2079,1.0,0.05,0.00014191881747564267,0.0,0.006196253357273837,0.028777360121754872,0.0
2080,1.0,0.05,0.00014191881747564267,0.0,0.006196253357273837,0.028777360121754872,0.0
2081,1.0,0.05,0.00014191881747564267,0.0,0.006196253357273837,0.030044191831606677,0.0
2082,1.0,0.05,0.00014191881747564267,0.0,0.006196253357273837,0.03992590644154068,0.0
2083,1.0,0.05,0.00014191881747564267,0.0,0.006196253357273837,0.03992590644154068,0.0
2084,1.0,0.05,0.00014191881747564267,0.0,0.006196253357273837,0.03381292309151144,0.0
2085,1.0,0.05,0.00014191881747564267,0.0,0.006196253357273837,0.031750564059051696,0.0
2086,1.0,0.05,0.00014191881747564267,0.0,0.006196253357273837,0.028650265832528554,0.0
2087,1.0,0.05,0.00014191881747564267,0.0,0.006196253357273837,0.028650265832528554,0.0
2088,1.0,0.05,0.00014191881747564267,0.0,0.006196253357273837,0.0684397676845669,0.0
2089,1.0,0.05,0.00013562924671212034,0.0,0.006196253357273837,0.0684397676845669,0.0
2090,1.0,0.05,0.00013562924671212034,0.0,0.006196253357273837,0.034100398042231646,0.0
2091,1.0,0.05,0.00013562924671212034,0.0,0.006196253357273837,0.034100398042231646,0.0
2092,1.0,0.05,0.00013562924671212034,0.0,0.006196253357273837,0.055640384000459266,0.0
2093,1.0,0.05,0.00013562924671212034,0.0,0.006196253357273837,0.055640384000459266,0.0
2094,1.0,0.05,0.00013562924671212034,0.0,0.006768139782137773,0.055640384000459266,0.0
2095,1.0,0.05,0.00012871570270319986,0.0,0.007682086813464495,0.055640384000459266,0.0
2096,1.0,0.05,0.00012689884608360722,0.0,0.007682086813464495,0.055640384000459266,0.0
2097,1.0,0.05,0.00012689884608360722,0.0,0.0076794562074827205,0.06003286536444613,0.0
2098,1.0,0.05,0.00012689884608360722,0.0,0.0076794562074827205,0.10865483318375031,0.0
2099,1.0,0.05,0.00012689884608360722,0.0,0.0076794562074827205,0.1163878664213503,0.0
2100,1.0,0.05,0.00011788140888695235,0.0,0.0076794562074827205,0.1163878664213503,0.0
2101,1.0,0.05,0.00011788140888695235,0.0,0.0076794562074827205,0.09302839084491511,0.0
2102,1.0,0.05,0.00011788140888695235,0.0,0.0076794562074827205,0.09302839084491511,0.0
2103,1.0,0.05,0.00011788140888695235,0.0,0.0076794562074827205,0.033945069315776406,0.0
2104,1.0,0.05,0.00011788140888695235,0.0,0.0076794562074827205,0.033945069315776406,0.0
2105,1.0,0.05,0.00011788140888695235,0.0,0.0076794562074827205,0.03758033977488698,0.0
2106,1.0,0.05,0.00011788140888695235,0.0,0.0076794562074827205,0.03758033977488698,0.0
2107,1.0,0.05,0.00011788140888695235,0.0,0.0076794562074827205,0.09215750564365816,0.0
2108,1.0,0.05,0.00011788140888695235,0.0,0.0076794562074827205,0.10372819696310243,0.0
2109,1.0,0.05,0.00011788140888695235,0.0,0.008093441567577946,0.05901700073867457,0.0
2110,1.0,0.05,0.00011788140888695235,0.0,0.008093441567577946,0.11458242992983206,0.0
2111,1.0,0.05,0.00011788140888695235,0.0,0.008093441567577946,0.11458242992983206,0.0
2112,1.0,0.05,0.00011788140888695235,0.0,0.008093441567577946,0.11458242992983206,0.0
2113,1.0,0.05,0.00012273128922639284,0.0,0.008093441567577946,0.11458242992983206,0.0
2114,1.0,0.05,0.00012273128922639284,0.0,0.008093441567577946,0.11458242992983206,0.0
2115,1.0,0.05,0.00012273128922639284,0.0,0.008093441567577946,0.164780230002167,0.0
2116,1.0,0.05,0.00012273128922639284,0.0,0.008093441567577946,0.07272007272471226,0.0
2117,1.0,0.05,0.00012273128922639284,0.0,0.008093441567577946,0.12314092468623812,0.0
2118,1.0,0.05,0.00012273128922639284,0.0,0.00622954362117764,0.12314092468623812,0.0
2119,1.0,0.05,0.00012351225815542243,0.0,0.00622954362117764,0.12314092468623812,0.0
2120,1.0,0.05,0.00012351225815542243,0.0,0.00622954362117764,0.12314092468623812,0.0
2121,1.0,0.05,0.00012235845779577447,0.0,0.00622954362117764,0.062057057963517764,0.0
2122,1.0,0.05,0.00012235845779577447,0.0,0.00622954362117764,0.062057057963517764,0.0
2123,1.0,0.05,0.00012235845779577447,0.0,0.00622954362117764,0.062057057963517764,0.0
2124,1.0,0.05,0.00012235845779577447,0.0,0.007016330170441247,0.08630640024688543,0.0
2125,1.0,0.05,0.00012235845779577447,0.0,0.007016330170441247,0.08630640024688543,0.0
2126,1.0,0.05,0.00012235845779577447,0.0,0.007016330170441247,0.08630640024688543,0.0
2127,1.0,0.05,0.00012674506831163428,0.0,0.007016330170441247,0.08630640024688543,0.0
2128,1.0,0.05,0.00012674506831163428,0.0,0.007016330170441247,0.08630640024688543,0.0
2129,1.0,0.05,0.00012674506831163428,0.0,0.007016330170441247,0.0610140078638097,0.0
2130,1.0,0.05,0.00012674506831163428,0.0,0.0061577962024446575,0.03054093741973432,0.0
2131,1.0,0.05,0.00012674506831163428,0.0,0.0061577962024446575,0.11825048305708054,0.0
2132,1.0,0.05,0.00012674506831163428,0.0,0.0061577962024446575,0.08461236867541708,0.0
2133,1.0,0.05,0.00012674506831163428,0.0,0.0061577962024446575,0.0906429964799388,0.0
2134,1.0,0.05,0.00012674506831163428,0.0,0.0061577962024446575,0.0870364240647526,0.0
2135,1.0,0.05,0.00012674506831163428,0.0,0.0061577962024446575,0.0870364240647526,0.0
2136,1.0,0.05,0.00012674506831163428,0.0,0.00672126990384834,0.0870364240647526,0.0
2137,1.0,0.05,0.00012674506831163428,0.0,0.00672126990384834,0.0870364240647526,0.0
2138,1.0,0.05,0.00012674506831163428,0.0,0.00672126990384834,0.0870364240647526,0.0
2139,1.0,0.05,0.00012674506831163428,0.0,0.007446567210439722,0.0714495689225035,0.0
2140,1.0,0.05,0.00012674506831163428,0.0,0.007446567210439722,0.04072069553196244,0.0
2141,1.0,0.05,0.00012674506831163428,0.0,0.007446567210439722,0.04072069553196244,0.0
2142,1.0,0.05,0.00012674506831163428,0.0,0.007446567210439722,0.10441788364244264,0.0
2143,1.0,0.05,0.00012674506831163428,0.0,0.007446567210439722,0.10441788364244264,0.0
2144,1.0,0.05,0.00012674506831163428,0.0,0.007446567210439722,0.10441788364244264,0.0
2145,1.0,0.05,0.00012674506831163428,0.0,0.007446567210439722,0.10500188612710637,0.0
2146,1.0,0.05,0.00012674506831163428,0.0,0.005752849657148367,0.10500188612710637,0.0
2147,1.0,0.05,0.00012674506831163428,0.0,0.005752849657148367,0.10500188612710637,0.0
2148,1.0,0.05,0.00012674506831163428,0.0,0.005752849657148367,0.10500188612710637,0.0
2149,1.0,0.05,0.0001332952747638363,0.0,0.005752849657148367,0.10500188612710637,0.0
2150,1.0,0.05,0.0001332952747638363,0.0,0.005752849657148367,0.12585315046823445,0.0
2151,1.0,0.05,0.0001332952747638363,0.0,0.005752849657148367,0.08595223518234041,0.0
2152,1.0,0.05,0.0001332952747638363,0.0,0.005752849657148367,0.08595223518234041,0.0
2153,1.0,0.05,0.0001332952747638363,0.0,0.005254763965399406,0.08595223518234041,0.0
2154,1.0,0.05,0.0001332952747638363,0.0,0.005254763965399406,0.08595223518234041,0.0
2155,1.0,0.05,0.0001332952747638363,0.0,0.005254763965399406,0.08595223518234041,0.0
2156,1.0,0.05,0.0001332952747638363,0.0,0.0056987596676506885,0.08595223518234041,0.0
2157,1.0,0.05,0.0001332952747638363,0.0,0.0056987596676506885,0.08595223518234041,0.0
2158,1.0,0.05,0.0001332952747638363,0.0,0.0056987596676506885,0.08595223518234041,0.0
2159,1.0,0.05,0.0001332952747638363,0.0,0.006070410554586659,0.09256863321523041,0.0
2160,1.0,0.05,0.0001332952747638363,0.0,0.006070410554586659,0.07613061201859023,0.0
2161,1.0,0.05,0.0001332952747638363,0.0,0.006070410554586659,0.08420728079395513,0.0
2162,1.0,0.05,0.0001332952747638363,0.0,0.006070410554586659,0.07202456076860617,0.0
2163,1.0,0.05,0.00013034975123720418,0.0,0.006070410554586659,0.07461390111699157,0.0
2164,1.0,0.05,0.00013034975123720418,0.0,0.006070410554586659,0.07461390111699157,0.0
2165,1.0,0.05,0.00013034975123720418,0.0,0.006070410554586659,0.02127667922343885,0.0
2166,1.0,0.05,0.00013034975123720418,0.0,0.0059900438743097735,0.03717933161568879,0.0
2167,1.0,0.05,0.00013034975123720418,0.0,0.0059900438743097735,0.03717933161568879,0.0
2168,1.0,0.05,0.00013034975123720418,0.0,0.0059900438743097735,0.05398094384188332,0.0
2169,1.0,0.05,0.00013034975123720418,0.0,0.0059900438743097735,0.03114750832437041,0.0
2170,1.0,0.05,0.00013034975123720418,0.0,0.0059900438743097735,0.03939435746368422,0.0
2171,1.0,0.05,0.00013034975123720418,0.0,0.0059900438743097735,0.05613068556821258,0.0
2172,1.0,0.05,0.00013034975123720418,0.0,0.0059900438743097735,0.05613068556821258,0.0
2173,1.0,0.05,0.00013034975123720418,0.0,0.0059900438743097735,0.0705666339468919,0.0
2174,1.0,0.05,0.00013034975123720418,0.0,0.005531519284969456,0.03271522679397297,0.0
2175,1.0,0.05,0.00013034975123720418,0.0,0.005531519284969456,0.06913254007482143,0.0
2176,1.0,0.05,0.00013034975123720418,0.0,0.005531519284969456,0.06913254007482143,0.0
2177,1.0,0.05,0.00013034975123720418,0.0,0.005531519284969456,0.06913254007482143,0.0
2178,1.0,0.05,0.00013034975123720418,0.0,0.005531519284969456,0.06913254007482143,0.0
2179,1.0,0.05,0.00013034975123720418,0.0,0.005531519284969456,0.06913254007482143,0.0
2180,1.0,0.05,0.00013034975123720418,0.0,0.005531519284969456,0.06913254007482143,0.0
2181,1.0,0.05,0.00013034975123720418,0.0,0.006179893785341395,0.06913254007482143,0.0
2182,1.0,0.05,0.00013034975123720418,0.0,0.006179893785341395,0.06913254007482143,0.0
2183,1.0,0.05,0.00013034975123720418,0.0,0.006179893785341395,0.06913254007482143,0.0
2184,1.0,0.05,0.00012746334204900104,0.0,0.006179893785341395,0.06913254007482143,0.0
2185,1.0,0.05,0.00012746334204900104,0.0,0.005950432647532687,0.05005757580955151,0.0
2186,1.0,0.05,0.00012746334204900104,0.0,0.005950432647532687,0.023591700531927003,0.0
2187,1.0,0.05,0.00012746334204900104,0.0,0.005950432647532687,0.023591700531927003,0.0
2188,1.0,0.05,0.00012746334204900104,0.0,0.005950432647532687,0.023591700531927003,0.0
2189,1.0,0.05,0.00012746334204900104,0.0,0.005950432647532687,0.01811456534157352,0.0
2190,1.0,0.05,0.00012746334204900104,0.0,0.005950432647532687,0.02525118374734385,0.0
2191,1.0,0.05,0.00013439981270396193,0.0,0.005950432647532687,0.02525118374734385,0.0
2192,1.0,0.05,0.00013439981270396193,0.0,0.005950432647532687,0.02409026177609111,0.0
2193,1.0,0.05,0.00013439981270396193,0.0,0.005950432647532687,0.02409026177609111,0.0
2194,1.0,0.05,0.00013439981270396193,0.0,0.005950432647532687,0.015581231775943045,0.0
2195,1.0,0.05,0.00013439981270396193,0.0,0.005950432647532687,0.11773043271377985,0.0
2196,1.0,0.05,0.00013439981270396193,0.0,0.005950432647532687,0.11773043271377985,0.0
2197,1.0,0.05,0.00013439981270396193,0.0,0.005950432647532687,0.10529919851471932,0.0
2198,1.0,0.05,0.00013439981270396193,0.0,0.005950432647532687,0.06227864898972681,0.0
2199,1.0,0.05,0.00013439981270396193,0.0,0.005950432647532687,0.05708856693880853,0.0
2200,1.0,0.05,0.00013439981270396193,0.0,0.00531649949662237,0.030953985491679242,0.0
2201,1.0,0.05,0.00013439981270396193,0.0,0.00531649949662237,0.030953985491679242,0.0
2202,1.0,0.05,0.00013439981270396193,0.0,0.00531649949662237,0.039257848253577386,0.0
2203,1.0,0.05,0.00013439981270396193,0.0,0.00531649949662237,0.039257848253577386,0.0
2204,1.0,0.05,0.00013439981270396193,0.0,0.00531649949662237,0.03919942907289275,0.0
2205,1.0,0.05,0.00013439981270396193,0.0,0.00531649949662237,0.0911130623877489,0.0
2206,1.0,0.05,0.00013439981270396193,0.0,0.00531649949662237,0.08428715582826422,0.0
2207,1.0,0.05,0.00013439981270396193,0.0,0.00531649949662237,0.08428715582826422,0.0
2208,1.0,0.05,0.00013439981270396193,0.0,0.00531649949662237,0.05834798655315618,0.0
2209,1.0,0.05,0.00013439981270396193,0.0,0.00531649949662237,0.06726205844985256,0.0
2210,1.0,0.05,0.00013439981270396193,0.0,0.00531649949662237,0.06726205844985256,0.0
2211,1.0,0.05,0.00013439981270396193,0.0,0.00531649949662237,0.06726205844985256,0.0
2212,1.0,0.05,0.00013439981270396193,0.0,0.00531649949662237,0.05568018853345278,0.0
2213,1.0,0.05,0.00013439981270396193,0.0,0.00531649949662237,0.07472373771617163,0.0
2214,1.0,0.05,0.00013439981270396193,0.0,0.00531649949662237,0.04969601617793328,0.0
2215,1.0,0.05,0.00013439981270396193,0.0,0.00531649949662237,0.016947712345960365,0.0
2216,1.0,0.05,0.00013439981270396193,0.0,0.00531649949662237,0.016947712345960365,0.0
2217,1.0,0.05,0.00013439981270396193,0.0,0.00531649949662237,0.016947712345960365,0.0
2218,1.0,0.05,0.00013439981270396193,0.0,0.00531649949662237,0.030060650263944028,0.0
2219,1.0,0.05,0.00013439981270396193,0.0,0.00531649949662237,0.07968463310310839,0.0
2220,1.0,0.05,0.00013439981270396193,0.0,0.008113158095019469,0.11806534478933887,0.0
2221,1.0,0.05,0.00013439981270396193,0.0,0.007985344636128927,0.11806534478933887,0.0
2222,1.0,0.05,0.00013439981270396193,0.0,0.007985344636128927,0.09855560862205237,0.0
2223,1.0,0.05,0.0001382498957949355,0.0,0.007985344636128927,0.10795635075626026,0.0
2224,1.0,0.05,0.00013677396130431068,0.0,0.007985344636128927,0.10795635075626026,0.0
2225,1.0,0.05,0.00013677396130431068,0.0,0.008125576573684326,0.03743309979469933,0.0
2226,1.0,0.05,0.00013677396130431068,0.0,0.007847643841880827,0.10621567712433383,0.0
2227,1.0,0.05,0.00012298503641318127,0.0,0.007847643841880827,0.10621567712433383,0.0
2228,1.0,0.05,0.00012298503641318127,0.0,0.007847643841880827,0.15538540273519424,0.0
2229,1.0,0.05,0.00012298503641318127,0.0,0.007847643841880827,0.15538540273519424,0.0
2230,1.0,0.05,0.00012298503641318127,0.0,0.008116433042769156,0.08726350513581593,0.0
2231,1.0,0.05,0.00012298503641318127,0.0,0.008116433042769156,0.10795124754574123,0.0
2232,1.0,0.05,0.00012298503641318127,0.0,0.008116433042769156,0.10795124754574123,0.0
2233,1.0,0.05,0.00012298503641318127,0.0,0.0069941683600495165,0.10795124754574123,0.0
2234,1.0,0.05,0.00012298503641318127,0.0,0.006546093746418784,0.10795124754574123,0.0
2235,1.0,0.05,0.00012298503641318127,0.0,0.007182557803888017,0.10795124754574123,0.0
2236,1.0,0.05,0.00012298503641318127,0.0,0.007182557803888017,0.1157185831164642,0.0
2237,1.0,0.05,0.00012298503641318127,0.0,0.007182557803888017,0.09068075707848247,0.0
2238,1.0,0.05,0.00012298503641318127,0.0,0.007182557803888017,0.09412234867614165,0.0
2239,1.0,0.05,0.00012298503641318127,0.0,0.007182557803888017,0.09412234867614165,0.0
2240,1.0,0.05,0.00012298503641318127,0.0,0.007182557803888017,0.09412234867614165,0.0
2241,1.0,0.05,0.00012298503641318127,0.0,0.007182557803888017,0.13082787253870906,0.0
2242,1.0,0.05,0.00012298503641318127,0.0,0.007182557803888017,0.11970626259936876,0.0
2243,1.0,0.05,0.00013566573432802063,0.0,0.007182557803888017,0.09589771383181372,0.0
2244,1.0,0.05,0.00013033200887294306,0.0,0.007182557803888017,0.09589771383181372,0.0
2245,1.0,0.05,0.00012978100892022408,0.0,0.007182557803888017,0.09589771383181372,0.0
2246,1.0,0.05,0.00012978100892022408,0.0,0.007182557803888017,0.09589771383181372,0.0
2247,1.0,0.05,0.00012978100892022408,0.0,0.006198987230188402,0.10594266380818526,0.0
2248,1.0,0.05,0.00012978100892022408,0.0,0.006198987230188402,0.10594266380818526,0.0
2249,1.0,0.05,0.00012978100892022408,0.0,0.006198987230188402,0.08995741573143637,0.0
2250,1.0,0.05,0.00012978100892022408,0.0,0.006198987230188402,0.09001784964276371,0.0
2251,1.0,0.05,0.00012978100892022408,0.0,0.006198987230188402,0.059225020445247356,0.0
2252,1.0,0.05,0.00012978100892022408,0.0,0.006198987230188402,0.07607213878285127,0.0
2253,1.0,0.05,0.00012978100892022408,0.0,0.008299672185882599,0.07607213878285127,0.0
2254,1.0,0.05,0.00012978100892022408,0.0,0.008299672185882599,0.07250920598403697,0.0
2255,1.0,0.05,0.00012978100892022408,0.0,0.006857538311155534,0.10641673679363126,0.0
2256,1.0,0.05,0.00012978100892022408,0.0,0.006857538311155534,0.10641673679363126,0.0
2257,1.0,0.05,0.00012978100892022408,0.0,0.006857538311155534,0.10641673679363126,0.0
2258,1.0,0.05,0.00012978100892022408,0.0,0.006857538311155534,0.03892940759026949,0.0
2259,1.0,0.05,0.00012978100892022408,0.0,0.006857538311155534,0.06100122239737938,0.0
2260,1.0,0.05,0.00012978100892022408,0.0,0.006857538311155534,0.06100122239737938,0.0
2261,1.0,0.05,0.00012978100892022408,0.0,0.006857538311155534,0.03623977526937714,0.0
2262,1.0,0.05,0.00012978100892022408,0.0,0.006857538311155534,0.03709462332452539,0.0
2263,1.0,0.05,0.00012978100892022408,0.0,0.006857538311155534,0.04038801882386145,0.0
2264,1.0,0.05,0.00012978100892022408,0.0,0.007288392971885961,0.04038801882386145,0.0
2265,1.0,0.05,0.00012978100892022408,0.0,0.007288392971885961,0.08466653680188278,0.0
2266,1.0,0.05,0.00012978100892022408,0.0,0.006345135926568631,0.08466653680188278,0.0
2267,1.0,0.05,0.00012978100892022408,0.0,0.006345135926568631,0.11367557022644283,0.0
2268,1.0,0.05,0.00012978100892022408,0.0,0.006345135926568631,0.11367557022644283,0.0
2269,1.0,0.05,0.00012978100892022408,0.0,0.006345135926568631,0.11905688992060942,0.0
2270,1.0,0.05,0.00012978100892022408,0.0,0.006345135926568631,0.11905688992060942,0.0
2271,1.0,0.05,0.00012978100892022408,0.0,0.007412969787209291,0.11905688992060942,0.0
2272,1.0,0.05,0.00012978100892022408,0.0,0.007412969787209291,0.11905688992060942,0.0
2273,1.0,0.05,0.0001302772892908536,0.0,0.005841306408200867,0.11905688992060942,0.0
2274,1.0,0.05,0.0001302772892908536,0.0,0.005841306408200867,0.09759179151856667,0.0
2275,1.0,0.05,0.0001302772892908536,0.0,0.005841306408200867,0.09759179151856667,0.0
2276,1.0,0.05,0.0001302772892908536,0.0,0.005841306408200867,0.09759179151856667,0.0
2277,1.0,0.05,0.0001302772892908536,0.0,0.005841306408200867,0.0783329640057729,0.0
2278,1.0,0.05,0.0001302772892908536,0.0,0.005841306408200867,0.05452012874882156,0.0
2279,1.0,0.05,0.0001302772892908536,0.0,0.005841306408200867,0.05452012874882156,0.0
2280,1.0,0.05,0.0001302772892908536,0.0,0.005841306408200867,0.03715368981191799,0.0
2281,1.0,0.05,0.0001302772892908536,0.0,0.005841306408200867,0.09106991837634214,0.0
2282,1.0,0.05,0.0001302772892908536,0.0,0.005841306408200867,0.09754705328521127,0.0
2283,1.0,0.05,0.0001302772892908536,0.0,0.005841306408200867,0.06432185657312285,0.0
2284,1.0,0.05,0.00013279640013178225,0.0,0.005841306408200867,0.06432185657312285,0.0
2285,1.0,0.05,0.00012640761449913673,0.0,0.005841306408200867,0.021558749646034773,0.0
2286,1.0,0.05,0.00012640761449913673,0.0,0.005841306408200867,0.021558749646034773,0.0
2287,1.0,0.05,0.00012640761449913673,0.0,0.005841306408200867,0.023956393930965155,0.0
2288,1.0,0.05,0.00012640761449913673,0.0,0.005841306408200867,0.07775107417961673,0.0
2289,1.0,0.05,0.00012640761449913673,0.0,0.005798145722853686,0.07775107417961673,0.0
2290,1.0,0.05,0.00012640761449913673,0.0,0.005798145722853686,0.07775107417961673,0.0
2291,1.0,0.05,0.00012640761449913673,0.0,0.005798145722853686,0.07775107417961673,0.0
2292,1.0,0.05,0.00012640761449913673,0.0,0.0064638482327734415,0.12453292859696584,0.0
2293,1.0,0.05,0.00012640761449913673,0.0,0.005513178289975899,0.12453292859696584,0.0
2294,1.0,0.05,0.00012640761449913673,0.0,0.005513178289975899,0.12453292859696584,0.0
2295,1.0,0.05,0.0001376299098967323,0.0,0.005513178289975899,0.068866181592072,0.0
2296,1.0,0.05,0.0001376299098967323,0.0,0.005513178289975899,0.047710500066195795,0.0
2297,1.0,0.05,0.0001376299098967323,0.0,0.005513178289975899,0.04515501083838031,0.0
2298,1.0,0.05,0.0001376299098967323,0.0,0.005513178289975899,0.04341238027623123,0.0
2299,1.0,0.05,0.0001376299098967323,0.0,0.005513178289975899,0.051963696150767624,0.0
2300,1.0,0.05,0.0001376299098967323,0.0,0.005513178289975899,0.051963696150767624,0.0
2301,1.0,0.05,0.0001376299098967323,0.0,0.005513178289975899,0.051963696150767624,0.0
2302,1.0,0.05,0.0001376299098967323,0.0,0.005621235696072039,0.051963696150767624,0.0
2303,1.0,0.05,0.0001376299098967323,0.0,0.006156802499277469,0.051963696150767624,0.0
2304,1.0,0.05,0.00012773656321360562,0.0,0.006156802499277469,0.051963696150767624,0.0
2305,1.0,0.05,0.00012773656321360562,0.0,0.006156802499277469,0.03746768448622918,0.0
2306,1.0,0.05,0.00012773656321360562,0.0,0.006156802499277469,0.03746768448622918,0.0
2307,1.0,0.05,0.00012773656321360562,0.0,0.006156802499277469,0.03746768448622918,0.0
2308,1.0,0.05,0.00012773656321360562,0.0,0.006156802499277469,0.03746768448622918,0.0
2309,1.0,0.05,0.00012773656321360562,0.0,0.006156802499277469,0.028278318995430887,0.0
2310,1.0,0.05,0.00012773656321360562,0.0,0.006156802499277469,0.028278318995430887,0.0
2311,1.0,0.05,0.00012773656321360562,0.0,0.006156802499277469,0.028278318995430887,0.0
2312,1.0,0.05,0.00012773656321360562,0.0,0.006156802499277469,0.028278318995430887,0.0
2313,1.0,0.05,0.00012773656321360562,0.0,0.006156802499277469,0.027001649683385066,0.0
2314,1.0,0.05,0.00012773656321360562,0.0,0.005562942864017933,0.027001649683385066,0.0
2315,1.0,0.05,0.00012773656321360562,0.0,0.005562942864017933,0.09462411397371198,0.0
2316,1.0,0.05,0.00012773656321360562,0.0,0.00704593569027585,0.09462411397371198,0.0
2317,1.0,0.05,0.00012297763400527146,0.0,0.0071110597968069905,0.09462411397371198,0.0
2318,1.0,0.05,0.00012297763400527146,0.0,0.0071110597968069905,0.09462411397371198,0.0
2319,1.0,0.05,0.00012297763400527146,0.0,0.0071110597968069905,0.09462411397371198,0.0
2320,1.0,0.05,0.00012297763400527146,0.0,0.0071110597968069905,0.07810913870225929,0.0
2321,1.0,0.05,0.00013021524114379237,0.0,0.0071110597968069905,0.10646747101587276,0.0
2322,1.0,0.05,0.00013021524114379237,0.0,0.007549701473299464,0.10646747101587276,0.0
2323,1.0,0.05,0.00013021524114379237,0.0,0.007549701473299464,0.11930595843246233,0.0
2324,1.0,0.05,0.00013021524114379237,0.0,0.007549701473299464,0.11930595843246233,0.0
2325,1.0,0.05,0.00013021524114379237,0.0,0.007549701473299464,0.09342808624653737,0.0
2326,1.0,0.05,0.00013021524114379237,0.0,0.007549701473299464,0.1122498845143803,0.0
2327,1.0,0.05,0.00013021524114379237,0.0,0.006100723779400082,0.1122498845143803,0.0
2328,1.0,0.05,0.00013021524114379237,0.0,0.005392345692386347,0.13064745869356556,0.0
2329,1.0,0.05,0.00013670334270105447,0.0,0.005392345692386347,0.13064745869356556,0.0
2330,1.0,0.05,0.00013670334270105447,0.0,0.005392345692386347,0.13064745869356556,0.0
2331,1.0,0.05,0.00013670334270105447,0.0,0.0064089036668211995,0.13064745869356556,0.0
2332,1.0,0.05,0.00013670334270105447,0.0,0.0064089036668211995,0.09671413985600796,0.0
2333,1.0,0.05,0.00013590721086284774,0.0,0.0064089036668211995,0.09671413985600796,0.0
2334,1.0,0.05,0.00013590721086284774,0.0,0.0064089036668211995,0.09671413985600796,0.0
2335,1.0,0.05,0.00013590721086284774,0.0,0.0064089036668211995,0.09097677184561033,0.0
2336,1.0,0.05,0.00013590721086284774,0.0,0.00684342272906908,0.09097677184561033,0.0
2337,1.0,0.05,0.00013590721086284774,0.0,0.00684342272906908,0.09097677184561033,0.0
2338,1.0,0.05,0.00013590721086284774,0.0,0.00684342272906908,0.09097677184561033,0.0
2339,1.0,0.05,0.00013590721086284774,0.0,0.00684342272906908,0.09097677184561033,0.0
2340,1.0,0.05,0.00013590721086284774,0.0,0.00684342272906908,0.07106692184723282,0.0
2341,1.0,0.05,0.00013590721086284774,0.0,0.005233296353660324,0.07106692184723282,0.0
2342,1.0,0.05,0.00013590721086284774,0.0,0.0065060736961228575,0.07106692184723282,0.0
2343,1.0,0.05,0.00013590721086284774,0.0,0.0065060736961228575,0.07879158741592208,0.0
2344,1.0,0.05,0.00013590721086284774,0.0,0.0065060736961228575,0.11535496263065056,0.0
2345,1.0,0.05,0.00013590721086284774,0.0,0.0065060736961228575,0.11535496263065056,0.0
2346,1.0,0.05,0.00013590721086284774,0.0,0.0065060736961228575,0.06045324519419786,0.0
2347,1.0,0.05,0.00013590721086284774,0.0,0.0065060736961228575,0.06045324519419786,0.0
2348,1.0,0.05,0.00013590721086284774,0.0,0.0065060736961228575,0.06766869938682664,0.0
2349,1.0,0.05,0.00013590721086284774,0.0,0.0065060736961228575,0.06766869938682664,0.0
2350,1.0,0.05,0.00013590721086284774,0.0,0.0065060736961228575,0.03911827955711991,0.0
2351,1.0,0.05,0.00013590721086284774,0.0,0.00549111673913163,0.020252817393698754,0.0
2352,1.0,0.05,0.00013590721086284774,0.0,0.00549111673913163,0.020252817393698754,0.0
2353,1.0,0.05,0.00013590721086284774,0.0,0.00549111673913163,0.09969854497495073,0.0
2354,1.0,0.05,0.00013590721086284774,0.0,0.00549111673913163,0.04615767490324888,0.0
2355,1.0,0.05,0.00014000144487697034,0.0,0.00549111673913163,0.04615767490324888,0.0
2356,1.0,0.05,0.00014000144487697034,0.0,0.00549111673913163,0.04615767490324888,0.0
2357,1.0,0.05,0.00014000144487697034,0.0,0.00549111673913163,0.10887889983826948,0.0
2358,1.0,0.05,0.00014000144487697034,0.0,0.00549111673913163,0.05592737971237306,0.0
2359,1.0,0.05,0.00013289373502711117,0.0,0.00549111673913163,0.02293291045360686,0.0
2360,1.0,0.05,0.00013289373502711117,0.0,0.00549111673913163,0.10419404046502034,0.0
2361,1.0,0.05,0.00013289373502711117,0.0,0.007965058518752993,0.10633451350454437,0.0
2362,1.0,0.05,0.00013289373502711117,0.0,0.007772610834861341,0.04756350805009433,0.0
2363,1.0,0.05,0.00013289373502711117,0.0,0.006338049385441115,0.13583086185899876,0.0
2364,1.0,0.05,0.00013289373502711117,0.0,0.006338049385441115,0.07892901051644044,0.0
2365,1.0,0.05,0.00013289373502711117,0.0,0.005393094244543207,0.07892901051644044,0.0
2366,1.0,0.05,0.00013289373502711117,0.0,0.005393094244543207,0.07892901051644044,0.0
2367,1.0,0.05,0.00013289373502711117,0.0,0.006152459760121029,0.07892901051644044,0.0
2368,1.0,0.05,0.00013289373502711117,0.0,0.006152459760121029,0.07892901051644044,0.0
2369,1.0,0.05,0.00013289373502711117,0.0,0.006152459760121029,0.07892901051644044,0.0
2370,1.0,0.05,0.00013289373502711117,0.0,0.006152459760121029,0.07892901051644044,0.0
2371,1.0,0.05,0.00013289373502711117,0.0,0.006152459760121029,0.07892901051644044,0.0
2372,1.0,0.05,0.00013289373502711117,0.0,0.006152459760121029,0.07892901051644044,0.0
2373,1.0,0.05,0.00013289373502711117,0.0,0.0058086025750109975,0.07892901051644044,0.0
2374,1.0,0.05,0.00013289373502711117,0.0,0.00513063182068329,0.07892901051644044,0.0
2375,1.0,0.05,0.00013289373502711117,0.0,0.005333676052112936,0.07892901051644044,0.0
2376,1.0,0.05,0.00013289373502711117,0.0,0.005333676052112936,0.07892901051644044,0.0
2377,1.0,0.05,0.00013289373502711117,0.0,0.005333676052112936,0.07892901051644044,0.0
2378,1.0,0.05,0.00013289373502711117,0.0,0.005333676052112936,0.04519928671775305,0.0
2379,1.0,0.05,0.00013289373502711117,0.0,0.005333676052112936,0.04519928671775305,0.0
2380,1.0,0.05,0.00013289373502711117,0.0,0.005333676052112936,0.04519928671775305,0.0
2381,1.0,0.05,0.00013289373502711117,0.0,0.005333676052112936,0.04519928671775305,0.0
2382,1.0,0.05,0.00013289373502711117,0.0,0.005333676052112936,0.06271254341848657,0.0
2383,1.0,0.05,0.00013579133653319857,0.0,0.005333676052112936,0.06271254341848657,0.0
2384,1.0,0.05,0.00013579133653319857,0.0,0.005333676052112936,0.11150612834698066,0.0
2385,1.0,0.05,0.00013579133653319857,0.0,0.005333676052112936,0.04828215894425271,0.0
2386,1.0,0.05,0.00013579133653319857,0.0,0.005333676052112936,0.11592287631545446,0.0
2387,1.0,0.05,0.00013501889429875336,0.0,0.005333676052112936,0.04993168829016692,0.0
2388,1.0,0.05,0.00014086957342248211,0.0,0.005333676052112936,0.014988416826952577,0.0
2389,1.0,0.05,0.00014086957342248211,0.0,0.0059756881091205145,0.04777819086529176,0.0
2390,1.0,0.05,0.00014086957342248211,0.0,0.0059756881091205145,0.06960869134512568,0.0
2391,1.0,0.05,0.00014086957342248211,0.0,0.0059908746680865975,0.06960869134512568,0.0
2392,1.0,0.05,0.00014086957342248211,0.0,0.0059908746680865975,0.05694632679624992,0.0
2393,1.0,0.05,0.00014086957342248211,0.0,0.0059908746680865975,0.05694632679624992,0.0
2394,1.0,0.05,0.00014086957342248211,0.0,0.0059908746680865975,0.05694632679624992,0.0
2395,1.0,0.05,0.00014086957342248211,0.0,0.0059908746680865975,0.05694632679624992,0.0
2396,1.0,0.05,0.00014086957342248211,0.0,0.0059908746680865975,0.06976162357380275,0.0
2397,1.0,0.05,0.00014086957342248211,0.0,0.0059908746680865975,0.0491839338221673,0.0
2398,1.0,0.05,0.00014086957342248211,0.0,0.0059908746680865975,0.0491839338221673,0.0
2399,1.0,0.05,0.00014086957342248211,0.0,0.0059908746680865975,0.0491839338221673,0.0
2400,1.0,0.05,0.00013284321142490918,0.0,0.0059908746680865975,0.0491839338221673,0.0
2401,1.0,0.05,0.00013284321142490918,0.0,0.0059908746680865975,0.05718498005605765,0.0
2402,1.0,0.05,0.00013284321142490918,0.0,0.0059908746680865975,0.07522697588182044,0.0
2403,1.0,0.05,0.00013284321142490918,0.0,0.0059908746680865975,0.09926367996942902,0.0
2404,1.0,0.05,0.00013284321142490918,0.0,0.0059908746680865975,0.03571844407107084,0.0
2405,1.0,0.05,0.00013284321142490918,0.0,0.0059908746680865975,0.03571844407107084,0.0
2406,1.0,0.05,0.00013284321142490918,0.0,0.0059908746680865975,0.03571844407107084,0.0
2407,1.0,0.05,0.00013284321142490918,0.0,0.0059908746680865975,0.04345214601698303,0.0
2408,1.0,0.05,0.00013284321142490918,0.0,0.0059908746680865975,0.04345214601698303,0.0
2409,1.0,0.05,0.00013284321142490918,0.0,0.0059908746680865975,0.04345214601698303,0.0
2410,1.0,0.05,0.00013284321142490918,0.0,0.0059908746680865975,0.04345214601698303,0.0
2411,1.0,0.05,0.00013284321142490918,0.0,0.0059908746680865975,0.04345214601698303,0.0
2412,1.0,0.05,0.00013284321142490918,0.0,0.0059908746680865975,0.03254651864871409,0.0
2413,1.0,0.05,0.00013284321142490918,0.0,0.0059908746680865975,0.04040768989464902,0.0
2414,1.0,0.05,0.00013284321142490918,0.0,0.0059908746680865975,0.11158371726134307,0.0
2415,1.0,0.05,0.00013284321142490918,0.0,0.0059908746680865975,0.054678405841611516,0.0
2416,1.0,0.05,0.00013284321142490918,0.0,0.0059908746680865975,0.054678405841611516,0.0
2417,1.0,0.05,0.00013284321142490918,0.0,0.0059908746680865975,0.07551670397294494,0.0
2418,1.0,0.05,0.00013284321142490918,0.0,0.0059908746680865975,0.07374015386986228,0.0
2419,1.0,0.05,0.00013284321142490918,0.0,0.0059908746680865975,0.050298745402617945,0.0
2420,1.0,0.05,0.00013284321142490918,0.0,0.0059908746680865975,0.050298745402617945,0.0
2421,1.0,0.05,0.00013284321142490918,0.0,0.006165058501811999,0.0445878015275287,0.0
2422,1.0,0.05,0.00013284321142490918,0.0,0.005643636896506154,0.0445878015275287,0.0
2423,1.0,0.05,0.00013284321142490918,0.0,0.00624913686158978,0.0445878015275287,0.0
2424,1.0,0.05,0.00013284321142490918,0.0,0.005969296759577433,0.12622783952984182,0.0
2425,1.0,0.05,0.00013284321142490918,0.0,0.005969296759577433,0.08543579984273694,0.0
2426,1.0,0.05,0.00013284321142490918,0.0,0.005969296759577433,0.06845980096938384,0.0
2427,1.0,0.05,0.00013284321142490918,0.0,0.005969296759577433,0.041486504520067406,0.0
2428,1.0,0.05,0.00013284321142490918,0.0,0.005969296759577433,0.045185564544793146,0.0
2429,1.0,0.05,0.00013284321142490918,0.0,0.005969296759577433,0.045185564544793146,0.0
2430,1.0,0.05,0.00013284321142490918,0.0,0.005969296759577433,0.045185564544793146,0.0
2431,1.0,0.05,0.00013284321142490918,0.0,0.005969296759577433,0.045185564544793146,0.0
2432,1.0,0.05,0.00013284321142490918,0.0,0.005969296759577433,0.09781343241679216,0.0
2433,1.0,0.05,0.00013284321142490918,0.0,0.005969296759577433,0.09781343241679216,0.0
2434,1.0,0.05,0.00013607932541693049,0.0,0.00540922254496279,0.09781343241679216,0.0
2435,1.0,0.05,0.00013607932541693049,0.0,0.00540922254496279,0.09781343241679216,0.0
2436,1.0,0.05,0.00013607932541693049,0.0,0.00540922254496279,0.10782606110028203,0.0
2437,1.0,0.05,0.00014397290397132262,0.0,0.00540922254496279,0.059359327588683064,0.0
2438,1.0,0.05,0.0001419331999833601,0.0,0.00540922254496279,0.059359327588683064,0.0
2439,1.0,0.05,0.0001419331999833601,0.0,0.005386163825812432,0.059359327588683064,0.0
2440,1.0,0.05,0.0001419331999833601,0.0,0.005386163825812432,0.05662302761890441,0.0
2441,1.0,0.05,0.0001419331999833601,0.0,0.005386163825812432,0.032644912201640015,0.0
2442,1.0,0.05,0.0001419331999833601,0.0,0.005386163825812432,0.040432877393526245,0.0
2443,1.0,0.05,0.0001419331999833601,0.0,0.005386163825812432,0.04382669921621945,0.0
2444,1.0,0.05,0.0001419331999833601,0.0,0.005386163825812432,0.06692685517844325,0.0
2445,1.0,0.05,0.0001419331999833601,0.0,0.005386163825812432,0.06692685517844325,0.0
2446,1.0,0.05,0.0001419331999833601,0.0,0.005386163825812432,0.06692685517844325,0.0
2447,1.0,0.05,0.0001419331999833601,0.0,0.005386163825812432,0.06692685517844325,0.0
2448,1.0,0.05,0.0001419331999833601,0.0,0.005386163825812432,0.060897096892953126,0.0
2449,1.0,0.05,0.0001419331999833601,0.0,0.005386163825812432,0.060897096892953126,0.0
2450,1.0,0.05,0.0001419331999833601,0.0,0.006561903948595279,0.060897096892953126,0.0
2451,1.0,0.05,0.0001419331999833601,0.0,0.006561903948595279,0.060897096892953126,0.0
2452,1.0,0.05,0.0001419331999833601,0.0,0.006230329569957975,0.060897096892953126,0.0
2453,1.0,0.05,0.0001419331999833601,0.0,0.006230329569957975,0.060897096892953126,0.0
2454,1.0,0.05,0.0001419331999833601,0.0,0.006230329569957975,0.060897096892953126,0.0
2455,1.0,0.05,0.00013987000718223354,0.0,0.006230329569957975,0.03710425998231737,0.0
2456,1.0,0.05,0.00013987000718223354,0.0,0.006230329569957975,0.03710425998231737,0.0
2457,1.0,0.05,0.00013987000718223354,0.0,0.006230329569957975,0.029870282555636892,0.0
2458,1.0,0.05,0.00013987000718223354,0.0,0.006230329569957975,0.03547015367970493,0.0
2459,1.0,0.05,0.00013987000718223354,0.0,0.006230329569957975,0.03852780382118627,0.0
2460,1.0,0.05,0.00013987000718223354,0.0,0.006230329569957975,0.017476048982266575,0.0
2461,1.0,0.05,0.00013987000718223354,0.0,0.006230329569957975,0.015500569006830979,0.0
2462,1.0,0.05,0.00013987000718223354,0.0,0.006230329569957975,0.015500569006830979,0.0
2463,1.0,0.05,0.00013987000718223354,0.0,0.006230329569957975,0.04217275200522127,0.0
2464,1.0,0.05,0.00013987000718223354,0.0,0.006230329569957975,0.04217275200522127,0.0
2465,1.0,0.05,0.00013987000718223354,0.0,0.006230329569957975,0.049052727576420124,0.0
2466,1.0,0.05,0.00013987000718223354,0.0,0.006230329569957975,0.049052727576420124,0.0
2467,1.0,0.05,0.00013987000718223354,0.0,0.006230329569957975,0.049052727576420124,0.0
2468,1.0,0.05,0.00013987000718223354,0.0,0.006230329569957975,0.06870482006863435,0.0
2469,1.0,0.05,0.00013987000718223354,0.0,0.006230329569957975,0.06622396492717392,0.0
2470,1.0,0.05,0.00013987000718223354,0.0,0.006230329569957975,0.06712779243528832,0.0
2471,1.0,0.05,0.00013987000718223354,0.0,0.006230329569957975,0.06712779243528832,0.0
2472,1.0,0.05,0.00013987000718223354,0.0,0.006230329569957975,0.06712779243528832,0.0
2473,1.0,0.05,0.00013987000718223354,0.0,0.006796039244197118,0.06712779243528832,0.0
2474,1.0,0.05,0.00013987000718223354,0.0,0.006796039244197118,0.06712779243528832,0.0
2475,1.0,0.05,0.00013987000718223354,0.0,0.006796039244197118,0.06712779243528832,0.0
2476,1.0,0.05,0.00013987000718223354,0.0,0.007049599514178408,0.06712779243528832,0.0
2477,1.0,0.05,0.00013987000718223354,0.0,0.007049599514178408,0.02122508101470056,0.0
2478,1.0,0.05,0.00013987000718223354,0.0,0.007049599514178408,0.023564483244726868,0.0
2479,1.0,0.05,0.00013987000718223354,0.0,0.007049599514178408,0.023564483244726868,0.0
2480,1.0,0.05,0.00013987000718223354,0.0,0.007049599514178408,0.035876338766966366,0.0
2481,1.0,0.05,0.00013987000718223354,0.0,0.005615825993484298,0.035876338766966366,0.0
2482,1.0,0.05,0.00013987000718223354,0.0,0.005996920881195424,0.035876338766966366,0.0
2483,1.0,0.05,0.00013987000718223354,0.0,0.005996920881195424,0.035876338766966366,0.0
2484,1.0,0.05,0.00013987000718223354,0.0,0.005996920881195424,0.0446443666442107,0.0
2485,1.0,0.05,0.00013987000718223354,0.0,0.005996920881195424,0.0446443666442107,0.0
2486,1.0,0.05,0.00013987000718223354,0.0,0.005544814064477509,0.09258431124477688,0.0
2487,1.0,0.05,0.00013987000718223354,0.0,0.005544814064477509,0.09258431124477688,0.0
2488,1.0,0.05,0.00013987000718223354,0.0,0.005544814064477509,0.09258431124477688,0.0
2489,1.0,0.05,0.00013987000718223354,0.0,0.006056915686369565,0.03346580880884914,0.0
2490,1.0,0.05,0.00013987000718223354,0.0,0.006056915686369565,0.029904633238155544,0.0
2491,1.0,0.05,0.00013987000718223354,0.0,0.006056915686369565,0.11405515014925763,0.0
2492,1.0,0.05,0.00013987000718223354,0.0,0.006056915686369565,0.057663039013791065,0.0
2493,1.0,0.05,0.00013987000718223354,0.0,0.006056915686369565,0.057663039013791065,0.0
2494,1.0,0.05,0.00013987000718223354,0.0,0.006056915686369565,0.07833790845831987,0.0
2495,1.0,0.05,0.00013987000718223354,0.0,0.006033593325046593,0.10061859094040382,0.0
2496,1.0,0.05,0.00013987000718223354,0.0,0.006033593325046593,0.1100766662295452,0.0
2497,1.0,0.05,0.00013987000718223354,0.0,0.005995404712791319,0.0228392542672176,0.0
2498,1.0,0.05,0.0001428724065272619,0.0,0.005995404712791319,0.0228392542672176,0.0
2499,1.0,0.05,0.0001428724065272619,0.0,0.005995404712791319,0.03284402814209529,0.0
2500,1.0,0.05,0.0001428724065272619,0.0,0.005995404712791319,0.03284402814209529,0.0
2501,1.0,0.05,0.0001428724065272619,0.0,0.005995404712791319,0.03284402814209529,0.0
2502,1.0,0.05,0.0001428724065272619,0.0,0.005995404712791319,0.08494151041135692,0.0
2503,1.0,0.05,0.0001428724065272619,0.0,0.005995404712791319,0.05225046925932481,0.0
2504,1.0,0.05,0.00013253702137590816,0.0,0.005995404712791319,0.05225046925932481,0.0
2505,1.0,0.05,0.00013253702137590816,0.0,0.005995404712791319,0.05225046925932481,0.0
2506,1.0,0.05,0.00013253702137590816,0.0,0.006366718522799438,0.07800685079888724,0.0
2507,1.0,0.05,0.00012827570834226761,0.0,0.006366718522799438,0.07800685079888724,0.0
2508,1.0,0.05,0.00012827570834226761,0.0,0.006366718522799438,0.07800685079888724,0.0
2509,1.0,0.05,0.00012827570834226761,0.0,0.006366718522799438,0.07800685079888724,0.0
2510,1.0,0.05,0.00012827570834226761,0.0,0.006366718522799438,0.12252130779370385,0.0
2511,1.0,0.05,0.00012827570834226761,0.0,0.008499462639603012,0.12252130779370385,0.0
2512,1.0,0.05,0.00012827570834226761,0.0,0.008499462639603012,0.12252130779370385,0.0
2513,1.0,0.05,0.00012827570834226761,0.0,0.008566338626921868,0.12252130779370385,0.0
2514,1.0,0.05,0.00012827570834226761,0.0,0.008423613019879088,0.2103773480492162,0.0
2515,1.0,0.05,0.0001414157161735459,0.0,0.006644254244073451,0.08297924928177808,0.0
2516,1.0,0.05,0.0001414157161735459,0.0,0.005140672251888481,0.08297924928177808,0.0
2517,1.0,0.05,0.0001414157161735459,0.0,0.005140672251888481,0.08297924928177808,0.0
2518,1.0,0.05,0.0001414157161735459,0.0,0.005140672251888481,0.08297924928177808,0.0
2519,1.0,0.05,0.0001414157161735459,0.0,0.005569260188372261,0.05583835768295942,0.0
2520,1.0,0.05,0.0001414157161735459,0.0,0.005569260188372261,0.05583835768295942,0.0
2521,1.0,0.05,0.0001414157161735459,0.0,0.005569260188372261,0.05583835768295942,0.0
2522,1.0,0.05,0.0001414157161735459,0.0,0.005569260188372261,0.05869320982411355,0.0
2523,1.0,0.05,0.0001414157161735459,0.0,0.005569260188372261,0.048973935869512014,0.0
2524,1.0,0.05,0.0001414157161735459,0.0,0.005569260188372261,0.048973935869512014,0.0
2525,1.0,0.05,0.0001414157161735459,0.0,0.005569260188372261,0.03929214135181415,0.0
2526,1.0,0.05,0.0001414157161735459,0.0,0.006080125782352943,0.05313361619744027,0.0
2527,1.0,0.05,0.0001414157161735459,0.0,0.006080125782352943,0.022459907350124805,0.0
2528,1.0,0.05,0.0001414157161735459,0.0,0.006080125782352943,0.03223801176626169,0.0
2529,1.0,0.05,0.00014044977058986217,0.0,0.006080125782352943,0.03223801176626169,0.0
2530,1.0,0.05,0.00014044977058986217,0.0,0.005568097262220795,0.03223801176626169,0.0
2531,1.0,0.05,0.00014044977058986217,0.0,0.005568097262220795,0.03223801176626169,0.0
2532,1.0,0.05,0.00014044977058986217,0.0,0.005568097262220795,0.03223801176626169,0.0
2533,1.0,0.05,0.00014044977058986217,0.0,0.005568097262220795,0.03223801176626169,0.0
2534,1.0,0.05,0.00014044977058986217,0.0,0.005563935224821129,0.03223801176626169,0.0
2535,1.0,0.05,0.00014245888716622951,0.0,0.005563935224821129,0.04497893274927743,0.0
2536,1.0,0.05,0.00014245888716622951,0.0,0.005563935224821129,0.03881049770950165,0.0
2537,1.0,0.05,0.00014245888716622951,0.0,0.005563935224821129,0.03881049770950165,0.0
2538,1.0,0.05,0.00014245888716622951,0.0,0.005563935224821129,0.03881049770950165,0.0
2539,1.0,0.05,0.00014245888716622951,0.0,0.005563935224821129,0.054304230831527696,0.0
2540,1.0,0.05,0.00014245888716622951,0.0,0.005563935224821129,0.05792295254987551,0.0
2541,1.0,0.05,0.00014245888716622951,0.0,0.005563935224821129,0.05792295254987551,0.0
2542,1.0,0.05,0.00014245888716622951,0.0,0.005563935224821129,0.05792295254987551,0.0
2543,1.0,0.05,0.00014245888716622951,0.0,0.006247990831451295,0.05792295254987551,0.0
2544,1.0,0.05,0.00014245888716622951,0.0,0.006247990831451295,0.0306316607252179,0.0
2545,1.0,0.05,0.0001223642900170979,0.0,0.006247990831451295,0.0306316607252179,0.0
2546,1.0,0.05,0.00012946995960249152,0.0,0.006247990831451295,0.0306316607252179,0.0
2547,1.0,0.05,0.00012946995960249152,0.0,0.006247990831451295,0.0306316607252179,0.0
2548,1.0,0.05,0.00012946995960249152,0.0,0.006247990831451295,0.06532509955591152,0.0
2549,1.0,0.05,0.00012946995960249152,0.0,0.0066476594037677824,0.06532509955591152,0.0
2550,1.0,0.05,0.00012946995960249152,0.0,0.0066476594037677824,0.058710022129517335,0.0
2551,1.0,0.05,0.00013583271683860885,0.0,0.0066476594037677824,0.08214898179973792,0.0
2552,1.0,0.05,0.00013583271683860885,0.0,0.0066476594037677824,0.08214898179973792,0.0
2553,1.0,0.05,0.00012955655896443238,0.0,0.0066476594037677824,0.08214898179973792,0.0
2554,1.0,0.05,0.00012955655896443238,0.0,0.0066476594037677824,0.08214898179973792,0.0
2555,1.0,0.05,0.00012955655896443238,0.0,0.00697162468994051,0.08214898179973792,0.0
2556,1.0,0.05,0.00012955655896443238,0.0,0.00697162468994051,0.06564699988606594,0.0
2557,1.0,0.05,0.0001341256914544938,0.0,0.00697162468994051,0.06564699988606594,0.0
2558,1.0,0.05,0.0001341256914544938,0.0,0.00697162468994051,0.06564699988606594,0.0
2559,1.0,0.05,0.0001341256914544938,0.0,0.00697162468994051,0.1213872613755796,0.0
2560,1.0,0.05,0.0001341256914544938,0.0,0.00697162468994051,0.0465986190710145,0.0
2561,1.0,0.05,0.0001341256914544938,0.0,0.00697162468994051,0.060078176542395494,0.0
2562,1.0,0.05,0.0001341256914544938,0.0,0.00697162468994051,0.0426927897547152,0.0
2563,1.0,0.05,0.0001341256914544938,0.0,0.00697162468994051,0.0426927897547152,0.0
2564,1.0,0.05,0.0001341256914544938,0.0,0.00697162468994051,0.0426927897547152,0.0
2565,1.0,0.05,0.0001341256914544938,0.0,0.00697162468994051,0.0426927897547152,0.0
2566,1.0,0.05,0.0001341256914544938,0.0,0.00697162468994051,0.11973615341437763,0.0
2567,1.0,0.05,0.0001341256914544938,0.0,0.00697162468994051,0.04698424648104518,0.0
2568,1.0,0.05,0.0001341256914544938,0.0,0.005025993206768773,0.04698424648104518,0.0
2569,1.0,0.05,0.0001341256914544938,0.0,0.005025993206768773,0.029992359583922674,0.0
2570,1.0,0.05,0.0001341256914544938,0.0,0.005025993206768773,0.08233294172857479,0.0
2571,1.0,0.05,0.0001341256914544938,0.0,0.00568806989502074,0.08233294172857479,0.0
2572,1.0,0.05,0.00013076671755797272,0.0,0.005792653577806775,0.08233294172857479,0.0
2573,1.0,0.05,0.00013076671755797272,0.0,0.005792653577806775,0.08233294172857479,0.0
2574,1.0,0.05,0.00013832155253681093,0.0,0.006678004275316524,0.08233294172857479,0.0
2575,1.0,0.05,0.00013832155253681093,0.0,0.006144813339180898,0.08233294172857479,0.0
2576,1.0,0.05,0.00013832155253681093,0.0,0.006144813339180898,0.044882613842276146,0.0
2577,1.0,0.05,0.00013832155253681093,0.0,0.006144813339180898,0.06223097406391458,0.0
2578,1.0,0.05,0.00013832155253681093,0.0,0.006144813339180898,0.06223097406391458,0.0
2579,1.0,0.05,0.00013832155253681093,0.0,0.006036672104370669,0.05286346030472459,0.0
2580,1.0,0.05,0.00013832155253681093,0.0,0.006036672104370669,0.07864330112583585,0.0
2581,1.0,0.05,0.00013832155253681093,0.0,0.006036672104370669,0.058191593902348585,0.0
2582,1.0,0.05,0.00013832155253681093,0.0,0.006036672104370669,0.04718341113945457,0.0
2583,1.0,0.05,0.00013327951587336246,0.0,0.006036672104370669,0.03236790347804721,0.0
2584,1.0,0.05,0.00013327951587336246,0.0,0.006036672104370669,0.05982469175072818,0.0
2585,1.0,0.05,0.00013327951587336246,0.0,0.006036672104370669,0.05982469175072818,0.0
2586,1.0,0.05,0.00013327951587336246,0.0,0.006036672104370669,0.05982469175072818,0.0
2587,1.0,0.05,0.00013327951587336246,0.0,0.006036672104370669,0.05982469175072818,0.0
2588,1.0,0.05,0.00013327951587336246,0.0,0.006036672104370669,0.05982469175072818,0.0
2589,1.0,0.05,0.00013327951587336246,0.0,0.006036672104370669,0.05982469175072818,0.0
2590,1.0,0.05,0.00013327951587336246,0.0,0.006036672104370669,0.08180546504971939,0.0
2591,1.0,0.05,0.00013327951587336246,0.0,0.006036672104370669,0.07479175265682358,0.0
2592,1.0,0.05,0.00013327951587336246,0.0,0.006036672104370669,0.07479175265682358,0.0
2593,1.0,0.05,0.00013327951587336246,0.0,0.006036672104370669,0.07479175265682358,0.0
2594,1.0,0.05,0.00012190850664092736,0.0,0.006036672104370669,0.054589538680064,0.0
2595,1.0,0.05,0.00012190850664092736,0.0,0.006036672104370669,0.054589538680064,0.0
2596,1.0,0.05,0.0001252841244629915,0.0,0.006036672104370669,0.10649623599217449,0.0
2597,1.0,0.05,0.0001252841244629915,0.0,0.006036672104370669,0.10649623599217449,0.0
2598,1.0,0.05,0.0001252841244629915,0.0,0.006036672104370669,0.08403203616364464,0.0
2599,1.0,0.05,0.0001252841244629915,0.0,0.006036672104370669,0.13494255871967997,0.0
2600,1.0,0.05,0.0001252841244629915,0.0,0.006036672104370669,0.1089888661330931,0.0
2601,1.0,0.05,0.0001252841244629915,0.0,0.006036672104370669,0.1089888661330931,0.0
2602,1.0,0.05,0.0001252841244629915,0.0,0.006036672104370669,0.1089888661330931,0.0
2603,1.0,0.05,0.0001252841244629915,0.0,0.006036672104370669,0.04860279389884068,0.0
2604,1.0,0.05,0.00012544520444844365,0.0,0.006036672104370669,0.10998819329396683,0.0
2605,1.0,0.05,0.00012544520444844365,0.0,0.006036672104370669,0.10998819329396683,0.0
2606,1.0,0.05,0.00012544520444844365,0.0,0.006036672104370669,0.10998819329396683,0.0
2607,1.0,0.05,0.00012544520444844365,0.0,0.006036672104370669,0.10998819329396683,0.0
2608,1.0,0.05,0.00012544520444844365,0.0,0.006036672104370669,0.10286343081594061,0.0
2609,1.0,0.05,0.00012544520444844365,0.0,0.006831774687485627,0.10286343081594061,0.0
2610,1.0,0.05,0.00012544520444844365,0.0,0.006831774687485627,0.10286343081594061,0.0
2611,1.0,0.05,0.00012544520444844365,0.0,0.006831774687485627,0.10286343081594061,0.0
2612,1.0,0.05,0.00012544520444844365,0.0,0.006831774687485627,0.11921932645259561,0.0
2613,1.0,0.05,0.00012023529000867067,0.0,0.006831774687485627,0.11921932645259561,0.0
2614,1.0,0.05,0.00012023529000867067,0.0,0.006831774687485627,0.11921932645259561,0.0
2615,1.0,0.05,0.00013024858343621635,0.0,0.006831774687485627,0.11921932645259561,0.0
2616,1.0,0.05,0.00012414977403970936,0.0,0.006831774687485627,0.11921932645259561,0.0
2617,1.0,0.05,0.00012414977403970936,0.0,0.006831774687485627,0.10552803350901763,0.0
2618,1.0,0.05,0.00012414977403970936,0.0,0.006096389682300449,0.10552803350901763,0.0
2619,1.0,0.05,0.00013488601728834965,0.0,0.006096389682300449,0.10552803350901763,0.0
2620,1.0,0.05,0.00013488601728834965,0.0,0.006096389682300449,0.10552803350901763,0.0
2621,1.0,0.05,0.00013488601728834965,0.0,0.006096389682300449,0.10552803350901763,0.0
2622,1.0,0.05,0.00013488601728834965,0.0,0.006096389682300449,0.06676459872968514,0.0
2623,1.0,0.05,0.00013488601728834965,0.0,0.006096389682300449,0.06676459872968514,0.0
2624,1.0,0.05,0.00013488601728834965,0.0,0.006096389682300449,0.09044856876979292,0.0
2625,1.0,0.05,0.00013488601728834965,0.0,0.006096389682300449,0.09009921758997128,0.0
2626,1.0,0.05,0.00013488601728834965,0.0,0.006096389682300449,0.1120018285410769,0.0
2627,1.0,0.05,0.00013488601728834965,0.0,0.006096389682300449,0.1120018285410769,0.0
2628,1.0,0.05,0.00013488601728834965,0.0,0.006096389682300449,0.04305685942592398,0.0
2629,1.0,0.05,0.00013488601728834965,0.0,0.006096389682300449,0.04099511594301233,0.0
2630,1.0,0.05,0.00013488601728834965,0.0,0.005502706966305006,0.08134661018160541,0.0
2631,1.0,0.05,0.00013488601728834965,0.0,0.005502706966305006,0.08134661018160541,0.0
2632,1.0,0.05,0.00013488601728834965,0.0,0.005502706966305006,0.08134661018160541,0.0
2633,1.0,0.05,0.00013488601728834965,0.0,0.005502706966305006,0.08134661018160541,0.0
2634,1.0,0.05,0.00013488601728834965,0.0,0.005502706966305006,0.08134661018160541,0.0
2635,1.0,0.05,0.00013488601728834965,0.0,0.005502706966305006,0.1017900755178035,0.0
2636,1.0,0.05,0.00013488601728834965,0.0,0.005502706966305006,0.1017900755178035,0.0
2637,1.0,0.05,0.00013488601728834965,0.0,0.005502706966305006,0.1017900755178035,0.0
2638,1.0,0.05,0.00013488601728834965,0.0,0.005502706966305006,0.06691278845497518,0.0
2639,1.0,0.05,0.00013488601728834965,0.0,0.005502706966305006,0.06691278845497518,0.0
2640,1.0,0.05,0.00013488601728834965,0.0,0.005502706966305006,0.09310286524239807,0.0
2641,1.0,0.05,0.00013488601728834965,0.0,0.005502706966305006,0.07576331277573953,0.0
2642,1.0,0.05,0.00013488601728834965,0.0,0.005502706966305006,0.07576331277573953,0.0
2643,1.0,0.05,0.00013488601728834965,0.0,0.005502706966305006,0.0604645987126069,0.0
2644,1.0,0.05,0.0001360549799465418,0.0,0.005175064290911057,0.0604645987126069,0.0
2645,1.0,0.05,0.0001360549799465418,0.0,0.005175064290911057,0.06624412810850534,0.0
2646,1.0,0.05,0.00013642238176126158,0.0,0.005175064290911057,0.06624412810850534,0.0
2647,1.0,0.05,0.00013642238176126158,0.0,0.005175064290911057,0.06624412810850534,0.0
2648,1.0,0.05,0.00013642238176126158,0.0,0.005175064290911057,0.03431680881370326,0.0
2649,1.0,0.05,0.00013642238176126158,0.0,0.005175064290911057,0.010693505751981627,0.0
2650,1.0,0.05,0.00013642238176126158,0.0,0.005175064290911057,0.013107996148512858,0.0
2651,1.0,0.05,0.00013642238176126158,0.0,0.007855442785758514,0.008093907630834608,0.0
2652,1.0,0.05,0.00012602556114087786,0.0,0.007855442785758514,0.010173306837672773,0.0
2653,1.0,0.05,0.00012602556114087786,0.0,0.007855442785758514,0.03412334376911706,0.0
2654,1.0,0.05,0.00012602556114087786,0.0,0.007855442785758514,0.12402940567853762,0.0
2655,1.0,0.05,0.00012602556114087786,0.0,0.006266781718442511,0.08791891908194732,0.0
2656,1.0,0.05,0.00012602556114087786,0.0,0.006512773595603766,0.08791891908194732,0.0
2657,1.0,0.05,0.00013952635505778662,0.0,0.006512773595603766,0.08791891908194732,0.0
2658,1.0,0.05,0.00013952635505778662,0.0,0.006512773595603766,0.08791891908194732,0.0
2659,1.0,0.05,0.00012577372177374096,0.0,0.006512773595603766,0.06704782728176513,0.0
2660,1.0,0.05,0.00012577372177374096,0.0,0.006512773595603766,0.06704782728176513,0.0
2661,1.0,0.05,0.00012577372177374096,0.0,0.006512773595603766,0.06704782728176513,0.0
2662,1.0,0.05,0.00012577372177374096,0.0,0.006512773595603766,0.06704782728176513,0.0
2663,1.0,0.05,0.00012577372177374096,0.0,0.006512773595603766,0.06704782728176513,0.0
2664,1.0,0.05,0.00012577372177374096,0.0,0.006266514621151116,0.12225582976372984,0.0
2665,1.0,0.05,0.00012577372177374096,0.0,0.006266514621151116,0.12202082294038022,0.0
2666,1.0,0.05,0.00012577372177374096,0.0,0.006266514621151116,0.12202082294038022,0.0
2667,1.0,0.05,0.00012577372177374096,0.0,0.00617748009094113,0.06965315986453825,0.0
2668,1.0,0.05,0.00013980415525084708,0.0,0.00617748009094113,0.06965315986453825,0.0
2669,1.0,0.05,0.00013980415525084708,0.0,0.00617748009094113,0.058740908998029875,0.0
2670,1.0,0.05,0.00013980415525084708,0.0,0.00617748009094113,0.0536767296635465,0.0
2671,1.0,0.05,0.00012977638651957046,0.0,0.00617748009094113,0.0536767296635465,0.0
2672,1.0,0.05,0.00012977638651957046,0.0,0.00617748009094113,0.0536767296635465,0.0
2673,1.0,0.05,0.00012977638651957046,0.0,0.006740345689812743,0.0536767296635465,0.0
2674,1.0,0.05,0.00012977638651957046,0.0,0.006740345689812743,0.052521731776926525,0.0
2675,1.0,0.05,0.00012977638651957046,0.0,0.006740345689812743,0.06760186172988274,0.0
2676,1.0,0.05,0.00012977638651957046,0.0,0.006740345689812743,0.06760186172988274,0.0
2677,1.0,0.05,0.00012977638651957046,0.0,0.005372207790841382,0.08493994844292807,0.0
2678,1.0,0.05,0.00012977638651957046,0.0,0.005372207790841382,0.08699255574479164,0.0
2679,1.0,0.05,0.00012977638651957046,0.0,0.0068505807739702995,0.07438972648655345,0.0
2680,1.0,0.05,0.00012977638651957046,0.0,0.0068505807739702995,0.03300520279273614,0.0
2681,1.0,0.05,0.00012977638651957046,0.0,0.0068505807739702995,0.06510632493094852,0.0
2682,1.0,0.05,0.00012977638651957046,0.0,0.005530573698405948,0.05851670054671721,0.0
2683,1.0,0.05,0.00012977638651957046,0.0,0.00752875998131087,0.06438849664599496,0.0
2684,1.0,0.05,0.00012977638651957046,0.0,0.00752875998131087,0.06438849664599496,0.0
2685,1.0,0.05,0.00012977638651957046,0.0,0.00752875998131087,0.0742088375157221,0.0
2686,1.0,0.05,0.00011915393151781875,0.0,0.00752875998131087,0.0742088375157221,0.0
2687,1.0,0.05,0.00011915393151781875,0.0,0.00752875998131087,0.1107984824344079,0.0
2688,1.0,0.05,0.00011915393151781875,0.0,0.00752875998131087,0.09034406813264648,0.0
2689,1.0,0.05,0.00011915393151781875,0.0,0.00740920154376661,0.09034406813264648,0.0
2690,1.0,0.05,0.00011915393151781875,0.0,0.00740920154376661,0.15595072832308648,0.0
2691,1.0,0.05,0.00011915393151781875,0.0,0.00740920154376661,0.15595072832308648,0.0
2692,1.0,0.05,0.00011915393151781875,0.0,0.00740920154376661,0.16326581769353932,0.0
2693,1.0,0.05,0.00011915393151781875,0.0,0.00740920154376661,0.09189123903845287,0.0
2694,1.0,0.05,0.00011915393151781875,0.0,0.00740920154376661,0.09189123903845287,0.0
2695,1.0,0.05,0.00011915393151781875,0.0,0.00740920154376661,0.09189123903845287,0.0
2696,1.0,0.05,0.00011915393151781875,0.0,0.00740920154376661,0.09189123903845287,0.0
2697,1.0,0.05,0.00011915393151781875,0.0,0.00740920154376661,0.09189123903845287,0.0
2698,1.0,0.05,0.00011915393151781875,0.0,0.007414206353656066,0.10436216280818199,0.0
2699,1.0,0.05,0.00011915393151781875,0.0,0.007414206353656066,0.10436216280818199,0.0
2700,1.0,0.05,0.00011915393151781875,0.0,0.007414206353656066,0.0974352350003694,0.0
2701,1.0,0.05,0.00011915393151781875,0.0,0.007414206353656066,0.0974352350003694,0.0
2702,1.0,0.05,0.00011915393151781875,0.0,0.007414206353656066,0.07556133578172311,0.0
2703,1.0,0.05,0.00011915393151781875,0.0,0.007414206353656066,0.07556133578172311,0.0
2704,1.0,0.05,0.00011915393151781875,0.0,0.007414206353656066,0.07556133578172311,0.0
2705,1.0,0.05,0.00011915393151781875,0.0,0.007766123334700191,0.07556133578172311,0.0
2706,1.0,0.05,0.00011915393151781875,0.0,0.00719806121915637,0.07556133578172311,0.0
2707,1.0,0.05,0.00011915393151781875,0.0,0.00719806121915637,0.07556133578172311,0.0
2708,1.0,0.05,0.00011915393151781875,0.0,0.00719806121915637,0.0629913657513141,0.0
2709,1.0,0.05,0.00011915393151781875,0.0,0.008335670878228497,0.06605266865191127,0.0
2710,1.0,0.05,0.00011915393151781875,0.0,0.008335670878228497,0.14776313577995523,0.0
2711,1.0,0.05,0.00011915393151781875,0.0,0.007350442593569245,0.14776313577995523,0.0
2712,1.0,0.05,0.00011915393151781875,0.0,0.007350442593569245,0.14776313577995523,0.0
2713,1.0,0.05,0.0001269990155618607,0.0,0.007350442593569245,0.14776313577995523,0.0
2714,1.0,0.05,0.0001269990155618607,0.0,0.006950522830666664,0.03200924528494502,0.0
2715,1.0,0.05,0.0001269990155618607,0.0,0.006950522830666664,0.03200924528494502,0.0
2716,1.0,0.05,0.0001269990155618607,0.0,0.006950522830666664,0.03200924528494502,0.0
2717,1.0,0.05,0.0001269990155618607,0.0,0.006950522830666664,0.1139117271745045,0.0
2718,1.0,0.05,0.0001269990155618607,0.0,0.006950522830666664,0.0559351498337972,0.0
2719,1.0,0.05,0.0001269990155618607,0.0,0.005734657793007306,0.05531176695062601,0.0
2720,1.0,0.05,0.0001269990155618607,0.0,0.005734657793007306,0.05531176695062601,0.0
2721,1.0,0.05,0.0001269990155618607,0.0,0.005734657793007306,0.05531176695062601,0.0
2722,1.0,0.05,0.0001269990155618607,0.0,0.005734657793007306,0.05531176695062601,0.0
2723,1.0,0.05,0.0001269990155618607,0.0,0.005734657793007306,0.05531176695062601,0.0
2724,1.0,0.05,0.0001269990155618607,0.0,0.005734657793007306,0.08667772296572153,0.0
2725,1.0,0.05,0.0001269990155618607,0.0,0.005734657793007306,0.06440897649352896,0.0
2726,1.0,0.05,0.0001269990155618607,0.0,0.006428681061759552,0.03883284602457214,0.0
2727,1.0,0.05,0.0001269990155618607,0.0,0.005714906474513096,0.0215036579140785,0.0
2728,1.0,0.05,0.0001269990155618607,0.0,0.005530680099960969,0.022325785198824243,0.0
2729,1.0,0.05,0.0001269990155618607,0.0,0.005530680099960969,0.022325785198824243,0.0
2730,1.0,0.05,0.0001269990155618607,0.0,0.007375814572488529,0.022325785198824243,0.0
2731,1.0,0.05,0.0001269990155618607,0.0,0.007375814572488529,0.07662151086587311,0.0
2732,1.0,0.05,0.0001269990155618607,0.0,0.007375814572488529,0.07662151086587311,0.0
2733,1.0,0.05,0.0001269990155618607,0.0,0.007375814572488529,0.08488983691772269,0.0
2734,1.0,0.05,0.0001269990155618607,0.0,0.007375814572488529,0.08488983691772269,0.0
2735,1.0,0.05,0.00012748810871673598,0.0,0.005920638725943547,0.08488983691772269,0.0
2736,1.0,0.05,0.00012748810871673598,0.0,0.005920638725943547,0.07838314434828254,0.0
2737,1.0,0.05,0.00012748810871673598,0.0,0.005920638725943547,0.07207426046488404,0.0
2738,1.0,0.05,0.00012748810871673598,0.0,0.005920638725943547,0.0305485476688061,0.0
2739,1.0,0.05,0.00012748810871673598,0.0,0.005920638725943547,0.042370858055180496,0.0
2740,1.0,0.05,0.00012748810871673598,0.0,0.005920638725943547,0.012638971219074075,0.0
2741,1.0,0.05,0.00012748810871673598,0.0,0.005920638725943547,0.00710539795140519,0.0
2742,1.0,0.05,0.00012748810871673598,0.0,0.005805018975570028,0.01172663953791439,0.0
2743,1.0,0.05,0.00012748810871673598,0.0,0.005805018975570028,0.05362952814364812,0.0
2744,1.0,0.05,0.00012748810871673598,0.0,0.005805018975570028,0.05362952814364812,0.0
2745,1.0,0.05,0.00012748810871673598,0.0,0.005616098862144011,0.05362952814364812,0.0
2746,1.0,0.05,0.00012748810871673598,0.0,0.005616098862144011,0.05362952814364812,0.0
2747,1.0,0.05,0.00012748810871673598,0.0,0.005616098862144011,0.05362952814364812,0.0
2748,1.0,0.05,0.00012748810871673598,0.0,0.005616098862144011,0.05362952814364812,0.0
2749,1.0,0.05,0.00012748810871673598,0.0,0.005616098862144011,0.06209009900378169,0.0
2750,1.0,0.05,0.00012748810871673598,0.0,0.006468302623368536,0.06209009900378169,0.0
2751,1.0,0.05,0.00012748810871673598,0.0,0.006468302623368536,0.06209009900378169,0.0
2752,1.0,0.05,0.0001363024888410451,0.0,0.006468302623368536,0.07512230447703466,0.0
2753,1.0,0.05,0.0001363024888410451,0.0,0.006491518588828924,0.07512230447703466,0.0
2754,1.0,0.05,0.0001363024888410451,0.0,0.006491518588828924,0.07512230447703466,0.0
2755,1.0,0.05,0.0001363024888410451,0.0,0.006491518588828924,0.07512230447703466,0.0
2756,1.0,0.05,0.00012368710601784336,0.0,0.006491518588828924,0.07285402683881889,0.0
2757,1.0,0.05,0.00012968499704556037,0.0,0.006491518588828924,0.07285402683881889,0.0
2758,1.0,0.05,0.00012968499704556037,0.0,0.005633439915683932,0.07285402683881889,0.0
2759,1.0,0.05,0.00012968499704556037,0.0,0.005633439915683932,0.02699067870943226,0.0
2760,1.0,0.05,0.00012968499704556037,0.0,0.005633439915683932,0.09257474989296231,0.0
2761,1.0,0.05,0.00012968499704556037,0.0,0.005633439915683932,0.08243269427830577,0.0
2762,1.0,0.05,0.00012968499704556037,0.0,0.005633439915683932,0.08243269427830577,0.0
2763,1.0,0.05,0.00012968499704556037,0.0,0.006400311467706586,0.08243269427830577,0.0
2764,1.0,0.05,0.00012968499704556037,0.0,0.006400311467706586,0.05159942938363221,0.0
2765,1.0,0.05,0.00012968499704556037,0.0,0.006400311467706586,0.05159942938363221,0.0
2766,1.0,0.05,0.00012968499704556037,0.0,0.005482187502637872,0.05159942938363221,0.0
2767,1.0,0.05,0.00012968499704556037,0.0,0.005482187502637872,0.05159942938363221,0.0
2768,1.0,0.05,0.00012707342630483042,0.0,0.005482187502637872,0.05159942938363221,0.0
2769,1.0,0.05,0.00012707342630483042,0.0,0.005482187502637872,0.05159942938363221,0.0
2770,1.0,0.05,0.00012707342630483042,0.0,0.005482187502637872,0.0714541816497679,0.0
2771,1.0,0.05,0.00012707342630483042,0.0,0.005482187502637872,0.0714541816497679,0.0
2772,1.0,0.05,0.00012707342630483042,0.0,0.005482187502637872,0.0714541816497679,0.0
2773,1.0,0.05,0.00012707342630483042,0.0,0.005482187502637872,0.0714541816497679,0.0
2774,1.0,0.05,0.00012707342630483042,0.0,0.005482187502637872,0.056140554773197196,0.0
2775,1.0,0.05,0.00012707342630483042,0.0,0.005482187502637872,0.056140554773197196,0.0
2776,1.0,0.05,0.00012959225007434623,0.0,0.005482187502637872,0.056140554773197196,0.0
2777,1.0,0.05,0.00012959225007434623,0.0,0.006668210919159678,0.04188662391374674,0.0
2778,1.0,0.05,0.00013201405933530613,0.0,0.006235565336157702,0.13498921136226355,0.0
2779,1.0,0.05,0.00013201405933530613,0.0,0.006406776757410615,0.12609797790287103,0.0
2780,1.0,0.05,0.00013201405933530613,0.0,0.006406776757410615,0.1234289759821046,0.0
2781,1.0,0.05,0.00013201405933530613,0.0,0.006641072226435022,0.10831426206973108,0.0
2782,1.0,0.05,0.00013201405933530613,0.0,0.006641072226435022,0.10831426206973108,0.0
2783,1.0,0.05,0.00013201405933530613,0.0,0.006641072226435022,0.10831426206973108,0.0
2784,1.0,0.05,0.00013201405933530613,0.0,0.006641072226435022,0.10831426206973108,0.0
2785,1.0,0.05,0.00013201405933530613,0.0,0.006641072226435022,0.10831426206973108,0.0
2786,1.0,0.05,0.00013201405933530613,0.0,0.006641072226435022,0.10831426206973108,0.0
2787,1.0,0.05,0.00013201405933530613,0.0,0.006641072226435022,0.10831426206973108,0.0
2788,1.0,0.05,0.00013201405933530613,0.0,0.006641072226435022,0.10831426206973108,0.0
2789,1.0,0.05,0.00013136253289170453,0.0,0.006641072226435022,0.10831426206973108,0.0
2790,1.0,0.05,0.00013136253289170453,0.0,0.006641072226435022,0.18397661537264784,0.0
2791,1.0,0.05,0.00013136253289170453,0.0,0.006641072226435022,0.18397661537264784,0.0
2792,1.0,0.05,0.00013136253289170453,0.0,0.005790185432241713,0.06281220633746178,0.0
2793,1.0,0.05,0.00013136253289170453,0.0,0.005790185432241713,0.035287060344330955,0.0
2794,1.0,0.05,0.00013136253289170453,0.0,0.005790185432241713,0.1028944525029731,0.0
2795,1.0,0.05,0.00013136253289170453,0.0,0.005790185432241713,0.1028944525029731,0.0
2796,1.0,0.05,0.00013136253289170453,0.0,0.005790185432241713,0.1028944525029731,0.0
2797,1.0,0.05,0.00013136253289170453,0.0,0.005790185432241713,0.05674178317686945,0.0
2798,1.0,0.05,0.00013136253289170453,0.0,0.005790185432241713,0.02046604068512599,0.0
2799,1.0,0.05,0.00013136253289170453,0.0,0.005935737704495418,0.018864040738630385,0.0
2800,1.0,0.05,0.00013136253289170453,0.0,0.005935737704495418,0.009972731839729089,0.0
2801,1.0,0.05,0.00013136253289170453,0.0,0.005935737704495418,0.009972731839729089,0.0
2802,1.0,0.05,0.00013136253289170453,0.0,0.005935737704495418,0.022220847814731166,0.0
2803,1.0,0.05,0.00013136253289170453,0.0,0.005935737704495418,0.02479879967803217,0.0
2804,1.0,0.05,0.00013136253289170453,0.0,0.005935737704495418,0.04428763373779173,0.0
2805,1.0,0.05,0.00013136253289170453,0.0,0.005935737704495418,0.04428763373779173,0.0
2806,1.0,0.05,0.00013136253289170453,0.0,0.005935737704495418,0.04428763373779173,0.0
2807,1.0,0.05,0.00013136253289170453,0.0,0.005935737704495418,0.04428763373779173,0.0
2808,1.0,0.05,0.00013136253289170453,0.0,0.005935737704495418,0.07872822079441244,0.0
2809,1.0,0.05,0.00013136253289170453,0.0,0.005935737704495418,0.057219927415668684,0.0
2810,1.0,0.05,0.00013701005431670239,0.0,0.005935737704495418,0.018551302752951214,0.0
2811,1.0,0.05,0.00013701005431670239,0.0,0.005935737704495418,0.10976073011653939,0.0
2812,1.0,0.05,0.00013701005431670239,0.0,0.005935737704495418,0.036855220728677175,0.0
2813,1.0,0.05,0.00013701005431670239,0.0,0.005935737704495418,0.036855220728677175,0.0
2814,1.0,0.05,0.00013701005431670239,0.0,0.005935737704495418,0.036855220728677175,0.0
2815,1.0,0.05,0.00013701005431670239,0.0,0.005935737704495418,0.06721742444798166,0.0
2816,1.0,0.05,0.00013701005431670239,0.0,0.005935737704495418,0.060185815623407204,0.0
2817,1.0,0.05,0.00013701005431670239,0.0,0.005935737704495418,0.060185815623407204,0.0
2818,1.0,0.05,0.00013701005431670239,0.0,0.005935737704495418,0.060185815623407204,0.0
2819,1.0,0.05,0.00013701005431670239,0.0,0.005969927934312271,0.060185815623407204,0.0
2820,1.0,0.05,0.00013701005431670239,0.0,0.005969927934312271,0.060185815623407204,0.0
2821,1.0,0.05,0.00013701005431670239,0.0,0.005969927934312271,0.060185815623407204,0.0
2822,1.0,0.05,0.00014003696163286618,0.0,0.005969927934312271,0.060185815623407204,0.0
2823,1.0,0.05,0.00014003696163286618,0.0,0.005969927934312271,0.09551656805089193,0.0
2824,1.0,0.05,0.00014003696163286618,0.0,0.005969927934312271,0.10397621723795072,0.0
2825,1.0,0.05,0.00014003696163286618,0.0,0.005969927934312271,0.06982830655757534,0.0
2826,1.0,0.05,0.00014003696163286618,0.0,0.005969927934312271,0.06982830655757534,0.0
2827,1.0,0.05,0.00014003696163286618,0.0,0.005969927934312271,0.06982830655757534,0.0
2828,1.0,0.05,0.00014003696163286618,0.0,0.005969927934312271,0.06982830655757534,0.0
2829,1.0,0.05,0.00014003696163286618,0.0,0.005525429043252643,0.06982830655757534,0.0
2830,1.0,0.05,0.00014003696163286618,0.0,0.005525429043252643,0.06982830655757534,0.0
2831,1.0,0.05,0.00014003696163286618,0.0,0.005525429043252643,0.09651307852781983,0.0
2832,1.0,0.05,0.00014003696163286618,0.0,0.005525429043252643,0.09651307852781983,0.0
2833,1.0,0.05,0.00014003696163286618,0.0,0.005525429043252643,0.10747226394947379,0.0
2834,1.0,0.05,0.00014003696163286618,0.0,0.005525429043252643,0.10747226394947379,0.0
2835,1.0,0.05,0.00014003696163286618,0.0,0.006268356470780223,0.10747226394947379,0.0
2836,1.0,0.05,0.00012893310019206642,0.0,0.006268356470780223,0.0710951866125796,0.0
2837,1.0,0.05,0.00012893310019206642,0.0,0.006268356470780223,0.0596515135037889,0.0
2838,1.0,0.05,0.00012893310019206642,0.0,0.0071204015613819845,0.03697163635349218,0.0
2839,1.0,0.05,0.00012893310019206642,0.0,0.0071204015613819845,0.03697163635349218,0.0
2840,1.0,0.05,0.00012893310019206642,0.0,0.0071204015613819845,0.04402462961711491,0.0
2841,1.0,0.05,0.00012893310019206642,0.0,0.0071204015613819845,0.12762309449375142,0.0
2842,1.0,0.05,0.00012893310019206642,0.0,0.0071204015613819845,0.12762309449375142,0.0
2843,1.0,0.05,0.00012893310019206642,0.0,0.0071204015613819845,0.12762309449375142,0.0
2844,1.0,0.05,0.00012893310019206642,0.0,0.0071204015613819845,0.0982539736534441,0.0
2845,1.0,0.05,0.00012893310019206642,0.0,0.0071204015613819845,0.0982539736534441,0.0
2846,1.0,0.05,0.00012893310019206642,0.0,0.0071204015613819845,0.0982539736534441,0.0
2847,1.0,0.05,0.00012893310019206642,0.0,0.007036566298456065,0.09200650631722757,0.0
2848,1.0,0.05,0.00012893310019206642,0.0,0.007036566298456065,0.09200650631722757,0.0
2849,1.0,0.05,0.00012893310019206642,0.0,0.007036566298456065,0.09200650631722757,0.0
2850,1.0,0.05,0.00012893310019206642,0.0,0.007036566298456065,0.09200650631722757,0.0
2851,1.0,0.05,0.00012893310019206642,0.0,0.007036566298456065,0.09200650631722757,0.0
2852,1.0,0.05,0.00012893310019206642,0.0,0.007036566298456065,0.09200650631722757,0.0
2853,1.0,0.05,0.00012893310019206642,0.0,0.006937689586509667,0.09200650631722757,0.0
2854,1.0,0.05,0.00012893310019206642,0.0,0.006937689586509667,0.09200650631722757,0.0
2855,1.0,0.05,0.00012893310019206642,0.0,0.006937689586509667,0.09200650631722757,0.0
2856,1.0,0.05,0.00012893310019206642,0.0,0.006535485995258922,0.09200650631722757,0.0
2857,1.0,0.05,0.00012893310019206642,0.0,0.0056162596500033855,0.09200650631722757,0.0
2858,1.0,0.05,0.00012893310019206642,0.0,0.0056162596500033855,0.04798669652403637,0.0
2859,1.0,0.05,0.00012893310019206642,0.0,0.0056162596500033855,0.049864768873801174,0.0
2860,1.0,0.05,0.00012893310019206642,0.0,0.0056162596500033855,0.05191589505252315,0.0
2861,1.0,0.05,0.00012893310019206642,0.0,0.0056162596500033855,0.05191589505252315,0.0
2862,1.0,0.05,0.00012893310019206642,0.0,0.0056162596500033855,0.08016217551140958,0.0
2863,1.0,0.05,0.00012893310019206642,0.0,0.0062847471434211,0.08016217551140958,0.0
2864,1.0,0.05,0.00012893310019206642,0.0,0.0062847471434211,0.08016217551140958,0.0
2865,1.0,0.05,0.00012893310019206642,0.0,0.0062847471434211,0.0958933227383034,0.0
2866,1.0,0.05,0.00012893310019206642,0.0,0.0062847471434211,0.0958933227383034,0.0
2867,1.0,0.05,0.00012893310019206642,0.0,0.0062847471434211,0.0958933227383034,0.0
2868,1.0,0.05,0.00012893310019206642,0.0,0.0062847471434211,0.0958933227383034,0.0
2869,1.0,0.05,0.00012893310019206642,0.0,0.0062847471434211,0.0958933227383034,0.0
2870,1.0,0.05,0.00012893310019206642,0.0,0.0062847471434211,0.0958933227383034,0.0
2871,1.0,0.05,0.00012893310019206642,0.0,0.0062847471434211,0.08828489995156064,0.0
2872,1.0,0.05,0.00012893310019206642,0.0,0.0062847471434211,0.08828489995156064,0.0
2873,1.0,0.05,0.00012893310019206642,0.0,0.0072571117833605215,0.08828489995156064,0.0
2874,1.0,0.05,0.00012893310019206642,0.0,0.0072571117833605215,0.08828489995156064,0.0
2875,1.0,0.05,0.00012893310019206642,0.0,0.0072571117833605215,0.10785775478325291,0.0
2876,1.0,0.05,0.00012893310019206642,0.0,0.0072571117833605215,0.10785775478325291,0.0
2877,1.0,0.05,0.00012893310019206642,0.0,0.0072571117833605215,0.09360637969655117,0.0
2878,1.0,0.05,0.00012893310019206642,0.0,0.0072571117833605215,0.09360637969655117,0.0
2879,1.0,0.05,0.00012893310019206642,0.0,0.0072571117833605215,0.09360637969655117,0.0
2880,1.0,0.05,0.00012893310019206642,0.0,0.0072571117833605215,0.0524267715662679,0.0
2881,1.0,0.05,0.00012893310019206642,0.0,0.006699155369676878,0.07346825681868728,0.0
2882,1.0,0.05,0.00012893310019206642,0.0,0.006699155369676878,0.07346825681868728,0.0
2883,1.0,0.05,0.00012893310019206642,0.0,0.006699155369676878,0.07346825681868728,0.0
2884,1.0,0.05,0.00012893310019206642,0.0,0.006699155369676878,0.07346825681868728,0.0
2885,1.0,0.05,0.00012893310019206642,0.0,0.006699155369676878,0.03206293763277189,0.0
2886,1.0,0.05,0.00012893310019206642,0.0,0.006699155369676878,0.14627755560032957,0.0
2887,1.0,0.05,0.00012893310019206642,0.0,0.005767057311148641,0.07511042163807818,0.0
2888,1.0,0.05,0.00012893310019206642,0.0,0.005767057311148641,0.07511042163807818,0.0
2889,1.0,0.05,0.00012893310019206642,0.0,0.006168125651317918,0.09872869046290728,0.0
2890,1.0,0.05,0.00012893310019206642,0.0,0.00795220112170738,0.09736888435481683,0.0
2891,1.0,0.05,0.00012893310019206642,0.0,0.006249482300750107,0.09736888435481683,0.0
2892,1.0,0.05,0.00012893310019206642,0.0,0.006249482300750107,0.09736888435481683,0.0
2893,1.0,0.05,0.00012893310019206642,0.0,0.006249482300750107,0.09736888435481683,0.0
2894,1.0,0.05,0.00012893310019206642,0.0,0.006249482300750107,0.09736888435481683,0.0
2895,1.0,0.05,0.00012893310019206642,0.0,0.006249482300750107,0.09736888435481683,0.0
2896,1.0,0.05,0.00012893310019206642,0.0,0.006249482300750107,0.09736888435481683,0.0
2897,1.0,0.05,0.00012893310019206642,0.0,0.006249482300750107,0.09736888435481683,0.0
2898,1.0,0.05,0.0001335145964703093,0.0,0.006249482300750107,0.06650880956226321,0.0
2899,1.0,0.05,0.0001335145964703093,0.0,0.006249482300750107,0.06650880956226321,0.0
2900,1.0,0.05,0.0001335145964703093,0.0,0.006249482300750107,0.07463843220063647,0.0
2901,1.0,0.05,0.0001335145964703093,0.0,0.006249482300750107,0.05669827505535871,0.0
2902,1.0,0.05,0.0001335145964703093,0.0,0.006249482300750107,0.05669827505535871,0.0
2903,1.0,0.05,0.0001335145964703093,0.0,0.006249482300750107,0.09706846152736334,0.0
2904,1.0,0.05,0.0001335145964703093,0.0,0.006249482300750107,0.09706846152736334,0.0
2905,1.0,0.05,0.0001335145964703093,0.0,0.006249482300750107,0.09706846152736334,0.0
2906,1.0,0.05,0.0001335145964703093,0.0,0.006249482300750107,0.09706846152736334,0.0
2907,1.0,0.05,0.0001335145964703093,0.0,0.006249482300750107,0.07053749036976703,0.0
2908,1.0,0.05,0.0001335145964703093,0.0,0.006249482300750107,0.07053749036976703,0.0
2909,1.0,0.05,0.0001335145964703093,0.0,0.006249482300750107,0.07053749036976703,0.0
2910,1.0,0.05,0.0001335145964703093,0.0,0.006280919178450352,0.07053749036976703,0.0
2911,1.0,0.05,0.0001335145964703093,0.0,0.006280919178450352,0.07053749036976703,0.0
2912,1.0,0.05,0.0001335145964703093,0.0,0.006280919178450352,0.07053749036976703,0.0
2913,1.0,0.05,0.0001335145964703093,0.0,0.006012997895440642,0.07053749036976703,0.0
2914,1.0,0.05,0.0001335145964703093,0.0,0.006041875697394969,0.07053749036976703,0.0
2915,1.0,0.05,0.0001335145964703093,0.0,0.006041875697394969,0.029478030271183567,0.0
2916,1.0,0.05,0.0001335145964703093,0.0,0.006041875697394969,0.058635242944486576,0.0
2917,1.0,0.05,0.0001335145964703093,0.0,0.006041875697394969,0.09834555289652455,0.0
2918,1.0,0.05,0.0001335145964703093,0.0,0.006041875697394969,0.07770221265334372,0.0
2919,1.0,0.05,0.0001335145964703093,0.0,0.006368387483064112,0.07770221265334372,0.0
2920,1.0,0.05,0.0001335145964703093,0.0,0.006368387483064112,0.07770221265334372,0.0
2921,1.0,0.05,0.0001335145964703093,0.0,0.006368387483064112,0.07770221265334372,0.0
2922,1.0,0.05,0.0001335145964703093,0.0,0.006368387483064112,0.10925589707918577,0.0
2923,1.0,0.05,0.0001335145964703093,0.0,0.006368387483064112,0.10925589707918577,0.0
2924,1.0,0.05,0.00013498333064282833,0.0,0.006016400242201045,0.10925589707918577,0.0
2925,1.0,0.05,0.00013498333064282833,0.0,0.006016400242201045,0.08707975083488277,0.0
2926,1.0,0.05,0.00013498333064282833,0.0,0.006016400242201045,0.05633437196015583,0.0
2927,1.0,0.05,0.00013498333064282833,0.0,0.006016400242201045,0.05633437196015583,0.0
2928,1.0,0.05,0.00013498333064282833,0.0,0.006016400242201045,0.05633437196015583,0.0
2929,1.0,0.05,0.00013498333064282833,0.0,0.006016400242201045,0.04840841868425799,0.0
2930,1.0,0.05,0.00013498333064282833,0.0,0.006016400242201045,0.04169863093481517,0.0
2931,1.0,0.05,0.00013498333064282833,0.0,0.005878558426008072,0.05024317236326152,0.0
2932,1.0,0.05,0.00013498333064282833,0.0,0.005878558426008072,0.06049400051795808,0.0
2933,1.0,0.05,0.00013498333064282833,0.0,0.005795309894075849,0.07652156964587097,0.0
2934,1.0,0.05,0.00013498333064282833,0.0,0.005795309894075849,0.07652156964587097,0.0
2935,1.0,0.05,0.00013498333064282833,0.0,0.005795309894075849,0.07652156964587097,0.0
2936,1.0,0.05,0.00013498333064282833,0.0,0.005795309894075849,0.07652156964587097,0.0
2937,1.0,0.05,0.00013498333064282833,0.0,0.005795309894075849,0.07652156964587097,0.0
2938,1.0,0.05,0.00013498333064282833,0.0,0.005795309894075849,0.07652156964587097,0.0
2939,1.0,0.05,0.00013498333064282833,0.0,0.005795309894075849,0.07652156964587097,0.0
2940,1.0,0.05,0.00013498333064282833,0.0,0.005795309894075849,0.07652156964587097,0.0
2941,1.0,0.05,0.00013498333064282833,0.0,0.005795309894075849,0.07652156964587097,0.0
2942,1.0,0.05,0.00013498333064282833,0.0,0.006214240859722647,0.07652156964587097,0.0
2943,1.0,0.05,0.00013498333064282833,0.0,0.006214240859722647,0.07652156964587097,0.0
2944,1.0,0.05,0.00013498333064282833,0.0,0.006480349445944923,0.050764610802388116,0.0
2945,1.0,0.05,0.00013498333064282833,0.0,0.006480349445944923,0.050764610802388116,0.0
2946,1.0,0.05,0.00013498333064282833,0.0,0.006480349445944923,0.07655877921562318,0.0
2947,1.0,0.05,0.00013498333064282833,0.0,0.006480349445944923,0.09813914971702982,0.0
2948,1.0,0.05,0.00013498333064282833,0.0,0.006480349445944923,0.09813914971702982,0.0
2949,1.0,0.05,0.00013498333064282833,0.0,0.0053944744799993855,0.060785473149240314,0.0
2950,1.0,0.05,0.00012741750858426845,0.0,0.0053944744799993855,0.07191539253320502,0.0
2951,1.0,0.05,0.00012741750858426845,0.0,0.0053944744799993855,0.07191539253320502,0.0
2952,1.0,0.05,0.00012741750858426845,0.0,0.0053944744799993855,0.07191539253320502,0.0
2953,1.0,0.05,0.00012741750858426845,0.0,0.006424690663532608,0.07191539253320502,0.0
2954,1.0,0.05,0.00012741750858426845,0.0,0.0065737687026652695,0.0531805815597541,0.0
2955,1.0,0.05,0.00013661450816859026,0.0,0.0065737687026652695,0.0531805815597541,0.0
2956,1.0,0.05,0.00013661450816859026,0.0,0.0065737687026652695,0.0531805815597541,0.0
2957,1.0,0.05,0.00013661450816859026,0.0,0.0065737687026652695,0.07495745148075703,0.0
2958,1.0,0.05,0.00013661450816859026,0.0,0.0065737687026652695,0.07495745148075703,0.0
2959,1.0,0.05,0.00013969244462354367,0.0,0.0065737687026652695,0.06541940941389006,0.0
2960,1.0,0.05,0.00013969244462354367,0.0,0.0065737687026652695,0.06541940941389006,0.0
2961,1.0,0.05,0.00013969244462354367,0.0,0.0065737687026652695,0.06926940491962191,0.0
2962,1.0,0.05,0.00013969244462354367,0.0,0.0065737687026652695,0.11199178996452049,0.0
2963,1.0,0.05,0.00013969244462354367,0.0,0.0065737687026652695,0.079481034062137,0.0
2964,1.0,0.05,0.00013969244462354367,0.0,0.0065737687026652695,0.079481034062137,0.0
2965,1.0,0.05,0.00012424326693111156,0.0,0.0065737687026652695,0.079481034062137,0.0
2966,1.0,0.05,0.00012424326693111156,0.0,0.0065737687026652695,0.11814614290122957,0.0
2967,1.0,0.05,0.00012424326693111156,0.0,0.007814951295300264,0.07732728765588923,0.0
2968,1.0,0.05,0.00012424326693111156,0.0,0.007814951295300264,0.07732728765588923,0.0
2969,1.0,0.05,0.00012424326693111156,0.0,0.007814951295300264,0.07732728765588923,0.0
2970,1.0,0.05,0.00012424326693111156,0.0,0.007814951295300264,0.12219648750980693,0.0
2971,1.0,0.05,0.00012424326693111156,0.0,0.006642119988312501,0.12219648750980693,0.0
2972,1.0,0.05,0.00012554076259452097,0.0,0.00728884678662865,0.12219648750980693,0.0
2973,1.0,0.05,0.00012554076259452097,0.0,0.007452636068430065,0.12219648750980693,0.0
2974,1.0,0.05,0.00012554076259452097,0.0,0.005691068487547838,0.12219648750980693,0.0
2975,1.0,0.05,0.00012554076259452097,0.0,0.006254407981928841,0.12219648750980693,0.0
2976,1.0,0.05,0.00012554076259452097,0.0,0.007349307456560293,0.0658045890193972,0.0
2977,1.0,0.05,0.00012554076259452097,0.0,0.007349307456560293,0.07782071691762987,0.0
2978,1.0,0.05,0.00012554076259452097,0.0,0.006430374311001206,0.06222369385703953,0.0
2979,1.0,0.05,0.00012550111992450918,0.0,0.006430374311001206,0.06222369385703953,0.0
2980,1.0,0.05,0.00012550111992450918,0.0,0.007647219723193326,0.06222369385703953,0.0
2981,1.0,0.05,0.00012550111992450918,0.0,0.007647219723193326,0.09285752114163186,0.0
2982,1.0,0.05,0.00012550111992450918,0.0,0.007647219723193326,0.1758016492859475,0.0
2983,1.0,0.05,0.00012550111992450918,0.0,0.007647219723193326,0.1758016492859475,0.0
2984,1.0,0.05,0.00012550111992450918,0.0,0.007647219723193326,0.1758016492859475,0.0
2985,1.0,0.05,0.00012550111992450918,0.0,0.007647219723193326,0.06597985182185989,0.0
2986,1.0,0.05,0.00012550111992450918,0.0,0.006220226648389304,0.05106175537393041,0.0
2987,1.0,0.05,0.00012550111992450918,0.0,0.006220226648389304,0.05106175537393041,0.0
2988,1.0,0.05,0.00012550111992450918,0.0,0.006220226648389304,0.12097973329518244,0.0
2989,1.0,0.05,0.00012550111992450918,0.0,0.006220226648389304,0.12607600261377616,0.0
2990,1.0,0.05,0.00012550111992450918,0.0,0.006220226648389304,0.12607600261377616,0.0
2991,1.0,0.05,0.00013356073540713494,0.0,0.006543561072649869,0.12607600261377616,0.0
2992,1.0,0.05,0.00013356073540713494,0.0,0.006543561072649869,0.12607600261377616,0.0
2993,1.0,0.05,0.00013356073540713494,0.0,0.006543561072649869,0.08246009806297937,0.0
2994,1.0,0.05,0.00013356073540713494,0.0,0.006543561072649869,0.08246009806297937,0.0
2995,1.0,0.05,0.00013356073540713494,0.0,0.006078681925090267,0.08246009806297937,0.0
2996,1.0,0.05,0.00013356073540713494,0.0,0.006078681925090267,0.07878009396363281,0.0
2997,1.0,0.05,0.00013356073540713494,0.0,0.006078681925090267,0.07878009396363281,0.0
2998,1.0,0.05,0.00013356073540713494,0.0,0.006078681925090267,0.07878009396363281,0.0
2999,1.0,0.05,0.00013356073540713494,0.0,0.006078681925090267,0.07878009396363281,0.0
3000,1.0,0.05,0.00013356073540713494,0.0,0.006078681925090267,0.07878009396363281,0.0
3001,1.0,0.05,0.00013356073540713494,0.0,0.006078681925090267,0.041156273176141095,0.0
3002,1.0,0.05,0.0001320610530757859,0.0,0.006078681925090267,0.04241027052800696,0.0
3003,1.0,0.05,0.0001320610530757859,0.0,0.006078681925090267,0.04241027052800696,0.0
3004,1.0,0.05,0.0001320610530757859,0.0,0.005871820169730777,0.04241027052800696,0.0
3005,1.0,0.05,0.0001320610530757859,0.0,0.005871820169730777,0.04241027052800696,0.0
3006,1.0,0.05,0.0001320610530757859,0.0,0.005871820169730777,0.04241027052800696,0.0
3007,1.0,0.05,0.0001320610530757859,0.0,0.005871820169730777,0.04241027052800696,0.0
3008,1.0,0.05,0.0001320610530757859,0.0,0.005871820169730777,0.0958163501572133,0.0
3009,1.0,0.05,0.0001320610530757859,0.0,0.005871820169730777,0.0958163501572133,0.0
3010,1.0,0.05,0.0001320610530757859,0.0,0.005871820169730777,0.058190574759911046,0.0
3011,1.0,0.05,0.0001320610530757859,0.0,0.005871820169730777,0.058190574759911046,0.0
3012,1.0,0.05,0.0001320610530757859,0.0,0.005871820169730777,0.058190574759911046,0.0
3013,1.0,0.05,0.0001320610530757859,0.0,0.005871820169730777,0.07518889376604856,0.0
3014,1.0,0.05,0.0001320610530757859,0.0,0.005871820169730777,0.07127732391765089,0.0
3015,1.0,0.05,0.0001320610530757859,0.0,0.007417368010288182,0.07600275576520038,0.0
3016,1.0,0.05,0.0001320610530757859,0.0,0.007417368010288182,0.07552761124786654,0.0
3017,1.0,0.05,0.0001320610530757859,0.0,0.007417368010288182,0.09014172188753126,0.0
3018,1.0,0.05,0.0001320610530757859,0.0,0.006846193556299176,0.04759208987626129,0.0
3019,1.0,0.05,0.0001320610530757859,0.0,0.006846193556299176,0.03678363194170561,0.0
3020,1.0,0.05,0.0001320610530757859,0.0,0.006846193556299176,0.09486435438793751,0.0
3021,1.0,0.05,0.0001320610530757859,0.0,0.006846193556299176,0.09486435438793751,0.0
3022,1.0,0.05,0.0001256996439403078,0.0,0.006846193556299176,0.03865778414433875,0.0
3023,1.0,0.05,0.0001256996439403078,0.0,0.006846193556299176,0.03865778414433875,0.0
3024,1.0,0.05,0.0001256996439403078,0.0,0.006846193556299176,0.03865778414433875,0.0
3025,1.0,0.05,0.0001256996439403078,0.0,0.006846193556299176,0.03865778414433875,0.0
3026,1.0,0.05,0.0001256996439403078,0.0,0.006846193556299176,0.03865778414433875,0.0
3027,1.0,0.05,0.0001256996439403078,0.0,0.0057066272933679815,0.03865778414433875,0.0
3028,1.0,0.05,0.0001256996439403078,0.0,0.0057066272933679815,0.03865778414433875,0.0
3029,1.0,0.05,0.0001256996439403078,0.0,0.0057066272933679815,0.03865778414433875,0.0
3030,1.0,0.05,0.0001256996439403078,0.0,0.0057066272933679815,0.05509422852808736,0.0
3031,1.0,0.05,0.0001256996439403078,0.0,0.0057066272933679815,0.07952011889557119,0.0
3032,1.0,0.05,0.0001256996439403078,0.0,0.0057066272933679815,0.11145447449383886,0.0
3033,1.0,0.05,0.0001256996439403078,0.0,0.007325135538404008,0.11145447449383886,0.0
3034,1.0,0.05,0.0001256996439403078,0.0,0.007325135538404008,0.11145447449383886,0.0
3035,1.0,0.05,0.0001256996439403078,0.0,0.007325135538404008,0.14106192565525003,0.0
3036,1.0,0.05,0.0001256996439403078,0.0,0.007325135538404008,0.14106192565525003,0.0
3037,1.0,0.05,0.0001256996439403078,0.0,0.007325135538404008,0.06319066522741083,0.0
3038,1.0,0.05,0.0001256996439403078,0.0,0.007325135538404008,0.06319066522741083,0.0
3039,1.0,0.05,0.0001256996439403078,0.0,0.007325135538404008,0.06319066522741083,0.0
3040,1.0,0.05,0.0001256996439403078,0.0,0.007325135538404008,0.06319066522741083,0.0
3041,1.0,0.05,0.0001256996439403078,0.0,0.007325135538404008,0.06319066522741083,0.0
3042,1.0,0.05,0.0001256996439403078,0.0,0.007325135538404008,0.06319066522741083,0.0
3043,1.0,0.05,0.0001256996439403078,0.0,0.007325135538404008,0.053712647010291346,0.0
3044,1.0,0.05,0.0001256996439403078,0.0,0.007325135538404008,0.0984694316524457,0.0
3045,1.0,0.05,0.0001256996439403078,0.0,0.007325135538404008,0.0984694316524457,0.0
3046,1.0,0.05,0.0001256996439403078,0.0,0.006325368645979654,0.0984694316524457,0.0
3047,1.0,0.05,0.0001256996439403078,0.0,0.006325368645979654,0.0984694316524457,0.0
3048,1.0,0.05,0.0001256996439403078,0.0,0.006325368645979654,0.0984694316524457,0.0
3049,1.0,0.05,0.0001256996439403078,0.0,0.006325368645979654,0.0984694316524457,0.0
3050,1.0,0.05,0.0001256996439403078,0.0,0.006325368645979654,0.09647144025168136,0.0
3051,1.0,0.05,0.0001256996439403078,0.0,0.006325368645979654,0.09647144025168136,0.0
3052,1.0,0.05,0.0001256996439403078,0.0,0.007179331290227639,0.10358961039656298,0.0
3053,1.0,0.05,0.0001256996439403078,0.0,0.007179331290227639,0.10358961039656298,0.0
3054,1.0,0.05,0.0001256996439403078,0.0,0.007179331290227639,0.1763338756066116,0.0
3055,1.0,0.05,0.0001256996439403078,0.0,0.007179331290227639,0.09948688581273413,0.0
3056,1.0,0.05,0.0001256996439403078,0.0,0.007179331290227639,0.1091067066660395,0.0
3057,1.0,0.05,0.0001256996439403078,0.0,0.007179331290227639,0.1091067066660395,0.0
3058,1.0,0.05,0.00012851914928611318,0.0,0.006677504022768081,0.1091067066660395,0.0
3059,1.0,0.05,0.00012758308274804357,0.0,0.006691768832829907,0.1091067066660395,0.0
3060,1.0,0.05,0.00012758308274804357,0.0,0.0068377392459128584,0.1091067066660395,0.0
3061,1.0,0.05,0.00012758308274804357,0.0,0.0068377392459128584,0.1091067066660395,0.0
3062,1.0,0.05,0.00012758308274804357,0.0,0.005890976283081592,0.1091067066660395,0.0
3063,1.0,0.05,0.00012758308274804357,0.0,0.006109566714218899,0.1091067066660395,0.0
3064,1.0,0.05,0.00012758308274804357,0.0,0.006794537668563012,0.14347687422946892,0.0
3065,1.0,0.05,0.00012758308274804357,0.0,0.007140427321453982,0.14347687422946892,0.0
3066,1.0,0.05,0.00012758308274804357,0.0,0.007140427321453982,0.14347687422946892,0.0
3067,1.0,0.05,0.00012758308274804357,0.0,0.007140427321453982,0.1270467717314624,0.0
3068,1.0,0.05,0.00012758308274804357,0.0,0.007140427321453982,0.08536440439177298,0.0
3069,1.0,0.05,0.00012758308274804357,0.0,0.0072985385347693185,0.08536440439177298,0.0
3070,1.0,0.05,0.00012758308274804357,0.0,0.0072985385347693185,0.08536440439177298,0.0
3071,1.0,0.05,0.00012758308274804357,0.0,0.0072985385347693185,0.08536440439177298,0.0
3072,1.0,0.05,0.00012758308274804357,0.0,0.0072985385347693185,0.08536440439177298,0.0
3073,1.0,0.05,0.00012758308274804357,0.0,0.0072985385347693185,0.08536440439177298,0.0
3074,1.0,0.05,0.00012758308274804357,0.0,0.0072985385347693185,0.08536440439177298,0.0
3075,1.0,0.05,0.00012758308274804357,0.0,0.007055096372835382,0.08536440439177298,0.0
3076,1.0,0.05,0.00012758308274804357,0.0,0.007055096372835382,0.06286265235905741,0.0
3077,1.0,0.05,0.00012758308274804357,0.0,0.007711690734495443,0.08473752532001688,0.0
3078,1.0,0.05,0.00012758308274804357,0.0,0.007711690734495443,0.08473752532001688,0.0
3079,1.0,0.05,0.00012758308274804357,0.0,0.007711690734495443,0.08473752532001688,0.0
3080,1.0,0.05,0.00012758308274804357,0.0,0.007711690734495443,0.08473752532001688,0.0
3081,1.0,0.05,0.00011919950640340518,0.0,0.007711690734495443,0.07354709934188428,0.0
3082,1.0,0.05,0.00011919950640340518,0.0,0.007711690734495443,0.07354709934188428,0.0
3083,1.0,0.05,0.00011919950640340518,0.0,0.007431390795983204,0.07354709934188428,0.0
3084,1.0,0.05,0.00011919950640340518,0.0,0.007431390795983204,0.09641662523227873,0.0
3085,1.0,0.05,0.00011919950640340518,0.0,0.007431390795983204,0.09641662523227873,0.0
3086,1.0,0.05,0.00011919950640340518,0.0,0.007431390795983204,0.09641662523227873,0.0
3087,1.0,0.05,0.00011919950640340518,0.0,0.007431390795983204,0.09641662523227873,0.0
3088,1.0,0.05,0.00012662423477880213,0.0,0.007431390795983204,0.09641662523227873,0.0
3089,1.0,0.05,0.00012526973120344077,0.0,0.0067502574018802495,0.09641662523227873,0.0
3090,1.0,0.05,0.00012526973120344077,0.0,0.0067502574018802495,0.07281428011486231,0.0
3091,1.0,0.05,0.00012526973120344077,0.0,0.00741871122677057,0.07281428011486231,0.0
3092,1.0,0.05,0.00012526973120344077,0.0,0.00741871122677057,0.07281428011486231,0.0
3093,1.0,0.05,0.00012526973120344077,0.0,0.006807038830422858,0.06920884379212894,0.0
3094,1.0,0.05,0.00012526973120344077,0.0,0.006807038830422858,0.06920884379212894,0.0
3095,1.0,0.05,0.00012526973120344077,0.0,0.006807038830422858,0.07692245491109075,0.0
3096,1.0,0.05,0.00012526973120344077,0.0,0.006807038830422858,0.07692245491109075,0.0
3097,1.0,0.05,0.00012526973120344077,0.0,0.006807038830422858,0.07692245491109075,0.0
3098,1.0,0.05,0.00013622417836538033,0.0,0.006807038830422858,0.07692245491109075,0.0
3099,1.0,0.05,0.00013622417836538033,0.0,0.005201917146131972,0.07692245491109075,0.0
3100,1.0,0.05,0.00013622417836538033,0.0,0.005201917146131972,0.07692245491109075,0.0
3101,1.0,0.05,0.00013708007477503456,0.0,0.005378352816711598,0.07692245491109075,0.0
3102,1.0,0.05,0.00013708007477503456,0.0,0.005378352816711598,0.04815556278495948,0.0
3103,1.0,0.05,0.00013708007477503456,0.0,0.005378352816711598,0.04815556278495948,0.0
3104,1.0,0.05,0.00013708007477503456,0.0,0.005378352816711598,0.07942207856100664,0.0
3105,1.0,0.05,0.00013708007477503456,0.0,0.004718360053417691,0.07942207856100664,0.0
3106,1.0,0.05,0.00013708007477503456,0.0,0.004718360053417691,0.07942207856100664,0.0
3107,1.0,0.05,0.00013708007477503456,0.0,0.004718360053417691,0.10493036380229263,0.0
3108,1.0,0.05,0.00013708007477503456,0.0,0.004718360053417691,0.10493036380229263,0.0
3109,1.0,0.05,0.00013708007477503456,0.0,0.006905755865878631,0.10493036380229263,0.0
3110,1.0,0.05,0.00013708007477503456,0.0,0.006905755865878631,0.10493036380229263,0.0
3111,1.0,0.05,0.00013708007477503456,0.0,0.007680984923486247,0.10493036380229263,0.0
3112,1.0,0.05,0.00013708007477503456,0.0,0.006695384240490139,0.10493036380229263,0.0
3113,1.0,0.05,0.00014566063113435364,0.0,0.006695384240490139,0.10493036380229263,0.0
3114,1.0,0.05,0.00013843578053260162,0.0,0.005010431530140012,0.044717632410785184,0.0
3115,1.0,0.05,0.00013843578053260162,0.0,0.0054382907500191285,0.058438785383365624,0.0
3116,1.0,0.05,0.00013843578053260162,0.0,0.0054382907500191285,0.06198747167401686,0.0
3117,1.0,0.05,0.00013843578053260162,0.0,0.005619560937780693,0.06198747167401686,0.0
3118,1.0,0.05,0.00013652841617697588,0.0,0.005619560937780693,0.1032927931382943,0.0
3119,1.0,0.05,0.00013652841617697588,0.0,0.006668038799357587,0.1032927931382943,0.0
3120,1.0,0.05,0.00013652841617697588,0.0,0.006668038799357587,0.07166544833505897,0.0
3121,1.0,0.05,0.00013652841617697588,0.0,0.005640642774672881,0.07166544833505897,0.0
3122,1.0,0.05,0.00013652841617697588,0.0,0.005640642774672881,0.09782389169252403,0.0
3123,1.0,0.05,0.00013652841617697588,0.0,0.005640642774672881,0.09782389169252403,0.0
3124,1.0,0.05,0.00013652841617697588,0.0,0.005640642774672881,0.09782389169252403,0.0
3125,1.0,0.05,0.00014114941207298936,0.0,0.005640642774672881,0.09782389169252403,0.0
3126,1.0,0.05,0.00014114941207298936,0.0,0.005640642774672881,0.07486447000720578,0.0
3127,1.0,0.05,0.00014114941207298936,0.0,0.005640642774672881,0.061352392844478715,0.0
3128,1.0,0.05,0.00014114941207298936,0.0,0.005640642774672881,0.061352392844478715,0.0
3129,1.0,0.05,0.00014114941207298936,0.0,0.005640642774672881,0.061352392844478715,0.0
3130,1.0,0.05,0.00014114941207298936,0.0,0.005640642774672881,0.061352392844478715,0.0
3131,1.0,0.05,0.00014114941207298936,0.0,0.005640642774672881,0.061352392844478715,0.0
3132,1.0,0.05,0.00014114941207298936,0.0,0.005640642774672881,0.061352392844478715,0.0
3133,1.0,0.05,0.00014114941207298936,0.0,0.005640642774672881,0.061352392844478715,0.0
3134,1.0,0.05,0.00014114941207298936,0.0,0.005640642774672881,0.0454284274858189,0.0
3135,1.0,0.05,0.00014114941207298936,0.0,0.005640642774672881,0.0454284274858189,0.0
3136,1.0,0.05,0.00014114941207298936,0.0,0.005640642774672881,0.07739999938326679,0.0
3137,1.0,0.05,0.00014114941207298936,0.0,0.005884798067384733,0.09581377415171725,0.0
3138,1.0,0.05,0.00014114941207298936,0.0,0.005884798067384733,0.09581377415171725,0.0
3139,1.0,0.05,0.00014114941207298936,0.0,0.005884798067384733,0.09581377415171725,0.0
3140,1.0,0.05,0.00012500156498651392,0.0,0.005884798067384733,0.09581377415171725,0.0
3141,1.0,0.05,0.00012500156498651392,0.0,0.005884798067384733,0.09581377415171725,0.0
3142,1.0,0.05,0.00012588366982878372,0.0,0.005884798067384733,0.08842217043967929,0.0
3143,1.0,0.05,0.00012588366982878372,0.0,0.005884798067384733,0.08842217043967929,0.0
3144,1.0,0.05,0.00012588366982878372,0.0,0.005884798067384733,0.07458097543457098,0.0
3145,1.0,0.05,0.00012588366982878372,0.0,0.005884798067384733,0.07458097543457098,0.0
3146,1.0,0.05,0.00013964808199714646,0.0,0.005884798067384733,0.07458097543457098,0.0
3147,1.0,0.05,0.00013964808199714646,0.0,0.005884798067384733,0.07458097543457098,0.0
3148,1.0,0.05,0.00013964808199714646,0.0,0.006030984205120332,0.07458097543457098,0.0
3149,1.0,0.05,0.00013964808199714646,0.0,0.006030984205120332,0.06138241148711027,0.0
3150,1.0,0.05,0.00012849642481260615,0.0,0.006030984205120332,0.09667355806519412,0.0
3151,1.0,0.05,0.00012849642481260615,0.0,0.006030984205120332,0.09667355806519412,0.0
3152,1.0,0.05,0.00012849642481260615,0.0,0.006030984205120332,0.06296299476663875,0.0
3153,1.0,0.05,0.00012849642481260615,0.0,0.006030984205120332,0.0379901437546329,0.0
3154,1.0,0.05,0.00013148189856503414,0.0,0.006117578429726401,0.07512549189402896,0.0
3155,1.0,0.05,0.00013148189856503414,0.0,0.0058188768586383815,0.07512549189402896,0.0
3156,1.0,0.05,0.00013148189856503414,0.0,0.0058188768586383815,0.07512549189402896,0.0
3157,1.0,0.05,0.00013148189856503414,0.0,0.0058188768586383815,0.07512549189402896,0.0
3158,1.0,0.05,0.00013148189856503414,0.0,0.0058188768586383815,0.10216683050675109,0.0
3159,1.0,0.05,0.00013148189856503414,0.0,0.0058188768586383815,0.025200736076161412,0.0
3160,1.0,0.05,0.00013148189856503414,0.0,0.0058188768586383815,0.08541690232689411,0.0
3161,1.0,0.05,0.00013148189856503414,0.0,0.0058188768586383815,0.0703451887879719,0.0
3162,1.0,0.05,0.00013148189856503414,0.0,0.0058188768586383815,0.0703451887879719,0.0
3163,1.0,0.05,0.00013148189856503414,0.0,0.0058188768586383815,0.0703451887879719,0.0
3164,1.0,0.05,0.00013148189856503414,0.0,0.0058188768586383815,0.10647663117395878,0.0
3165,1.0,0.05,0.00013148189856503414,0.0,0.007594137138478929,0.10647663117395878,0.0
3166,1.0,0.05,0.00013148189856503414,0.0,0.007594137138478929,0.10647663117395878,0.0
3167,1.0,0.05,0.00013148189856503414,0.0,0.007594137138478929,0.10647663117395878,0.0
3168,1.0,0.05,0.00013148189856503414,0.0,0.007594137138478929,0.10647663117395878,0.0
3169,1.0,0.05,0.00013148189856503414,0.0,0.007594137138478929,0.10647663117395878,0.0
3170,1.0,0.05,0.00013148189856503414,0.0,0.007594137138478929,0.10647663117395878,0.0
3171,1.0,0.05,0.00013148189856503414,0.0,0.007594137138478929,0.10647663117395878,0.0
3172,1.0,0.05,0.00013148189856503414,0.0,0.007594137138478929,0.11832986563822404,0.0
3173,1.0,0.05,0.00013148189856503414,0.0,0.007263803722352436,0.11832986563822404,0.0
3174,1.0,0.05,0.0001340172528617272,0.0,0.007263803722352436,0.05861346192919567,0.0
3175,1.0,0.05,0.0001340172528617272,0.0,0.007263803722352436,0.12001707815994216,0.0
3176,1.0,0.05,0.0001340172528617272,0.0,0.007263803722352436,0.12001707815994216,0.0
3177,1.0,0.05,0.0001340172528617272,0.0,0.007263803722352436,0.12001707815994216,0.0
3178,1.0,0.05,0.0001340172528617272,0.0,0.007152554141884385,0.08664204375388135,0.0
3179,1.0,0.05,0.0001340172528617272,0.0,0.006139924166932307,0.08664204375388135,0.0
3180,1.0,0.05,0.0001340172528617272,0.0,0.006139924166932307,0.08664204375388135,0.0
3181,1.0,0.05,0.0001340172528617272,0.0,0.006139924166932307,0.08664204375388135,0.0
3182,1.0,0.05,0.0001340172528617272,0.0,0.006139924166932307,0.08668843360213299,0.0
3183,1.0,0.05,0.0001340172528617272,0.0,0.006139924166932307,0.05723680002048855,0.0
3184,1.0,0.05,0.0001340172528617272,0.0,0.006139924166932307,0.05723680002048855,0.0
3185,1.0,0.05,0.0001340172528617272,0.0,0.006139924166932307,0.05723680002048855,0.0
3186,1.0,0.05,0.0001340172528617272,0.0,0.006139924166932307,0.05723680002048855,0.0
3187,1.0,0.05,0.0001340172528617272,0.0,0.006139924166932307,0.043129005386838136,0.0
3188,1.0,0.05,0.0001340172528617272,0.0,0.006139924166932307,0.030687151505155965,0.0
3189,1.0,0.05,0.0001340172528617272,0.0,0.006139924166932307,0.030687151505155965,0.0
3190,1.0,0.05,0.0001340172528617272,0.0,0.006139924166932307,0.04677225762310316,0.0
3191,1.0,0.05,0.0001340172528617272,0.0,0.005955410659448399,0.05370727100330589,0.0
3192,1.0,0.05,0.0001340172528617272,0.0,0.005955410659448399,0.05370727100330589,0.0
3193,1.0,0.05,0.0001340172528617272,0.0,0.005771192774162241,0.05370727100330589,0.0
3194,1.0,0.05,0.00013570667656893258,0.0,0.005681133070352847,0.049682954668129664,0.0
3195,1.0,0.05,0.00013666548582936158,0.0,0.005681133070352847,0.049682954668129664,0.0
3196,1.0,0.05,0.00013666548582936158,0.0,0.005681133070352847,0.049682954668129664,0.0
3197,1.0,0.05,0.00013666548582936158,0.0,0.005681133070352847,0.07180705533077686,0.0
3198,1.0,0.05,0.00013666548582936158,0.0,0.005681133070352847,0.07180705533077686,0.0
3199,1.0,0.05,0.00013666548582936158,0.0,0.005681133070352847,0.06330065309753602,0.0
3200,1.0,0.05,0.00013666548582936158,0.0,0.005681133070352847,0.08586143822587962,0.0
3201,1.0,0.05,0.00013666548582936158,0.0,0.005756966079659514,0.08586143822587962,0.0
3202,1.0,0.05,0.00013666548582936158,0.0,0.005756966079659514,0.08586143822587962,0.0
3203,1.0,0.05,0.00012899613293744543,0.0,0.005756966079659514,0.028973547422535474,0.0
3204,1.0,0.05,0.00012899613293744543,0.0,0.005756966079659514,0.030334528221785353,0.0
3205,1.0,0.05,0.00013950895932287656,0.0,0.005756966079659514,0.07168758325352712,0.0
3206,1.0,0.05,0.00013950895932287656,0.0,0.005756966079659514,0.05239771967982352,0.0
3207,1.0,0.05,0.00013932744801431693,0.0,0.005756966079659514,0.06889178178537217,0.0
3208,1.0,0.05,0.00013932744801431693,0.0,0.005756966079659514,0.06889178178537217,0.0
3209,1.0,0.05,0.0001362838488977876,0.0,0.005756966079659514,0.06889178178537217,0.0
3210,1.0,0.05,0.0001362838488977876,0.0,0.005756966079659514,0.06889178178537217,0.0
3211,1.0,0.05,0.0001362838488977876,0.0,0.005756966079659514,0.03754807101047415,0.0
3212,1.0,0.05,0.0001362838488977876,0.0,0.005756966079659514,0.04862233817652106,0.0
3213,1.0,0.05,0.0001362838488977876,0.0,0.005756966079659514,0.08862741087316753,0.0
3214,1.0,0.05,0.0001362838488977876,0.0,0.005374622002810244,0.041872950611881864,0.0
3215,1.0,0.05,0.0001362838488977876,0.0,0.005374622002810244,0.041872950611881864,0.0
3216,1.0,0.05,0.0001362838488977876,0.0,0.005374622002810244,0.041872950611881864,0.0
3217,1.0,0.05,0.0001362838488977876,0.0,0.005374622002810244,0.041872950611881864,0.0
3218,1.0,0.05,0.0001362838488977876,0.0,0.005374622002810244,0.03954078314079387,0.0
3219,1.0,0.05,0.0001362838488977876,0.0,0.005374622002810244,0.03954078314079387,0.0
3220,1.0,0.05,0.0001362838488977876,0.0,0.005374622002810244,0.061220783292874746,0.0
3221,1.0,0.05,0.0001362838488977876,0.0,0.005374622002810244,0.061220783292874746,0.0
3222,1.0,0.05,0.0001362838488977876,0.0,0.006455143281373911,0.057552586693422725,0.0
3223,1.0,0.05,0.0001362838488977876,0.0,0.006455143281373911,0.057552586693422725,0.0
3224,1.0,0.05,0.0001362838488977876,0.0,0.006455143281373911,0.058761900919294854,0.0
3225,1.0,0.05,0.0001362838488977876,0.0,0.006455143281373911,0.058761900919294854,0.0
3226,1.0,0.05,0.0001362838488977876,0.0,0.006455143281373911,0.03023693698898966,0.0
3227,1.0,0.05,0.0001362838488977876,0.0,0.006455143281373911,0.03023693698898966,0.0
3228,1.0,0.05,0.0001362838488977876,0.0,0.006455143281373911,0.03023693698898966,0.0
3229,1.0,0.05,0.00013786609080386592,0.0,0.006455143281373911,0.03023693698898966,0.0
3230,1.0,0.05,0.00013786609080386592,0.0,0.006455143281373911,0.10598810129481823,0.0
3231,1.0,0.05,0.00013786609080386592,0.0,0.006455143281373911,0.112111152876364,0.0
3232,1.0,0.05,0.00011946090867337392,0.0,0.007044310522327054,0.112111152876364,0.0
3233,1.0,0.05,0.00011946090867337392,0.0,0.007044310522327054,0.112111152876364,0.0
3234,1.0,0.05,0.00011946090867337392,0.0,0.007044310522327054,0.112111152876364,0.0
3235,1.0,0.05,0.00011946090867337392,0.0,0.007044310522327054,0.09924309122753329,0.0
3236,1.0,0.05,0.00011946090867337392,0.0,0.007044310522327054,0.09924309122753329,0.0
3237,1.0,0.05,0.0001263171362503856,0.0,0.007044310522327054,0.09924309122753329,0.0
3238,1.0,0.05,0.0001263171362503856,0.0,0.006336698910110482,0.09924309122753329,0.0
3239,1.0,0.05,0.0001263171362503856,0.0,0.006369507067267199,0.1060105498477939,0.0
3240,1.0,0.05,0.0001263171362503856,0.0,0.006369507067267199,0.1060105498477939,0.0
3241,1.0,0.05,0.0001263171362503856,0.0,0.0072821946494460695,0.1060105498477939,0.0
3242,1.0,0.05,0.0001263171362503856,0.0,0.006711058435806576,0.1060105498477939,0.0
3243,1.0,0.05,0.0001263171362503856,0.0,0.00635089399596372,0.059321614762142844,0.0
3244,1.0,0.05,0.0001263171362503856,0.0,0.00635089399596372,0.059321614762142844,0.0
3245,1.0,0.05,0.0001263171362503856,0.0,0.00635089399596372,0.059321614762142844,0.0
3246,1.0,0.05,0.00012632016638330188,0.0,0.00635089399596372,0.059321614762142844,0.0
3247,1.0,0.05,0.00012632016638330188,0.0,0.006491851100991479,0.1163167892979734,0.0
3248,1.0,0.05,0.00012632016638330188,0.0,0.007204936952218819,0.1163167892979734,0.0
3249,1.0,0.05,0.00012632016638330188,0.0,0.0061878205815808435,0.1163167892979734,0.0
3250,1.0,0.05,0.00012632016638330188,0.0,0.0061878205815808435,0.10796815403417087,0.0
3251,1.0,0.05,0.00012632016638330188,0.0,0.0061878205815808435,0.10796815403417087,0.0
3252,1.0,0.05,0.00012632016638330188,0.0,0.007119461684451197,0.10796815403417087,0.0
3253,1.0,0.05,0.00012632016638330188,0.0,0.006170344697738624,0.10796815403417087,0.0
3254,1.0,0.05,0.00012632016638330188,0.0,0.006170344697738624,0.0551367715633239,0.0
3255,1.0,0.05,0.00012632016638330188,0.0,0.006170344697738624,0.0551367715633239,0.0
3256,1.0,0.05,0.00012632016638330188,0.0,0.006170344697738624,0.07873356225141984,0.0
3257,1.0,0.05,0.00014047923733731925,0.0,0.006170344697738624,0.07873356225141984,0.0
3258,1.0,0.05,0.00014047923733731925,0.0,0.006170344697738624,0.024670580379588906,0.0
3259,1.0,0.05,0.00014047923733731925,0.0,0.006170344697738624,0.02212385223633838,0.0
3260,1.0,0.05,0.00014047923733731925,0.0,0.006170344697738624,0.033057134710472315,0.0
3261,1.0,0.05,0.00014047923733731925,0.0,0.006170344697738624,0.03410571453423224,0.0
3262,1.0,0.05,0.00014013465365870449,0.0,0.006170344697738624,0.008306284106597166,0.0
3263,1.0,0.05,0.00014013465365870449,0.0,0.006170344697738624,0.005721416013813744,0.0
3264,1.0,0.05,0.00014013465365870449,0.0,0.006170344697738624,0.007322179128498159,0.0
3265,1.0,0.05,0.00014013465365870449,0.0,0.006170344697738624,0.005134865270256393,0.0
3266,1.0,0.05,0.00014013465365870449,0.0,0.006170344697738624,0.0059008343804020915,0.0
3267,1.0,0.05,0.00014013465365870449,0.0,0.006170344697738624,0.027482604042300577,0.0
3268,1.0,0.05,0.00014013465365870449,0.0,0.006170344697738624,0.043372649813173965,0.0
3269,1.0,0.05,0.00012823043443471087,0.0,0.006170344697738624,0.06671452083412292,0.0
3270,1.0,0.05,0.00012823043443471087,0.0,0.006407848458362094,0.06671452083412292,0.0
3271,1.0,0.05,0.00012823043443471087,0.0,0.006407848458362094,0.07668997401621162,0.0
3272,1.0,0.05,0.00013114541165753105,0.0,0.006407848458362094,0.07668997401621162,0.0
3273,1.0,0.05,0.00013114541165753105,0.0,0.006407848458362094,0.07668997401621162,0.0
3274,1.0,0.05,0.00013114541165753105,0.0,0.006407848458362094,0.07668997401621162,0.0
3275,1.0,0.05,0.00013114541165753105,0.0,0.006788454371709247,0.07668997401621162,0.0
3276,1.0,0.05,0.00013114541165753105,0.0,0.006788454371709247,0.07668997401621162,0.0
3277,1.0,0.05,0.00013114541165753105,0.0,0.006788454371709247,0.07668997401621162,0.0
3278,1.0,0.05,0.00013114541165753105,0.0,0.006788454371709247,0.07668997401621162,0.0
3279,1.0,0.05,0.00013114541165753105,0.0,0.00524566219741807,0.07668997401621162,0.0
3280,1.0,0.05,0.00013114541165753105,0.0,0.00524566219741807,0.07668997401621162,0.0
3281,1.0,0.05,0.00013114541165753105,0.0,0.00524566219741807,0.07668997401621162,0.0
3282,1.0,0.05,0.00013114541165753105,0.0,0.00524566219741807,0.08435366868454468,0.0
3283,1.0,0.05,0.00013114541165753105,0.0,0.005876216167508336,0.03506237329036176,0.0
3284,1.0,0.05,0.00012950241026093203,0.0,0.005876216167508336,0.03387315907826538,0.0
3285,1.0,0.05,0.00012950241026093203,0.0,0.005876216167508336,0.051675050365429166,0.0
3286,1.0,0.05,0.00012950241026093203,0.0,0.005876216167508336,0.05521979920288496,0.0
3287,1.0,0.05,0.00012950241026093203,0.0,0.005876216167508336,0.06839103911447647,0.0
3288,1.0,0.05,0.00012809342326171108,0.0,0.005876216167508336,0.12295983268782729,0.0
3289,1.0,0.05,0.00012809342326171108,0.0,0.006582547523605433,0.12295983268782729,0.0
3290,1.0,0.05,0.00012809342326171108,0.0,0.006582547523605433,0.12295983268782729,0.0
3291,1.0,0.05,0.00012759778403506953,0.0,0.006582547523605433,0.0801773459949867,0.0
3292,1.0,0.05,0.00012759778403506953,0.0,0.006582547523605433,0.0801773459949867,0.0
3293,1.0,0.05,0.00012759778403506953,0.0,0.006582547523605433,0.0801773459949867,0.0
3294,1.0,0.05,0.00012759778403506953,0.0,0.006582547523605433,0.11698407356464718,0.0
3295,1.0,0.05,0.00012759778403506953,0.0,0.006582547523605433,0.1034119920153155,0.0
3296,1.0,0.05,0.00012759778403506953,0.0,0.006615929539606745,0.0644909705138849,0.0
3297,1.0,0.05,0.00012759778403506953,0.0,0.006615929539606745,0.0644909705138849,0.0
3298,1.0,0.05,0.00012759778403506953,0.0,0.006615929539606745,0.06605488128228616,0.0
3299,1.0,0.05,0.00012759778403506953,0.0,0.006615929539606745,0.06210931132019505,0.0
3300,1.0,0.05,0.00012759778403506953,0.0,0.006615929539606745,0.06210931132019505,0.0
3301,1.0,0.05,0.00012759778403506953,0.0,0.00714015449817023,0.06210931132019505,0.0
3302,1.0,0.05,0.00013231686152103035,0.0,0.00714015449817023,0.0899888727267836,0.0
3303,1.0,0.05,0.00013231686152103035,0.0,0.00714015449817023,0.0899888727267836,0.0
3304,1.0,0.05,0.00013231686152103035,0.0,0.00714015449817023,0.0899888727267836,0.0
3305,1.0,0.05,0.00013231686152103035,0.0,0.00714015449817023,0.0899888727267836,0.0
3306,1.0,0.05,0.00013231686152103035,0.0,0.00714015449817023,0.10286092841215629,0.0
3307,1.0,0.05,0.00013231686152103035,0.0,0.00714015449817023,0.10286092841215629,0.0
3308,1.0,0.05,0.00013231686152103035,0.0,0.0065973710882148845,0.10286092841215629,0.0
3309,1.0,0.05,0.00013231686152103035,0.0,0.0065973710882148845,0.10286092841215629,0.0
3310,1.0,0.05,0.00013231686152103035,0.0,0.0065973710882148845,0.10286092841215629,0.0
3311,1.0,0.05,0.00012527673259747274,0.0,0.006390678987368641,0.10286092841215629,0.0
3312,1.0,0.05,0.00012527673259747274,0.0,0.006390678987368641,0.10286092841215629,0.0
3313,1.0,0.05,0.00012527673259747274,0.0,0.006390678987368641,0.10286092841215629,0.0
3314,1.0,0.05,0.00012527673259747274,0.0,0.006390678987368641,0.08415166660281492,0.0
3315,1.0,0.05,0.00012527673259747274,0.0,0.0064587243578311,0.08415166660281492,0.0
3316,1.0,0.05,0.00012527673259747274,0.0,0.0064587243578311,0.08415166660281492,0.0
3317,1.0,0.05,0.00012527673259747274,0.0,0.0064587243578311,0.08415166660281492,0.0
3318,1.0,0.05,0.00012527673259747274,0.0,0.006760658716301455,0.08415166660281492,0.0
3319,1.0,0.05,0.00012527673259747274,0.0,0.006760658716301455,0.08855437861984804,0.0
3320,1.0,0.05,0.00011740760691497377,0.0,0.006760658716301455,0.06229507524095504,0.0
3321,1.0,0.05,0.00011740760691497377,0.0,0.006760658716301455,0.06229507524095504,0.0
3322,1.0,0.05,0.00011740760691497377,0.0,0.006760658716301455,0.12640358171400576,0.0
3323,1.0,0.05,0.00011740760691497377,0.0,0.008439479603763008,0.09074454425355281,0.0
3324,1.0,0.05,0.00011740760691497377,0.0,0.007427272632062938,0.09074454425355281,0.0
3325,1.0,0.05,0.00011740760691497377,0.0,0.007427272632062938,0.04899174044660139,0.0
3326,1.0,0.05,0.0001161920318090155,0.0,0.007427272632062938,0.07340507109992331,0.0
3327,1.0,0.05,0.0001161920318090155,0.0,0.007427272632062938,0.13271822700589853,0.0
3328,1.0,0.05,0.0001161920318090155,0.0,0.007519624677210805,0.06798810978886455,0.0
3329,1.0,0.05,0.0001161920318090155,0.0,0.007519624677210805,0.06798810978886455,0.0
3330,1.0,0.05,0.0001161920318090155,0.0,0.007843710729044521,0.06798810978886455,0.0
3331,1.0,0.05,0.0001161920318090155,0.0,0.008353656294825665,0.06798810978886455,0.0
3332,1.0,0.05,0.0001161920318090155,0.0,0.007253584034259661,0.19982401411033193,0.0
3333,1.0,0.05,0.00012506380373206863,0.0,0.007253584034259661,0.1032807822449401,0.0
3334,1.0,0.05,0.00012448380565373835,0.0,0.006895547589091582,0.1032807822449401,0.0
3335,1.0,0.05,0.00012448380565373835,0.0,0.006895547589091582,0.1032807822449401,0.0
3336,1.0,0.05,0.00012448380565373835,0.0,0.006895547589091582,0.1032807822449401,0.0
3337,1.0,0.05,0.00012448380565373835,0.0,0.006629279153144693,0.1032807822449401,0.0
3338,1.0,0.05,0.00012448380565373835,0.0,0.007849466063977776,0.0746069733921598,0.0
3339,1.0,0.05,0.00012448380565373835,0.0,0.008256048741165678,0.0746069733921598,0.0
3340,1.0,0.05,0.00012448380565373835,0.0,0.008256048741165678,0.0746069733921598,0.0
3341,1.0,0.05,0.00012448380565373835,0.0,0.008256048741165678,0.0746069733921598,0.0
3342,1.0,0.05,0.00012746521958244045,0.0,0.008256048741165678,0.0746069733921598,0.0
3343,1.0,0.05,0.00012746521958244045,0.0,0.005990471184667019,0.0746069733921598,0.0
3344,1.0,0.05,0.00012746521958244045,0.0,0.005990471184667019,0.0746069733921598,0.0
3345,1.0,0.05,0.00012746521958244045,0.0,0.005990471184667019,0.0746069733921598,0.0
3346,1.0,0.05,0.00012746521958244045,0.0,0.006833108913463105,0.0746069733921598,0.0
3347,1.0,0.05,0.00012354298001610766,0.0,0.006833108913463105,0.06535795925288293,0.0
3348,1.0,0.05,0.00012354298001610766,0.0,0.006833108913463105,0.06535795925288293,0.0
3349,1.0,0.05,0.00013477062472665177,0.0,0.006833108913463105,0.14746854919511737,0.0
3350,1.0,0.05,0.00013477062472665177,0.0,0.006833108913463105,0.14746854919511737,0.0
3351,1.0,0.05,0.00012244019518943127,0.0,0.006833108913463105,0.11443164212278412,0.0
3352,1.0,0.05,0.00012244019518943127,0.0,0.006833108913463105,0.06722135954321704,0.0
3353,1.0,0.05,0.00012244019518943127,0.0,0.006833108913463105,0.06590370314763423,0.0
3354,1.0,0.05,0.00012244019518943127,0.0,0.006833108913463105,0.09005916817957998,0.0
3355,1.0,0.05,0.00012244019518943127,0.0,0.007977396875453237,0.15941982378829267,0.0
3356,1.0,0.05,0.00012244019518943127,0.0,0.007977396875453237,0.1153950667942791,0.0
3357,1.0,0.05,0.00012244019518943127,0.0,0.007977396875453237,0.1153950667942791,0.0
3358,1.0,0.05,0.00012244019518943127,0.0,0.007977396875453237,0.08353048505163471,0.0
3359,1.0,0.05,0.00012244019518943127,0.0,0.007977396875453237,0.09646726140926175,0.0
3360,1.0,0.05,0.00012244019518943127,0.0,0.007977396875453237,0.09646726140926175,0.0
3361,1.0,0.05,0.00012244019518943127,0.0,0.007977396875453237,0.1498009331649305,0.0
3362,1.0,0.05,0.00012244019518943127,0.0,0.007977396875453237,0.1498009331649305,0.0
3363,1.0,0.05,0.00012244019518943127,0.0,0.006863654660034515,0.1498009331649305,0.0
3364,1.0,0.05,0.00012244019518943127,0.0,0.0077958550855253255,0.1498009331649305,0.0
3365,1.0,0.05,0.00013040061109097857,0.0,0.0077063988983742185,0.1498009331649305,0.0
3366,1.0,0.05,0.00013040061109097857,0.0,0.006617822827089277,0.1498009331649305,0.0
3367,1.0,0.05,0.00013040061109097857,0.0,0.0053845134349725906,0.0566551424530779,0.0
3368,1.0,0.05,0.00013040061109097857,0.0,0.0053845134349725906,0.0566551424530779,0.0
3369,1.0,0.05,0.00013040061109097857,0.0,0.007174976580767707,0.047191366015590645,0.0
3370,1.0,0.05,0.00013040061109097857,0.0,0.005941649327946769,0.060415991113764306,0.0
3371,1.0,0.05,0.00013040061109097857,0.0,0.005941649327946769,0.060415991113764306,0.0
3372,1.0,0.05,0.00013040061109097857,0.0,0.005941649327946769,0.047948249985742875,0.0
3373,1.0,0.05,0.00013040061109097857,0.0,0.005941649327946769,0.059158512266534034,0.0
3374,1.0,0.05,0.00013040061109097857,0.0,0.005941649327946769,0.04693703341885367,0.0
3375,1.0,0.05,0.00013040061109097857,0.0,0.005941649327946769,0.04693703341885367,0.0
3376,1.0,0.05,0.00013040061109097857,0.0,0.005941649327946769,0.04693703341885367,0.0
3377,1.0,0.05,0.00013040061109097857,0.0,0.005941649327946769,0.04693703341885367,0.0
3378,1.0,0.05,0.00013040061109097857,0.0,0.005941649327946769,0.04693703341885367,0.0
3379,1.0,0.05,0.00013040061109097857,0.0,0.005941649327946769,0.08855105870707117,0.0
3380,1.0,0.05,0.00013040061109097857,0.0,0.005941649327946769,0.08855105870707117,0.0
3381,1.0,0.05,0.00013807326206633207,0.0,0.0058050614816882945,0.03202627474797255,0.0
3382,1.0,0.05,0.00013807326206633207,0.0,0.0058050614816882945,0.03202627474797255,0.0
3383,1.0,0.05,0.00013807326206633207,0.0,0.0058050614816882945,0.10277211270013596,0.0
3384,1.0,0.05,0.00013807326206633207,0.0,0.0058050614816882945,0.08730680945573377,0.0
3385,1.0,0.05,0.00013807326206633207,0.0,0.0058050614816882945,0.06335855803224871,0.0
3386,1.0,0.05,0.00013807326206633207,0.0,0.0058050614816882945,0.06335855803224871,0.0
3387,1.0,0.05,0.00013791171955811923,0.0,0.0058050614816882945,0.06335855803224871,0.0
3388,1.0,0.05,0.00013791171955811923,0.0,0.0058050614816882945,0.06335855803224871,0.0
3389,1.0,0.05,0.00013433750969891288,0.0,0.0058050614816882945,0.06335855803224871,0.0
3390,1.0,0.05,0.00013433750969891288,0.0,0.0058050614816882945,0.06585796683198529,0.0
3391,1.0,0.05,0.00013433750969891288,0.0,0.005859575959018244,0.06585796683198529,0.0
3392,1.0,0.05,0.00013433750969891288,0.0,0.005859575959018244,0.06585796683198529,0.0
3393,1.0,0.05,0.00013433750969891288,0.0,0.005859575959018244,0.10519288808776747,0.0
3394,1.0,0.05,0.00013433750969891288,0.0,0.005859575959018244,0.06329525915627944,0.0
3395,1.0,0.05,0.00013433750969891288,0.0,0.005859575959018244,0.06329525915627944,0.0
3396,1.0,0.05,0.00012856883710550958,0.0,0.005859575959018244,0.06329525915627944,0.0
3397,1.0,0.05,0.00012856883710550958,0.0,0.005859575959018244,0.060052337793938274,0.0
3398,1.0,0.05,0.00012856883710550958,0.0,0.005859575959018244,0.060052337793938274,0.0
3399,1.0,0.05,0.00012856883710550958,0.0,0.005859575959018244,0.060052337793938274,0.0
3400,1.0,0.05,0.00012856883710550958,0.0,0.005859575959018244,0.060052337793938274,0.0
3401,1.0,0.05,0.00012856883710550958,0.0,0.005859575959018244,0.0627475200657179,0.0
3402,1.0,0.05,0.00012856883710550958,0.0,0.005859575959018244,0.0627475200657179,0.0
3403,1.0,0.05,0.00012856883710550958,0.0,0.005859575959018244,0.0627475200657179,0.0
3404,1.0,0.05,0.00012856883710550958,0.0,0.005859575959018244,0.062112170672256564,0.0
3405,1.0,0.05,0.00012856883710550958,0.0,0.007874415225705459,0.062112170672256564,0.0
3406,1.0,0.05,0.00012856883710550958,0.0,0.007874415225705459,0.09496134672980588,0.0
3407,1.0,0.05,0.00012856883710550958,0.0,0.007874415225705459,0.06020732779758357,0.0
3408,1.0,0.05,0.00012822785626324847,0.0,0.007874415225705459,0.04255974806339005,0.0
3409,1.0,0.05,0.00012822785626324847,0.0,0.008379788929596246,0.037239554891171714,0.0
3410,1.0,0.05,0.00012822785626324847,0.0,0.008379788929596246,0.07461463002374451,0.0
3411,1.0,0.05,0.00012137150387684694,0.0,0.008379788929596246,0.07461463002374451,0.0
3412,1.0,0.05,0.00012137150387684694,0.0,0.008379788929596246,0.07461463002374451,0.0
3413,1.0,0.05,0.00012137150387684694,0.0,0.008379788929596246,0.07461463002374451,0.0
3414,1.0,0.05,0.00012137150387684694,0.0,0.007062547360239866,0.07461463002374451,0.0
3415,1.0,0.05,0.00012137150387684694,0.0,0.007062547360239866,0.07461463002374451,0.0
3416,1.0,0.05,0.00012137150387684694,0.0,0.007062547360239866,0.07461463002374451,0.0
3417,1.0,0.05,0.00012137150387684694,0.0,0.007062547360239866,0.06194391436959509,0.0
3418,1.0,0.05,0.00012137150387684694,0.0,0.007062547360239866,0.10693908775997714,0.0
3419,1.0,0.05,0.00012137150387684694,0.0,0.007062547360239866,0.06495349003317032,0.0
3420,1.0,0.05,0.00012137150387684694,0.0,0.007062547360239866,0.14300582247266602,0.0
3421,1.0,0.05,0.0001347996885445583,0.0,0.007062547360239866,0.14300582247266602,0.0
3422,1.0,0.05,0.0001347996885445583,0.0,0.006341533382174618,0.14660442416083172,0.0
3423,1.0,0.05,0.0001347996885445583,0.0,0.006341533382174618,0.06970985982381286,0.0
3424,1.0,0.05,0.0001347996885445583,0.0,0.006341533382174618,0.06970985982381286,0.0
3425,1.0,0.05,0.0001347996885445583,0.0,0.006341533382174618,0.06970985982381286,0.0
3426,1.0,0.05,0.0001347996885445583,0.0,0.006341533382174618,0.06970985982381286,0.0
3427,1.0,0.05,0.0001347996885445583,0.0,0.006159361381385458,0.06970985982381286,0.0
3428,1.0,0.05,0.0001347996885445583,0.0,0.006159361381385458,0.06970985982381286,0.0
3429,1.0,0.05,0.0001347996885445583,0.0,0.006159361381385458,0.06970985982381286,0.0
3430,1.0,0.05,0.0001347996885445583,0.0,0.006159361381385458,0.06970985982381286,0.0
3431,1.0,0.05,0.0001347996885445583,0.0,0.006159361381385458,0.06970985982381286,0.0
3432,1.0,0.05,0.0001347996885445583,0.0,0.006159361381385458,0.06970985982381286,0.0
3433,1.0,0.05,0.0001347996885445583,0.0,0.006159361381385458,0.06140412019612542,0.0
3434,1.0,0.05,0.0001347996885445583,0.0,0.006159361381385458,0.06140412019612542,0.0
3435,1.0,0.05,0.0001347996885445583,0.0,0.006159361381385458,0.06140412019612542,0.0
3436,1.0,0.05,0.0001347996885445583,0.0,0.006159361381385458,0.06140412019612542,0.0
3437,1.0,0.05,0.0001347996885445583,0.0,0.00535094909553134,0.12174944656447749,0.0
3438,1.0,0.05,0.0001347996885445583,0.0,0.005767885996598529,0.08090227384154657,0.0
3439,1.0,0.05,0.0001347996885445583,0.0,0.005767885996598529,0.08090227384154657,0.0
3440,1.0,0.05,0.0001347996885445583,0.0,0.005767885996598529,0.051109562207755574,0.0
3441,1.0,0.05,0.0001347996885445583,0.0,0.005767885996598529,0.12862637345031333,0.0
3442,1.0,0.05,0.0001347996885445583,0.0,0.005767885996598529,0.12862637345031333,0.0
3443,1.0,0.05,0.0001347996885445583,0.0,0.005767885996598529,0.12862637345031333,0.0
3444,1.0,0.05,0.0001347996885445583,0.0,0.005767885996598529,0.12862637345031333,0.0
3445,1.0,0.05,0.0001347996885445583,0.0,0.006753247556587316,0.12862637345031333,0.0
3446,1.0,0.05,0.0001347996885445583,0.0,0.005325776325089859,0.12862637345031333,0.0
3447,1.0,0.05,0.0001347996885445583,0.0,0.005325776325089859,0.08907799999662563,0.0
3448,1.0,0.05,0.0001347996885445583,0.0,0.005325776325089859,0.11282641377116973,0.0
3449,1.0,0.05,0.0001347996885445583,0.0,0.005325776325089859,0.11282641377116973,0.0
3450,1.0,0.05,0.0001347996885445583,0.0,0.005325776325089859,0.11282641377116973,0.0
3451,1.0,0.05,0.0001347996885445583,0.0,0.005325776325089859,0.11282641377116973,0.0
3452,1.0,0.05,0.0001347996885445583,0.0,0.005325776325089859,0.04170065444370509,0.0
3453,1.0,0.05,0.00012416772270963647,0.0,0.005325776325089859,0.04762483837642551,0.0
3454,1.0,0.05,0.00012416772270963647,0.0,0.005325776325089859,0.06909502568698898,0.0
3455,1.0,0.05,0.00012416772270963647,0.0,0.005325776325089859,0.15480492043329702,0.0
3456,1.0,0.05,0.00012416772270963647,0.0,0.005621766873583634,0.08299730601077812,0.0
3457,1.0,0.05,0.00012416772270963647,0.0,0.005920152252292745,0.08299730601077812,0.0
3458,1.0,0.05,0.00012416772270963647,0.0,0.006139786641384975,0.08299730601077812,0.0
3459,1.0,0.05,0.00013784173599452483,0.0,0.006073236720424628,0.08299730601077812,0.0
3460,1.0,0.05,0.00013784173599452483,0.0,0.006073236720424628,0.02631806197890607,0.0
3461,1.0,0.05,0.00013784173599452483,0.0,0.006326924255800615,0.06979678035461691,0.0
3462,1.0,0.05,0.00013784173599452483,0.0,0.006326924255800615,0.06979678035461691,0.0
3463,1.0,0.05,0.00013784173599452483,0.0,0.006326924255800615,0.06979678035461691,0.0
3464,1.0,0.05,0.00013784173599452483,0.0,0.006326924255800615,0.06979678035461691,0.0
3465,1.0,0.05,0.00013784173599452483,0.0,0.006326924255800615,0.012483632889795952,0.0
3466,1.0,0.05,0.00013784173599452483,0.0,0.006326924255800615,0.012483632889795952,0.0
3467,1.0,0.05,0.00013784173599452483,0.0,0.006326924255800615,0.03216067147793247,0.0
3468,1.0,0.05,0.00013784173599452483,0.0,0.006326924255800615,0.03216067147793247,0.0
3469,1.0,0.05,0.00013784173599452483,0.0,0.006326924255800615,0.02016470156513182,0.0
3470,1.0,0.05,0.00014200371382044844,0.0,0.006326924255800615,0.02016470156513182,0.0
3471,1.0,0.05,0.00014200371382044844,0.0,0.006326924255800615,0.02016470156513182,0.0
3472,1.0,0.05,0.00014200371382044844,0.0,0.006326924255800615,0.02446720951786033,0.0
3473,1.0,0.05,0.00014200371382044844,0.0,0.005807669098632419,0.047233684428251925,0.0
3474,1.0,0.05,0.00014200371382044844,0.0,0.005807669098632419,0.047233684428251925,0.0
3475,1.0,0.05,0.00014200371382044844,0.0,0.005807669098632419,0.047233684428251925,0.0
3476,1.0,0.05,0.00014200371382044844,0.0,0.006582960321449972,0.047233684428251925,0.0
3477,1.0,0.05,0.00014200371382044844,0.0,0.006582960321449972,0.047233684428251925,0.0
3478,1.0,0.05,0.00014200371382044844,0.0,0.006582960321449972,0.03503152663900729,0.0
3479,1.0,0.05,0.00013204024905021566,0.0,0.006582960321449972,0.01539680879471652,0.0
3480,1.0,0.05,0.00013204024905021566,0.0,0.006582960321449972,0.020386494167787327,0.0
3481,1.0,0.05,0.00013204024905021566,0.0,0.006582960321449972,0.040574931923778076,0.0
3482,1.0,0.05,0.00013204024905021566,0.0,0.006582960321449972,0.040574931923778076,0.0
3483,1.0,0.05,0.00013204024905021566,0.0,0.006582960321449972,0.05429400446593957,0.0
3484,1.0,0.05,0.00013204024905021566,0.0,0.00590128320303231,0.10926453860089995,0.0
3485,1.0,0.05,0.00013204024905021566,0.0,0.00590128320303231,0.04165460359854942,0.0
3486,1.0,0.05,0.00013204024905021566,0.0,0.00590128320303231,0.03683333283941354,0.0
3487,1.0,0.05,0.00013204024905021566,0.0,0.00590128320303231,0.03683333283941354,0.0
3488,1.0,0.05,0.00013736955505697394,0.0,0.005643884915301973,0.05300524485536161,0.0
3489,1.0,0.05,0.00013736955505697394,0.0,0.005643884915301973,0.05300524485536161,0.0
3490,1.0,0.05,0.00013562502768879573,0.0,0.005643884915301973,0.05300524485536161,0.0
3491,1.0,0.05,0.00013562502768879573,0.0,0.005643884915301973,0.05300524485536161,0.0
3492,1.0,0.05,0.00013562502768879573,0.0,0.005643884915301973,0.03372876014723508,0.0
3493,1.0,0.05,0.00013562502768879573,0.0,0.005643884915301973,0.09717206602703506,0.0
3494,1.0,0.05,0.00013562502768879573,0.0,0.005643884915301973,0.09717206602703506,0.0
3495,1.0,0.05,0.00013562502768879573,0.0,0.005643884915301973,0.09717206602703506,0.0
3496,1.0,0.05,0.00013562502768879573,0.0,0.006092439482389631,0.059333711545223156,0.0
3497,1.0,0.05,0.00013562502768879573,0.0,0.006092439482389631,0.01699092375059113,0.0
3498,1.0,0.05,0.00013562502768879573,0.0,0.006092439482389631,0.009046710463678392,0.0
3499,1.0,0.05,0.00013562502768879573,0.0,0.006755147176304083,0.011534462304835496,0.0
3500,1.0,0.05,0.00013562502768879573,0.0,0.0060825755916837105,0.03556865890651827,0.0
3501,1.0,0.05,0.00013562502768879573,0.0,0.0060825755916837105,0.03556865890651827,0.0
3502,1.0,0.05,0.00013562502768879573,0.0,0.0060825755916837105,0.03556865890651827,0.0
3503,1.0,0.05,0.00013562502768879573,0.0,0.0060825755916837105,0.03556865890651827,0.0
3504,1.0,0.05,0.00013562502768879573,0.0,0.0060825755916837105,0.03556865890651827,0.0
3505,1.0,0.05,0.00013562502768879573,0.0,0.0060825755916837105,0.0667801280323562,0.0
3506,1.0,0.05,0.00013978099628398537,0.0,0.0060825755916837105,0.04028379143450657,0.0
3507,1.0,0.05,0.00013978099628398537,0.0,0.0060825755916837105,0.03496918522379429,0.0
3508,1.0,0.05,0.00013978099628398537,0.0,0.0060825755916837105,0.06823941388926397,0.0
3509,1.0,0.05,0.00013978099628398537,0.0,0.0060825755916837105,0.0611242145789304,0.0
3510,1.0,0.05,0.00013978099628398537,0.0,0.0060825755916837105,0.0611242145789304,0.0
3511,1.0,0.05,0.00013978099628398537,0.0,0.0060825755916837105,0.0611242145789304,0.0
3512,1.0,0.05,0.00013978099628398537,0.0,0.0060825755916837105,0.04388899689529627,0.0
3513,1.0,0.05,0.00013978099628398537,0.0,0.005246036276495727,0.03185013198454388,0.0
3514,1.0,0.05,0.00013978099628398537,0.0,0.005865303776796645,0.03185013198454388,0.0
3515,1.0,0.05,0.00013978099628398537,0.0,0.0050994805060800424,0.03185013198454388,0.0
3516,1.0,0.05,0.00013978099628398537,0.0,0.0050994805060800424,0.09899121173861275,0.0
3517,1.0,0.05,0.00013978099628398537,0.0,0.0050994805060800424,0.07316111718897333,0.0
3518,1.0,0.05,0.00013978099628398537,0.0,0.006280805696249025,0.07316111718897333,0.0
3519,1.0,0.05,0.00013978099628398537,0.0,0.006232711709412023,0.07316111718897333,0.0
3520,1.0,0.05,0.0001314496472557686,0.0,0.005782019091365806,0.07316111718897333,0.0
3521,1.0,0.05,0.0001314496472557686,0.0,0.005782019091365806,0.07316111718897333,0.0
3522,1.0,0.05,0.0001325984694894007,0.0,0.005782019091365806,0.06971571224949304,0.0
3523,1.0,0.05,0.0001325984694894007,0.0,0.005782019091365806,0.06971571224949304,0.0
3524,1.0,0.05,0.0001325984694894007,0.0,0.005782019091365806,0.02249209306279538,0.0
3525,1.0,0.05,0.0001325984694894007,0.0,0.005782019091365806,0.02249209306279538,0.0
3526,1.0,0.05,0.0001325984694894007,0.0,0.005782019091365806,0.02249209306279538,0.0
3527,1.0,0.05,0.0001325984694894007,0.0,0.005782019091365806,0.02249209306279538,0.0
3528,1.0,0.05,0.0001325984694894007,0.0,0.005782019091365806,0.07189754203243011,0.0
3529,1.0,0.05,0.0001325984694894007,0.0,0.005782019091365806,0.07189754203243011,0.0
3530,1.0,0.05,0.0001325984694894007,0.0,0.005782019091365806,0.07189754203243011,0.0
3531,1.0,0.05,0.0001325984694894007,0.0,0.005782019091365806,0.07189754203243011,0.0
3532,1.0,0.05,0.0001325984694894007,0.0,0.005782019091365806,0.03695807655727909,0.0
3533,1.0,0.05,0.0001325984694894007,0.0,0.005782019091365806,0.03695807655727909,0.0
3534,1.0,0.05,0.0001325984694894007,0.0,0.005782019091365806,0.03695807655727909,0.0
3535,1.0,0.05,0.00013481742253053554,0.0,0.005782019091365806,0.03695807655727909,0.0
3536,1.0,0.05,0.00013481742253053554,0.0,0.005782019091365806,0.07370294073341545,0.0
3537,1.0,0.05,0.00013481742253053554,0.0,0.005782019091365806,0.07866612507033724,0.0
3538,1.0,0.05,0.00013481742253053554,0.0,0.005782019091365806,0.07866612507033724,0.0
3539,1.0,0.05,0.00013481742253053554,0.0,0.005782019091365806,0.07866612507033724,0.0
3540,1.0,0.05,0.00013481742253053554,0.0,0.005782019091365806,0.053720910882123274,0.0
3541,1.0,0.05,0.00013481742253053554,0.0,0.005782019091365806,0.053720910882123274,0.0
3542,1.0,0.05,0.00013481742253053554,0.0,0.005782019091365806,0.053720910882123274,0.0
3543,1.0,0.05,0.00013481742253053554,0.0,0.005782019091365806,0.053720910882123274,0.0
3544,1.0,0.05,0.00013481742253053554,0.0,0.005782019091365806,0.039371393828381576,0.0
3545,1.0,0.05,0.00013481742253053554,0.0,0.005782019091365806,0.039371393828381576,0.0
3546,1.0,0.05,0.00013481742253053554,0.0,0.005782019091365806,0.06291884066962479,0.0
3547,1.0,0.05,0.00013481742253053554,0.0,0.005782019091365806,0.0963582896696042,0.0
3548,1.0,0.05,0.00013481742253053554,0.0,0.005782019091365806,0.0963582896696042,0.0
3549,1.0,0.05,0.00013481742253053554,0.0,0.006052162227614867,0.0963582896696042,0.0
3550,1.0,0.05,0.00013481742253053554,0.0,0.006052162227614867,0.0963582896696042,0.0
3551,1.0,0.05,0.00013481742253053554,0.0,0.006052162227614867,0.0963582896696042,0.0
3552,1.0,0.05,0.00013481742253053554,0.0,0.006052162227614867,0.0963582896696042,0.0
3553,1.0,0.05,0.00013481742253053554,0.0,0.006052162227614867,0.0963582896696042,0.0
3554,1.0,0.05,0.00013481742253053554,0.0,0.006052162227614867,0.09660798682369548,0.0
3555,1.0,0.05,0.00013481742253053554,0.0,0.005887305479876452,0.10537849772774964,0.0
3556,1.0,0.05,0.00013481742253053554,0.0,0.005887305479876452,0.10537849772774964,0.0
3557,1.0,0.05,0.00013481742253053554,0.0,0.005887305479876452,0.10537849772774964,0.0
3558,1.0,0.05,0.00013481742253053554,0.0,0.005887305479876452,0.10537849772774964,0.0
3559,1.0,0.05,0.00013481742253053554,0.0,0.005887305479876452,0.10537849772774964,0.0
3560,1.0,0.05,0.00013481742253053554,0.0,0.005887305479876452,0.01974913976400316,0.0
3561,1.0,0.05,0.00013481742253053554,0.0,0.005887305479876452,0.06492373634176522,0.0
3562,1.0,0.05,0.00013481742253053554,0.0,0.005887305479876452,0.06492373634176522,0.0
3563,1.0,0.05,0.00013481742253053554,0.0,0.005887305479876452,0.06492373634176522,0.0
3564,1.0,0.05,0.00013686724631317384,0.0,0.005887305479876452,0.024822836357222332,0.0
3565,1.0,0.05,0.00013686724631317384,0.0,0.005887305479876452,0.027843130700605068,0.0
3566,1.0,0.05,0.00013686724631317384,0.0,0.005887305479876452,0.015704535183831705,0.0
3567,1.0,0.05,0.00013686724631317384,0.0,0.005887305479876452,0.015704535183831705,0.0
3568,1.0,0.05,0.00013686724631317384,0.0,0.005887305479876452,0.02733265555050056,0.0
3569,1.0,0.05,0.00013686724631317384,0.0,0.005887305479876452,0.02733265555050056,0.0
3570,1.0,0.05,0.00013686724631317384,0.0,0.005843940268842848,0.040400118178728246,0.0
3571,1.0,0.05,0.00014233266678438363,0.0,0.005843940268842848,0.038408608824902296,0.0
3572,1.0,0.05,0.00014233266678438363,0.0,0.005843940268842848,0.038408608824902296,0.0
3573,1.0,0.05,0.00014233266678438363,0.0,0.005843940268842848,0.05683368707755098,0.0
3574,1.0,0.05,0.00014233266678438363,0.0,0.005843940268842848,0.05683368707755098,0.0
3575,1.0,0.05,0.00014233266678438363,0.0,0.005843940268842848,0.09461816434378754,0.0
3576,1.0,0.05,0.00014233266678438363,0.0,0.005843940268842848,0.07791345715975642,0.0
3577,1.0,0.05,0.00014233266678438363,0.0,0.005843940268842848,0.07791345715975642,0.0
3578,1.0,0.05,0.00014233266678438363,0.0,0.005843940268842848,0.04782729803610071,0.0
3579,1.0,0.05,0.00014233266678438363,0.0,0.005843940268842848,0.0976026176756625,0.0
3580,1.0,0.05,0.00014233266678438363,0.0,0.005843940268842848,0.0976026176756625,0.0
3581,1.0,0.05,0.00014233266678438363,0.0,0.005843940268842848,0.0976026176756625,0.0
3582,1.0,0.05,0.00014233266678438363,0.0,0.005843940268842848,0.0976026176756625,0.0
3583,1.0,0.05,0.00014233266678438363,0.0,0.005843940268842848,0.06486704102843312,0.0
3584,1.0,0.05,0.00014233266678438363,0.0,0.005529507110999729,0.06486704102843312,0.0
3585,1.0,0.05,0.00014233266678438363,0.0,0.005529507110999729,0.05324686743069984,0.0
3586,1.0,0.05,0.00014233266678438363,0.0,0.005529507110999729,0.11434833263267628,0.0
3587,1.0,0.05,0.00014233266678438363,0.0,0.005257984171251103,0.11434833263267628,0.0
3588,1.0,0.05,0.00014233266678438363,0.0,0.005257984171251103,0.11434833263267628,0.0
3589,1.0,0.05,0.00014233266678438363,0.0,0.005257984171251103,0.11434833263267628,0.0
3590,1.0,0.05,0.00012775532297770004,0.0,0.005257984171251103,0.11434833263267628,0.0
3591,1.0,0.05,0.00012775532297770004,0.0,0.005257984171251103,0.00715456581634518,0.0
3592,1.0,0.05,0.0001265974752059429,0.0,0.005257984171251103,0.016878722342805078,0.0
3593,1.0,0.05,0.00014266253660667508,0.0,0.005257984171251103,0.016878722342805078,0.0
3594,1.0,0.05,0.00014266253660667508,0.0,0.006769107921375563,0.10695578382712176,0.0
3595,1.0,0.05,0.00014266253660667508,0.0,0.006769107921375563,0.10695578382712176,0.0
3596,1.0,0.05,0.00014266253660667508,0.0,0.006769107921375563,0.10695578382712176,0.0
3597,1.0,0.05,0.00014266253660667508,0.0,0.007035533021908641,0.10695578382712176,0.0
3598,1.0,0.05,0.0001348963734630881,0.0,0.007035533021908641,0.02567370203608258,0.0
3599,1.0,0.05,0.0001348963734630881,0.0,0.00796836751877221,0.03232872650627735,0.0
3600,1.0,0.05,0.0001348963734630881,0.0,0.006865679260965734,0.03232872650627735,0.0
3601,1.0,0.05,0.0001348963734630881,0.0,0.006865679260965734,0.05923081457911998,0.0
3602,1.0,0.05,0.0001348963734630881,0.0,0.006865679260965734,0.05923081457911998,0.0
3603,1.0,0.05,0.0001348963734630881,0.0,0.005591008569023094,0.05980684781253663,0.0
3604,1.0,0.05,0.0001348963734630881,0.0,0.005591008569023094,0.05980684781253663,0.0
3605,1.0,0.05,0.0001348963734630881,0.0,0.005591008569023094,0.05980684781253663,0.0
3606,1.0,0.05,0.0001348963734630881,0.0,0.005591008569023094,0.05980684781253663,0.0
3607,1.0,0.05,0.0001348963734630881,0.0,0.005591008569023094,0.03213738996912532,0.0
3608,1.0,0.05,0.0001337236889134766,0.0,0.005591008569023094,0.03213738996912532,0.0
3609,1.0,0.05,0.0001337236889134766,0.0,0.005591008569023094,0.05937754974484012,0.0
3610,1.0,0.05,0.0001337236889134766,0.0,0.005709577972052778,0.08623613813722895,0.0
3611,1.0,0.05,0.0001337236889134766,0.0,0.005709577972052778,0.08623613813722895,0.0
3612,1.0,0.05,0.0001337236889134766,0.0,0.005709577972052778,0.08623613813722895,0.0
3613,1.0,0.05,0.0001337236889134766,0.0,0.005709577972052778,0.08623613813722895,0.0
3614,1.0,0.05,0.0001381384225929419,0.0,0.006682308144763587,0.09633013011690643,0.0
3615,1.0,0.05,0.00012971182483717712,0.0,0.006682308144763587,0.08447207823816395,0.0
3616,1.0,0.05,0.00012971182483717712,0.0,0.006682308144763587,0.10991685622016445,0.0
3617,1.0,0.05,0.00012971182483717712,0.0,0.006682308144763587,0.11024612073196463,0.0
3618,1.0,0.05,0.00012971182483717712,0.0,0.006682308144763587,0.11223828969615327,0.0
3619,1.0,0.05,0.00012712803143400932,0.0,0.00659407180443128,0.03685456555003241,0.0
3620,1.0,0.05,0.00012712803143400932,0.0,0.00659407180443128,0.07597116556618275,0.0
3621,1.0,0.05,0.00012712803143400932,0.0,0.00659407180443128,0.07597116556618275,0.0
3622,1.0,0.05,0.00012712803143400932,0.0,0.006252690100456161,0.07597116556618275,0.0
3623,1.0,0.05,0.00012175997650709728,0.0,0.006252690100456161,0.07597116556618275,0.0
3624,1.0,0.05,0.00012175997650709728,0.0,0.006252690100456161,0.0820477638747878,0.0
3625,1.0,0.05,0.00012175997650709728,0.0,0.008867612006460277,0.0820477638747878,0.0
3626,1.0,0.05,0.00012175997650709728,0.0,0.010153497248158625,0.0820477638747878,0.0
3627,1.0,0.05,0.00012175997650709728,0.0,0.008701749511536643,0.0820477638747878,0.0
3628,1.0,0.05,0.00012175997650709728,0.0,0.005825657560595348,0.06354801249115496,0.0
3629,1.0,0.05,0.00012175997650709728,0.0,0.005825657560595348,0.0761194618510257,0.0
3630,1.0,0.05,0.00012231336199686432,0.0,0.006840762133641549,0.05084489060185997,0.0
3631,1.0,0.05,0.00014195945013427324,0.0,0.006840762133641549,0.05084489060185997,0.0
3632,1.0,0.05,0.00014195945013427324,0.0,0.005415863347494622,0.018601799785479607,0.0
3633,1.0,0.05,0.00014195945013427324,0.0,0.005991910507818253,0.023282043630387484,0.0
3634,1.0,0.05,0.00014195945013427324,0.0,0.005991910507818253,0.023282043630387484,0.0
3635,1.0,0.05,0.00014195945013427324,0.0,0.005991910507818253,0.023282043630387484,0.0
3636,1.0,0.05,0.00014195945013427324,0.0,0.005991910507818253,0.05101356302783494,0.0
3637,1.0,0.05,0.00014195945013427324,0.0,0.006123397182063215,0.08447762063602227,0.0
3638,1.0,0.05,0.00014195945013427324,0.0,0.0059697721513830414,0.08447762063602227,0.0
3639,1.0,0.05,0.00014195945013427324,0.0,0.0059697721513830414,0.045529740228917766,0.0
3640,1.0,0.05,0.00014195945013427324,0.0,0.0059697721513830414,0.045529740228917766,0.0
3641,1.0,0.05,0.00014195945013427324,0.0,0.0059697721513830414,0.045529740228917766,0.0
3642,1.0,0.05,0.00014195945013427324,0.0,0.0059697721513830414,0.045529740228917766,0.0
3643,1.0,0.05,0.00014195945013427324,0.0,0.0059697721513830414,0.10223594785206497,0.0
3644,1.0,0.05,0.00014195945013427324,0.0,0.0059697721513830414,0.023318820902893056,0.0
3645,1.0,0.05,0.00014195945013427324,0.0,0.0059697721513830414,0.023318820902893056,0.0
3646,1.0,0.05,0.00014195945013427324,0.0,0.0059697721513830414,0.05170942864863014,0.0
3647,1.0,0.05,0.00014195945013427324,0.0,0.0059697721513830414,0.061510016215247904,0.0
3648,1.0,0.05,0.00014195945013427324,0.0,0.0059697721513830414,0.1052226356100222,0.0
3649,1.0,0.05,0.00014195945013427324,0.0,0.0059697721513830414,0.1052226356100222,0.0
3650,1.0,0.05,0.00014195945013427324,0.0,0.006031933413988166,0.1052226356100222,0.0
3651,1.0,0.05,0.00014195945013427324,0.0,0.006031933413988166,0.070531012824459,0.0
3652,1.0,0.05,0.00014195945013427324,0.0,0.006031933413988166,0.070531012824459,0.0
3653,1.0,0.05,0.00014195945013427324,0.0,0.006031933413988166,0.070531012824459,0.0
3654,1.0,0.05,0.00013202278668881105,0.0,0.006031933413988166,0.07034000424907252,0.0
3655,1.0,0.05,0.00013202278668881105,0.0,0.006031933413988166,0.07034000424907252,0.0
3656,1.0,0.05,0.00013202278668881105,0.0,0.006031933413988166,0.05905654272700747,0.0
3657,1.0,0.05,0.00013202278668881105,0.0,0.006031933413988166,0.057228713539412314,0.0
3658,1.0,0.05,0.00013202278668881105,0.0,0.006031933413988166,0.08335662345723999,0.0
3659,1.0,0.05,0.00013202278668881105,0.0,0.005685176469129168,0.046706659904162645,0.0
3660,1.0,0.05,0.00013202278668881105,0.0,0.005685176469129168,0.02151598439889903,0.0
3661,1.0,0.05,0.00013202278668881105,0.0,0.006322887624962888,0.02151598439889903,0.0
3662,1.0,0.05,0.00013202278668881105,0.0,0.006322887624962888,0.02151598439889903,0.0
3663,1.0,0.05,0.00013202278668881105,0.0,0.006322887624962888,0.02151598439889903,0.0
3664,1.0,0.05,0.00013202278668881105,0.0,0.006322887624962888,0.02202773949226105,0.0
3665,1.0,0.05,0.00013202278668881105,0.0,0.006322887624962888,0.03761789137452339,0.0
3666,1.0,0.05,0.00013202278668881105,0.0,0.006322887624962888,0.03761789137452339,0.0
3667,1.0,0.05,0.00013202278668881105,0.0,0.006322887624962888,0.03761789137452339,0.0
3668,1.0,0.05,0.00013202278668881105,0.0,0.006322887624962888,0.03761789137452339,0.0
3669,1.0,0.05,0.00013202278668881105,0.0,0.006322887624962888,0.03761789137452339,0.0
3670,1.0,0.05,0.00013202278668881105,0.0,0.006390743794277661,0.07856594371904466,0.0
3671,1.0,0.05,0.00013202278668881105,0.0,0.006390743794277661,0.07856594371904466,0.0
3672,1.0,0.05,0.00013202278668881105,0.0,0.006390743794277661,0.0986186481248396,0.0
3673,1.0,0.05,0.00013202278668881105,0.0,0.006390743794277661,0.08965704891666754,0.0
3674,1.0,0.05,0.0001410969070949201,0.0,0.006390743794277661,0.08965704891666754,0.0
3675,1.0,0.05,0.0001410969070949201,0.0,0.006390743794277661,0.08965704891666754,0.0
3676,1.0,0.05,0.0001410969070949201,0.0,0.006390743794277661,0.08965704891666754,0.0
3677,1.0,0.05,0.0001410969070949201,0.0,0.006132784833645683,0.08965704891666754,0.0
3678,1.0,0.05,0.0001410969070949201,0.0,0.006132784833645683,0.08965704891666754,0.0
3679,1.0,0.05,0.0001410969070949201,0.0,0.006132784833645683,0.04256335286039467,0.0
3680,1.0,0.05,0.0001410969070949201,0.0,0.006132784833645683,0.04256335286039467,0.0
3681,1.0,0.05,0.0001410969070949201,0.0,0.006132784833645683,0.09366960547133613,0.0
3682,1.0,0.05,0.0001410969070949201,0.0,0.006132784833645683,0.09366960547133613,0.0
3683,1.0,0.05,0.0001410969070949201,0.0,0.006132784833645683,0.09366960547133613,0.0
3684,1.0,0.05,0.0001410969070949201,0.0,0.006132784833645683,0.09366960547133613,0.0
3685,1.0,0.05,0.0001410969070949201,0.0,0.006132784833645683,0.09680399935797086,0.0
3686,1.0,0.05,0.0001410969070949201,0.0,0.006132784833645683,0.09579293357246292,0.0
3687,1.0,0.05,0.0001410969070949201,0.0,0.006132784833645683,0.029608890205997298,0.0
3688,1.0,0.05,0.0001410969070949201,0.0,0.006132784833645683,0.04063371962413237,0.0
3689,1.0,0.05,0.0001424304368561494,0.0,0.006132784833645683,0.04063371962413237,0.0
3690,1.0,0.05,0.0001424304368561494,0.0,0.006132784833645683,0.04063371962413237,0.0
3691,1.0,0.05,0.0001424304368561494,0.0,0.006132784833645683,0.06847754938190277,0.0
3692,1.0,0.05,0.0001424304368561494,0.0,0.006090456655018452,0.06847754938190277,0.0
3693,1.0,0.05,0.0001424304368561494,0.0,0.006090456655018452,0.053856661712071624,0.0
3694,1.0,0.05,0.0001424304368561494,0.0,0.006090456655018452,0.053856661712071624,0.0
3695,1.0,0.05,0.0001424304368561494,0.0,0.006090456655018452,0.053856661712071624,0.0
3696,1.0,0.05,0.0001424304368561494,0.0,0.006090456655018452,0.0779082896844629,0.0
3697,1.0,0.05,0.0001424304368561494,0.0,0.006090456655018452,0.020756354340317994,0.0
3698,1.0,0.05,0.0001424304368561494,0.0,0.006090456655018452,0.03920091776245024,0.0
3699,1.0,0.05,0.0001424304368561494,0.0,0.006090456655018452,0.03920091776245024,0.0
3700,1.0,0.05,0.0001424304368561494,0.0,0.006090456655018452,0.03920091776245024,0.0
3701,1.0,0.05,0.0001424304368561494,0.0,0.006090456655018452,0.015113747154774189,0.0
3702,1.0,0.05,0.0001424304368561494,0.0,0.006090456655018452,0.02724582788960568,0.0
3703,1.0,0.05,0.0001424304368561494,0.0,0.006090456655018452,0.07422753205544799,0.0
3704,1.0,0.05,0.0001424304368561494,0.0,0.006135613758982009,0.04039018353899555,0.0
3705,1.0,0.05,0.0001424304368561494,0.0,0.006135613758982009,0.033250888882528286,0.0
3706,1.0,0.05,0.0001424304368561494,0.0,0.006135613758982009,0.05315556402051087,0.0
3707,1.0,0.05,0.0001424304368561494,0.0,0.00560558533557503,0.04177273649647435,0.0
3708,1.0,0.05,0.0001424304368561494,0.0,0.00560558533557503,0.04177273649647435,0.0
3709,1.0,0.05,0.0001424304368561494,0.0,0.00560558533557503,0.04177273649647435,0.0
3710,1.0,0.05,0.0001424304368561494,0.0,0.006225039304360742,0.08374085635724182,0.0
3711,1.0,0.05,0.0001424304368561494,0.0,0.006225039304360742,0.08374085635724182,0.0
3712,1.0,0.05,0.0001424304368561494,0.0,0.006225039304360742,0.07949196284539756,0.0
3713,1.0,0.05,0.00014306959234559164,0.0,0.006225039304360742,0.07949196284539756,0.0
3714,1.0,0.05,0.00013624528298871572,0.0,0.006225039304360742,0.057128223428525936,0.0
3715,1.0,0.05,0.00013624528298871572,0.0,0.006225039304360742,0.057128223428525936,0.0
3716,1.0,0.05,0.00013624528298871572,0.0,0.006225039304360742,0.057128223428525936,0.0
3717,1.0,0.05,0.00013624528298871572,0.0,0.006225039304360742,0.11410464796889735,0.0
3718,1.0,0.05,0.00013624528298871572,0.0,0.006225039304360742,0.11410464796889735,0.0
3719,1.0,0.05,0.00013624528298871572,0.0,0.006225039304360742,0.11410464796889735,0.0
3720,1.0,0.05,0.00013624528298871572,0.0,0.005451873914057297,0.11410464796889735,0.0
3721,1.0,0.05,0.00013624528298871572,0.0,0.005451873914057297,0.11410464796889735,0.0
3722,1.0,0.05,0.00013624528298871572,0.0,0.005451873914057297,0.10110421287690123,0.0
3723,1.0,0.05,0.00013178213097114045,0.0,0.005451873914057297,0.054860332543788214,0.0
3724,1.0,0.05,0.00013178213097114045,0.0,0.005489385276841343,0.11963806886041933,0.0
3725,1.0,0.05,0.00013178213097114045,0.0,0.005489385276841343,0.13070044357314095,0.0
3726,1.0,0.05,0.00013178213097114045,0.0,0.005489385276841343,0.13070044357314095,0.0
3727,1.0,0.05,0.00013178213097114045,0.0,0.006580081867878263,0.13070044357314095,0.0
3728,1.0,0.05,0.00013178213097114045,0.0,0.006580081867878263,0.08480647487457693,0.0
3729,1.0,0.05,0.00013178213097114045,0.0,0.006415150353579005,0.08480647487457693,0.0
3730,1.0,0.05,0.00013178213097114045,0.0,0.006415150353579005,0.08480647487457693,0.0
3731,1.0,0.05,0.00013178213097114045,0.0,0.006415150353579005,0.08480647487457693,0.0
3732,1.0,0.05,0.00013178213097114045,0.0,0.006415150353579005,0.08443308052291257,0.0
3733,1.0,0.05,0.00013178213097114045,0.0,0.006415150353579005,0.08443308052291257,0.0
3734,1.0,0.05,0.00013178213097114045,0.0,0.006415150353579005,0.08443308052291257,0.0
3735,1.0,0.05,0.00013178213097114045,0.0,0.006415150353579005,0.08443308052291257,0.0
3736,1.0,0.05,0.00013178213097114045,0.0,0.007022716807409369,0.08443308052291257,0.0
3737,1.0,0.05,0.00013178213097114045,0.0,0.005553226995738207,0.04603691297389913,0.0
3738,1.0,0.05,0.00013621117795613682,0.0,0.005553226995738207,0.053795995914840924,0.0
3739,1.0,0.05,0.00013874000427754692,0.0,0.005553226995738207,0.048147538323434665,0.0
3740,1.0,0.05,0.00013874000427754692,0.0,0.005553226995738207,0.048147538323434665,0.0
3741,1.0,0.05,0.00013874000427754692,0.0,0.005553226995738207,0.048147538323434665,0.0
3742,1.0,0.05,0.00013324670561902394,0.0,0.005553226995738207,0.07281499591175947,0.0
3743,1.0,0.05,0.00013324670561902394,0.0,0.005553226995738207,0.07281499591175947,0.0
3744,1.0,0.05,0.00013324670561902394,0.0,0.005553226995738207,0.08677350779142638,0.0
3745,1.0,0.05,0.00013324670561902394,0.0,0.005553226995738207,0.08677350779142638,0.0
3746,1.0,0.05,0.00013324670561902394,0.0,0.005553226995738207,0.08677350779142638,0.0
3747,1.0,0.05,0.00013324670561902394,0.0,0.006356279791343391,0.036134393111351644,0.0
3748,1.0,0.05,0.00013324670561902394,0.0,0.006032381719891794,0.05067450361775734,0.0
3749,1.0,0.05,0.00013324670561902394,0.0,0.006032381719891794,0.05067450361775734,0.0
3750,1.0,0.05,0.00013324670561902394,0.0,0.006032381719891794,0.09534709452522314,0.0
3751,1.0,0.05,0.00013324670561902394,0.0,0.006865613515749577,0.07597941026793302,0.0
3752,1.0,0.05,0.00013324670561902394,0.0,0.006865613515749577,0.07597941026793302,0.0
3753,1.0,0.05,0.00013324670561902394,0.0,0.006865613515749577,0.07597941026793302,0.0
3754,1.0,0.05,0.00013324670561902394,0.0,0.006865613515749577,0.07597941026793302,0.0
3755,1.0,0.05,0.00013324670561902394,0.0,0.006865613515749577,0.15412457129401597,0.0
3756,1.0,0.05,0.00013324670561902394,0.0,0.005771026551159867,0.14123286411132704,0.0
3757,1.0,0.05,0.0001289372103544713,0.0,0.005771026551159867,0.14123286411132704,0.0
3758,1.0,0.05,0.0001289372103544713,0.0,0.005771026551159867,0.05385625960789931,0.0
3759,1.0,0.05,0.0001289372103544713,0.0,0.005771026551159867,0.08026743602145994,0.0
3760,1.0,0.05,0.00013097086644863279,0.0,0.005771026551159867,0.035813676072376274,0.0
3761,1.0,0.05,0.00013097086644863279,0.0,0.0068048810015555496,0.035813676072376274,0.0
3762,1.0,0.05,0.00013097086644863279,0.0,0.006405752740445859,0.03239564976573787,0.0
3763,1.0,0.05,0.00013097086644863279,0.0,0.006405752740445859,0.050151360808102716,0.0
3764,1.0,0.05,0.00013097086644863279,0.0,0.006405752740445859,0.1176623726743689,0.0
3765,1.0,0.05,0.00013097086644863279,0.0,0.006405752740445859,0.1176623726743689,0.0
3766,1.0,0.05,0.00013097086644863279,0.0,0.006545102184444989,0.0995584177548644,0.0
3767,1.0,0.05,0.00013097086644863279,0.0,0.006545102184444989,0.0995584177548644,0.0
3768,1.0,0.05,0.00013097086644863279,0.0,0.006545102184444989,0.14905319806764236,0.0
3769,1.0,0.05,0.00013097086644863279,0.0,0.006545102184444989,0.14905319806764236,0.0
3770,1.0,0.05,0.00013097086644863279,0.0,0.006545102184444989,0.04633852058153199,0.0
3771,1.0,0.05,0.00013097086644863279,0.0,0.007045579698301685,0.04633852058153199,0.0
3772,1.0,0.05,0.00013097086644863279,0.0,0.007101101746406956,0.04633852058153199,0.0
3773,1.0,0.05,0.00013097086644863279,0.0,0.007101101746406956,0.0231463620099788,0.0
3774,1.0,0.05,0.00013097086644863279,0.0,0.007101101746406956,0.02049131734262201,0.0
3775,1.0,0.05,0.00013097086644863279,0.0,0.006048895065438927,0.043046396982389185,0.0
3776,1.0,0.05,0.00013097086644863279,0.0,0.00627854861930458,0.1172405117481066,0.0
3777,1.0,0.05,0.00014170684952808675,0.0,0.00627854861930458,0.02211877845908898,0.0
3778,1.0,0.05,0.00014170684952808675,0.0,0.00627854861930458,0.02211877845908898,0.0
3779,1.0,0.05,0.00014170684952808675,0.0,0.00627854861930458,0.02211877845908898,0.0
3780,1.0,0.05,0.00014170684952808675,0.0,0.00627854861930458,0.02211877845908898,0.0
3781,1.0,0.05,0.00014170684952808675,0.0,0.00627854861930458,0.02211877845908898,0.0
3782,1.0,0.05,0.00014170684952808675,0.0,0.00627854861930458,0.060027050581374294,0.0
3783,1.0,0.05,0.00014170684952808675,0.0,0.00627854861930458,0.023702200695364658,0.0
3784,1.0,0.05,0.00014170684952808675,0.0,0.00627854861930458,0.03377099847325804,0.0
3785,1.0,0.05,0.00014170684952808675,0.0,0.00627854861930458,0.03238543299691236,0.0
3786,1.0,0.05,0.00014170684952808675,0.0,0.00627854861930458,0.03238543299691236,0.0
3787,1.0,0.05,0.00014170684952808675,0.0,0.00627854861930458,0.04157290998559638,0.0
3788,1.0,0.05,0.00014170684952808675,0.0,0.00627854861930458,0.04157290998559638,0.0
3789,1.0,0.05,0.00012872585517714874,0.0,0.0056246766154092395,0.019457352953129982,0.0
3790,1.0,0.05,0.00012872585517714874,0.0,0.0056246766154092395,0.019457352953129982,0.0
3791,1.0,0.05,0.00012872585517714874,0.0,0.0056246766154092395,0.019457352953129982,0.0
3792,1.0,0.05,0.00012872585517714874,0.0,0.0056246766154092395,0.019457352953129982,0.0
3793,1.0,0.05,0.00012872585517714874,0.0,0.0056246766154092395,0.04741953147045498,0.0
3794,1.0,0.05,0.00012872585517714874,0.0,0.005921956357027393,0.04741953147045498,0.0
3795,1.0,0.05,0.00012872585517714874,0.0,0.005921956357027393,0.04741953147045498,0.0
3796,1.0,0.05,0.00012872585517714874,0.0,0.005921956357027393,0.04741953147045498,0.0
3797,1.0,0.05,0.00012882834149954587,0.0,0.005921956357027393,0.030348267432418353,0.0
3798,1.0,0.05,0.00012882834149954587,0.0,0.005921956357027393,0.030348267432418353,0.0
3799,1.0,0.05,0.00012882834149954587,0.0,0.005921956357027393,0.030348267432418353,0.0
3800,1.0,0.05,0.00012882834149954587,0.0,0.008120614715249181,0.030348267432418353,0.0
3801,1.0,0.05,0.00012882834149954587,0.0,0.007362937772015381,0.030348267432418353,0.0
3802,1.0,0.05,0.00012882834149954587,0.0,0.007362937772015381,0.018489541273395395,0.0
3803,1.0,0.05,0.00012882834149954587,0.0,0.007362937772015381,0.12902746501472595,0.0
3804,1.0,0.05,0.000127802980655306,0.0,0.007644487426851681,0.06743694364918437,0.0
3805,1.0,0.05,0.000127802980655306,0.0,0.007644487426851681,0.06743694364918437,0.0
3806,1.0,0.05,0.000127802980655306,0.0,0.007842552814222596,0.06743694364918437,0.0
3807,1.0,0.05,0.000127802980655306,0.0,0.007842552814222596,0.09215008691826601,0.0
3808,1.0,0.05,0.000127802980655306,0.0,0.006693127203976541,0.09215008691826601,0.0
3809,1.0,0.05,0.000127802980655306,0.0,0.006693127203976541,0.10689509542873246,0.0
3810,1.0,0.05,0.000127802980655306,0.0,0.006693127203976541,0.10689509542873246,0.0
3811,1.0,0.05,0.000127802980655306,0.0,0.006693127203976541,0.10689509542873246,0.0
3812,1.0,0.05,0.000127802980655306,0.0,0.007877925009502965,0.10363597822438961,0.0
3813,1.0,0.05,0.000127802980655306,0.0,0.007877925009502965,0.15163259806531107,0.0
3814,1.0,0.05,0.000127802980655306,0.0,0.005487046855600218,0.06116522014600629,0.0
3815,1.0,0.05,0.00014192438556551493,0.0,0.005487046855600218,0.06116522014600629,0.0
3816,1.0,0.05,0.00014192438556551493,0.0,0.005487046855600218,0.06116522014600629,0.0
3817,1.0,0.05,0.00014192438556551493,0.0,0.005487046855600218,0.06116522014600629,0.0
3818,1.0,0.05,0.00014192438556551493,0.0,0.005487046855600218,0.06116522014600629,0.0
3819,1.0,0.05,0.00014192438556551493,0.0,0.005487046855600218,0.06116522014600629,0.0
3820,1.0,0.05,0.00014192438556551493,0.0,0.005487046855600218,0.06116522014600629,0.0
3821,1.0,0.05,0.00014192438556551493,0.0,0.005487046855600218,0.04683123551577345,0.0
3822,1.0,0.05,0.00014192438556551493,0.0,0.005487046855600218,0.04815032289758394,0.0
3823,1.0,0.05,0.00014192438556551493,0.0,0.005487046855600218,0.07845318272033713,0.0
3824,1.0,0.05,0.00013834738088921989,0.0,0.005487046855600218,0.07845318272033713,0.0
3825,1.0,0.05,0.00013052437908703024,0.0,0.005487046855600218,0.07845318272033713,0.0
3826,1.0,0.05,0.00012630507883784479,0.0,0.005487046855600218,0.07845318272033713,0.0
3827,1.0,0.05,0.00012630507883784479,0.0,0.005487046855600218,0.07845318272033713,0.0
3828,1.0,0.05,0.00012630507883784479,0.0,0.005487046855600218,0.07929999408272888,0.0
3829,1.0,0.05,0.00012630507883784479,0.0,0.006377645374623066,0.05323342313449038,0.0
3830,1.0,0.05,0.00012630507883784479,0.0,0.00840750638973335,0.08771429036237906,0.0
3831,1.0,0.05,0.00012552814741789933,0.0,0.00840750638973335,0.08771429036237906,0.0
3832,1.0,0.05,0.00012552814741789933,0.0,0.007047025687656132,0.08771429036237906,0.0
3833,1.0,0.05,0.00012552814741789933,0.0,0.007299536355227636,0.08771429036237906,0.0
3834,1.0,0.05,0.00012552814741789933,0.0,0.006420634872601294,0.08771429036237906,0.0
3835,1.0,0.05,0.00012552814741789933,0.0,0.006420634872601294,0.08771429036237906,0.0
3836,1.0,0.05,0.00012552814741789933,0.0,0.006420634872601294,0.08771429036237906,0.0
3837,1.0,0.05,0.0001303616182382659,0.0,0.006420634872601294,0.08771429036237906,0.0
3838,1.0,0.05,0.0001303616182382659,0.0,0.006361279744128554,0.08771429036237906,0.0
3839,1.0,0.05,0.0001303616182382659,0.0,0.006361279744128554,0.08771429036237906,0.0
3840,1.0,0.05,0.0001303616182382659,0.0,0.006361279744128554,0.08771429036237906,0.0
3841,1.0,0.05,0.0001303616182382659,0.0,0.006361279744128554,0.10664528191979111,0.0
3842,1.0,0.05,0.0001303616182382659,0.0,0.006361279744128554,0.10664528191979111,0.0
3843,1.0,0.05,0.0001303616182382659,0.0,0.006361279744128554,0.04308482554263248,0.0
3844,1.0,0.05,0.0001303616182382659,0.0,0.0065044393522098965,0.04308482554263248,0.0
3845,1.0,0.05,0.0001303616182382659,0.0,0.0065044393522098965,0.04308482554263248,0.0
3846,1.0,0.05,0.0001303616182382659,0.0,0.0065044393522098965,0.039760101819090315,0.0
3847,1.0,0.05,0.0001303616182382659,0.0,0.0065044393522098965,0.039760101819090315,0.0
3848,1.0,0.05,0.0001303616182382659,0.0,0.0065044393522098965,0.09857186950061674,0.0
3849,1.0,0.05,0.0001303616182382659,0.0,0.0065044393522098965,0.09857186950061674,0.0
3850,1.0,0.05,0.00012942832716513855,0.0,0.006606740428719896,0.09857186950061674,0.0
3851,1.0,0.05,0.00012942832716513855,0.0,0.006606740428719896,0.09857186950061674,0.0
3852,1.0,0.05,0.00012942832716513855,0.0,0.006606740428719896,0.11189733316542383,0.0
3853,1.0,0.05,0.00012942832716513855,0.0,0.006606740428719896,0.11189733316542383,0.0
3854,1.0,0.05,0.00012942832716513855,0.0,0.00740240824386282,0.06794969762251814,0.0
3855,1.0,0.05,0.00012942832716513855,0.0,0.006347011352328331,0.06794969762251814,0.0
3856,1.0,0.05,0.00012942832716513855,0.0,0.006347011352328331,0.06794969762251814,0.0
3857,1.0,0.05,0.00012942832716513855,0.0,0.006347011352328331,0.06794969762251814,0.0
3858,1.0,0.05,0.00012942832716513855,0.0,0.006347011352328331,0.06987595281738251,0.0
3859,1.0,0.05,0.00012942832716513855,0.0,0.006347011352328331,0.06987595281738251,0.0
3860,1.0,0.05,0.00012942832716513855,0.0,0.006347011352328331,0.06987595281738251,0.0
3861,1.0,0.05,0.00012942832716513855,0.0,0.006347011352328331,0.1095149889836978,0.0
3862,1.0,0.05,0.00012942832716513855,0.0,0.006347011352328331,0.1095149889836978,0.0
3863,1.0,0.05,0.00012942832716513855,0.0,0.006347011352328331,0.1095149889836978,0.0
3864,1.0,0.05,0.00013133211455042558,0.0,0.007336592822812223,0.1095149889836978,0.0
3865,1.0,0.05,0.00013133211455042558,0.0,0.007336592822812223,0.1095149889836978,0.0
3866,1.0,0.05,0.00013133211455042558,0.0,0.007336592822812223,0.07957907990463768,0.0
3867,1.0,0.05,0.00013133211455042558,0.0,0.007336592822812223,0.07957907990463768,0.0
3868,1.0,0.05,0.00013133211455042558,0.0,0.007336592822812223,0.07957907990463768,0.0
3869,1.0,0.05,0.00013133211455042558,0.0,0.005655719003111417,0.07957907990463768,0.0
3870,1.0,0.05,0.00013133211455042558,0.0,0.005655719003111417,0.07957907990463768,0.0
3871,1.0,0.05,0.00013133211455042558,0.0,0.005655719003111417,0.07957907990463768,0.0
3872,1.0,0.05,0.00013133211455042558,0.0,0.005655719003111417,0.07957907990463768,0.0
3873,1.0,0.05,0.00013133211455042558,0.0,0.005655719003111417,0.05962399766725532,0.0
3874,1.0,0.05,0.00013133211455042558,0.0,0.005655719003111417,0.05962399766725532,0.0
3875,1.0,0.05,0.00013133211455042558,0.0,0.005655719003111417,0.05962399766725532,0.0
3876,1.0,0.05,0.00013133211455042558,0.0,0.005308297653855796,0.05962399766725532,0.0
3877,1.0,0.05,0.00013133211455042558,0.0,0.006492551578014279,0.07833700855885765,0.0
3878,1.0,0.05,0.00013133211455042558,0.0,0.006492551578014279,0.12344845963589501,0.0
3879,1.0,0.05,0.00013133211455042558,0.0,0.006492551578014279,0.12344845963589501,0.0
3880,1.0,0.05,0.00013133211455042558,0.0,0.006492551578014279,0.12344845963589501,0.0
3881,1.0,0.05,0.00013133211455042558,0.0,0.006492551578014279,0.0696523882533345,0.0
3882,1.0,0.05,0.00013133211455042558,0.0,0.0065949223668545515,0.09034072292890116,0.0
3883,1.0,0.05,0.00013133211455042558,0.0,0.006442374995065529,0.05855780563850905,0.0
3884,1.0,0.05,0.00013133211455042558,0.0,0.006988019199518619,0.09176662685823939,0.0
3885,1.0,0.05,0.0001354652339649777,0.0,0.006988019199518619,0.09176662685823939,0.0
3886,1.0,0.05,0.00011706498411126362,0.0,0.006988019199518619,0.09176662685823939,0.0
3887,1.0,0.05,0.000132484504348681,0.0,0.006988019199518619,0.16286767235758215,0.0
3888,1.0,0.05,0.000132484504348681,0.0,0.006988019199518619,0.1711424809894541,0.0
3889,1.0,0.05,0.000132484504348681,0.0,0.006988019199518619,0.1711424809894541,0.0
3890,1.0,0.05,0.000132484504348681,0.0,0.006988019199518619,0.1401374055319195,0.0
3891,1.0,0.05,0.000132484504348681,0.0,0.005314573843206524,0.07450636497177814,0.0
3892,1.0,0.05,0.00013037602297592411,0.0,0.006537287385886521,0.035231642818976526,0.0
3893,1.0,0.05,0.00013777569455520738,0.0,0.006537287385886521,0.035231642818976526,0.0
3894,1.0,0.05,0.00013380161641864867,0.0,0.006034374353900095,0.045236216644812845,0.0
3895,1.0,0.05,0.00014142663602610892,0.0,0.006034374353900095,0.045236216644812845,0.0
3896,1.0,0.05,0.00014142663602610892,0.0,0.006034374353900095,0.02553986625809388,0.0
3897,1.0,0.05,0.00014142663602610892,0.0,0.006034374353900095,0.04611582222410722,0.0
3898,1.0,0.05,0.00013826552882703153,0.0,0.006034374353900095,0.04611582222410722,0.0
3899,1.0,0.05,0.00013826552882703153,0.0,0.006034374353900095,0.04611582222410722,0.0
3900,1.0,0.05,0.00013826552882703153,0.0,0.006034374353900095,0.04282255871714962,0.0
3901,1.0,0.05,0.00013826552882703153,0.0,0.006034374353900095,0.1123608426945366,0.0
3902,1.0,0.05,0.00013826552882703153,0.0,0.006034374353900095,0.08830739026761085,0.0
3903,1.0,0.05,0.00013826552882703153,0.0,0.006034374353900095,0.06546314453553587,0.0
3904,1.0,0.05,0.00013826552882703153,0.0,0.006034374353900095,0.06546314453553587,0.0
3905,1.0,0.05,0.00013826552882703153,0.0,0.006034374353900095,0.05938297766446096,0.0
3906,1.0,0.05,0.00013826552882703153,0.0,0.006034374353900095,0.05938297766446096,0.0
3907,1.0,0.05,0.00013826552882703153,0.0,0.006034374353900095,0.05004863497171051,0.0
3908,1.0,0.05,0.00013826552882703153,0.0,0.006456367790049555,0.05004863497171051,0.0
3909,1.0,0.05,0.00013564590110984155,0.0,0.006456367790049555,0.05004863497171051,0.0
3910,1.0,0.05,0.00012681378944369068,0.0,0.006456367790049555,0.10222831311451383,0.0
3911,1.0,0.05,0.00012681378944369068,0.0,0.006456367790049555,0.10222831311451383,0.0
3912,1.0,0.05,0.00012681378944369068,0.0,0.006456367790049555,0.10222831311451383,0.0
3913,1.0,0.05,0.00012681378944369068,0.0,0.007528724894975953,0.054822594801934015,0.0
3914,1.0,0.05,0.00012681378944369068,0.0,0.006279277269725598,0.09475989338949956,0.0
3915,1.0,0.05,0.00012681378944369068,0.0,0.006279277269725598,0.08345609696426899,0.0
3916,1.0,0.05,0.00012681378944369068,0.0,0.006728914474055699,0.08345609696426899,0.0
3917,1.0,0.05,0.00012681378944369068,0.0,0.006871429382951216,0.08345609696426899,0.0
3918,1.0,0.05,0.00012681378944369068,0.0,0.006871429382951216,0.055970550336670186,0.0
3919,1.0,0.05,0.00012681378944369068,0.0,0.005819069226539439,0.0752554106573872,0.0
3920,1.0,0.05,0.00012681378944369068,0.0,0.005819069226539439,0.0752554106573872,0.0
3921,1.0,0.05,0.00012681378944369068,0.0,0.007394110583895662,0.07174956097928298,0.0
3922,1.0,0.05,0.00012681378944369068,0.0,0.007394110583895662,0.07174956097928298,0.0
3923,1.0,0.05,0.00012681378944369068,0.0,0.007394110583895662,0.07174956097928298,0.0
3924,1.0,0.05,0.00012681378944369068,0.0,0.007394110583895662,0.09402063022455628,0.0
3925,1.0,0.05,0.00012681378944369068,0.0,0.007394110583895662,0.09402063022455628,0.0
3926,1.0,0.05,0.000124537826252534,0.0,0.005624284850659128,0.09402063022455628,0.0
3927,1.0,0.05,0.000124537826252534,0.0,0.005994485329218289,0.06692840747092872,0.0
3928,1.0,0.05,0.000124537826252534,0.0,0.005994485329218289,0.06811297390842777,0.0
3929,1.0,0.05,0.000124537826252534,0.0,0.005994485329218289,0.06811297390842777,0.0
3930,1.0,0.05,0.000124537826252534,0.0,0.005944396957788644,0.06811297390842777,0.0
3931,1.0,0.05,0.000124537826252534,0.0,0.005944396957788644,0.06811297390842777,0.0
3932,1.0,0.05,0.000124537826252534,0.0,0.006717179686775807,0.06811297390842777,0.0
3933,1.0,0.05,0.00014264366020313575,0.0,0.006191478731668627,0.06811297390842777,0.0
3934,1.0,0.05,0.00014264366020313575,0.0,0.006191478731668627,0.03389427896386602,0.0
3935,1.0,0.05,0.00014264366020313575,0.0,0.006191478731668627,0.03389427896386602,0.0
3936,1.0,0.05,0.0001381505296257774,0.0,0.006191478731668627,0.03389427896386602,0.0
3937,1.0,0.05,0.0001381505296257774,0.0,0.006191478731668627,0.04198208381771342,0.0
3938,1.0,0.05,0.0001381505296257774,0.0,0.006185864846855631,0.04514530432061375,0.0
3939,1.0,0.05,0.0001381505296257774,0.0,0.006185864846855631,0.1088801533617701,0.0
3940,1.0,0.05,0.0001381505296257774,0.0,0.006185864846855631,0.05408711521257211,0.0
3941,1.0,0.05,0.0001381505296257774,0.0,0.006185864846855631,0.07086229794678889,0.0
3942,1.0,0.05,0.0001381505296257774,0.0,0.006185864846855631,0.07380302135691123,0.0
3943,1.0,0.05,0.0001381505296257774,0.0,0.006185864846855631,0.050618657634121024,0.0
3944,1.0,0.05,0.0001381505296257774,0.0,0.006185864846855631,0.050618657634121024,0.0
3945,1.0,0.05,0.0001381505296257774,0.0,0.006185864846855631,0.016722384426488712,0.0
3946,1.0,0.05,0.0001381505296257774,0.0,0.006185864846855631,0.016722384426488712,0.0
3947,1.0,0.05,0.0001381505296257774,0.0,0.006185864846855631,0.02063764553632001,0.0
3948,1.0,0.05,0.0001381505296257774,0.0,0.006185864846855631,0.019328433307973056,0.0
3949,1.0,0.05,0.0001381505296257774,0.0,0.006185864846855631,0.011430113077375962,0.0
3950,1.0,0.05,0.0001381505296257774,0.0,0.006185864846855631,0.012696393814836818,0.0
3951,1.0,0.05,0.0001381505296257774,0.0,0.006185864846855631,0.011736373349889313,0.0
3952,1.0,0.05,0.0001381505296257774,0.0,0.006185864846855631,0.03309467484182312,0.0
3953,1.0,0.05,0.0001381505296257774,0.0,0.006185864846855631,0.0987570569052579,0.0
3954,1.0,0.05,0.0001381505296257774,0.0,0.006185864846855631,0.0987570569052579,0.0
3955,1.0,0.05,0.0001354325306987501,0.0,0.005587033830049666,0.0987570569052579,0.0
3956,1.0,0.05,0.0001354325306987501,0.0,0.005587033830049666,0.0987570569052579,0.0
3957,1.0,0.05,0.0001354325306987501,0.0,0.005587033830049666,0.09154143950743199,0.0
3958,1.0,0.05,0.0001354325306987501,0.0,0.005587033830049666,0.09154143950743199,0.0
3959,1.0,0.05,0.0001354325306987501,0.0,0.005587033830049666,0.09154143950743199,0.0
3960,1.0,0.05,0.00013508091024613505,0.0,0.005587033830049666,0.09154143950743199,0.0
3961,1.0,0.05,0.00013508091024613505,0.0,0.005914406904518979,0.09154143950743199,0.0
3962,1.0,0.05,0.00013508091024613505,0.0,0.0066793182968288315,0.09154143950743199,0.0
3963,1.0,0.05,0.00013508091024613505,0.0,0.007409210259038891,0.09154143950743199,0.0
3964,1.0,0.05,0.00013508091024613505,0.0,0.00585940704740859,0.09154143950743199,0.0
3965,1.0,0.05,0.00013508091024613505,0.0,0.00585940704740859,0.1196693260811097,0.0
3966,1.0,0.05,0.00012898387881435364,0.0,0.00585940704740859,0.1196693260811097,0.0
3967,1.0,0.05,0.00012898387881435364,0.0,0.00671111569465982,0.1196693260811097,0.0
3968,1.0,0.05,0.00012898387881435364,0.0,0.005727551953666067,0.12389423105621708,0.0
3969,1.0,0.05,0.00012898387881435364,0.0,0.005727551953666067,0.09743551748177584,0.0
3970,1.0,0.05,0.00012898387881435364,0.0,0.005488475893021366,0.09743551748177584,0.0
3971,1.0,0.05,0.00012898387881435364,0.0,0.005488475893021366,0.09743551748177584,0.0
3972,1.0,0.05,0.00013452978210508158,0.0,0.005488475893021366,0.09743551748177584,0.0
3973,1.0,0.05,0.00013452978210508158,0.0,0.005760801687529058,0.09743551748177584,0.0
3974,1.0,0.05,0.00013145467726819214,0.0,0.005760801687529058,0.09743551748177584,0.0
3975,1.0,0.05,0.00013614397793059867,0.0,0.005760801687529058,0.09743551748177584,0.0
3976,1.0,0.05,0.00013614397793059867,0.0,0.005760801687529058,0.08053755506320924,0.0
3977,1.0,0.05,0.00013614397793059867,0.0,0.005760801687529058,0.08053755506320924,0.0
3978,1.0,0.05,0.00013614397793059867,0.0,0.005760801687529058,0.08053755506320924,0.0
3979,1.0,0.05,0.00013614397793059867,0.0,0.005760801687529058,0.08053755506320924,0.0
3980,1.0,0.05,0.00013614397793059867,0.0,0.005760801687529058,0.07049607283999572,0.0
3981,1.0,0.05,0.00013614397793059867,0.0,0.005773919078585856,0.07049607283999572,0.0
3982,1.0,0.05,0.00013614397793059867,0.0,0.005773919078585856,0.021192720718209608,0.0
3983,1.0,0.05,0.00012770867530430266,0.0,0.005773919078585856,0.021192720718209608,0.0
3984,1.0,0.05,0.00012770867530430266,0.0,0.005773919078585856,0.01837082053205449,0.0
3985,1.0,0.05,0.00012770867530430266,0.0,0.005773919078585856,0.01837082053205449,0.0
3986,1.0,0.05,0.00012770867530430266,0.0,0.005773919078585856,0.01837082053205449,0.0
3987,1.0,0.05,0.00012770867530430266,0.0,0.005773919078585856,0.016820317043024828,0.0
3988,1.0,0.05,0.00012770867530430266,0.0,0.005773919078585856,0.022878996749808207,0.0
3989,1.0,0.05,0.00012770867530430266,0.0,0.006703255864148554,0.022878996749808207,0.0
3990,1.0,0.05,0.00012770867530430266,0.0,0.006703255864148554,0.022878996749808207,0.0
3991,1.0,0.05,0.00012770867530430266,0.0,0.006703255864148554,0.022878996749808207,0.0
3992,1.0,0.05,0.00012770867530430266,0.0,0.006771596816734198,0.022878996749808207,0.0
3993,1.0,0.05,0.00012770867530430266,0.0,0.006771596816734198,0.01893377768781174,0.0
3994,1.0,0.05,0.00012770867530430266,0.0,0.006803047375093157,0.0026890998956223752,0.0
3995,1.0,0.05,0.00012770867530430266,0.0,0.006803047375093157,0.0013890022346611207,0.0
3996,1.0,0.05,0.00012770867530430266,0.0,0.006803047375093157,0.0013890022346611207,0.0
3997,1.0,0.05,0.00012770867530430266,0.0,0.006017223113004428,0.0013890022346611207,0.0
3998,1.0,0.05,0.00012770867530430266,0.0,0.006017223113004428,0.007443969893966778,0.0
3999,1.0,0.05,0.00013184637496364482,0.0,0.006017223113004428,0.007443969893966778,0.0
4000,1.0,0.05,0.00013184637496364482,0.0,0.006017223113004428,0.02711413630323683,0.0
4001,1.0,0.05,0.00013184637496364482,0.0,0.006017223113004428,0.02711413630323683,0.0
4002,1.0,0.05,0.00013184637496364482,0.0,0.006047327579135928,0.10006735013054645,0.0
4003,1.0,0.05,0.00013184637496364482,0.0,0.006047327579135928,0.10006735013054645,0.0
4004,1.0,0.05,0.00013184637496364482,0.0,0.006047327579135928,0.10006735013054645,0.0
4005,1.0,0.05,0.00013184637496364482,0.0,0.006047327579135928,0.10006735013054645,0.0
4006,1.0,0.05,0.00013184637496364482,0.0,0.006047327579135928,0.10006735013054645,0.0
4007,1.0,0.05,0.00013184637496364482,0.0,0.006047327579135928,0.02125087226354963,0.0
4008,1.0,0.05,0.00013184637496364482,0.0,0.006047327579135928,0.01904068620897197,0.0
4009,1.0,0.05,0.00013184637496364482,0.0,0.006047327579135928,0.024817207100449462,0.0
4010,1.0,0.05,0.00013184637496364482,0.0,0.00575642035867521,0.033030031072909444,0.0
4011,1.0,0.05,0.00013184637496364482,0.0,0.005595360102355178,0.07756964208578987,0.0
4012,1.0,0.05,0.00013184637496364482,0.0,0.005595360102355178,0.06940743663794023,0.0
4013,1.0,0.05,0.00013184637496364482,0.0,0.005595360102355178,0.0672611604501114,0.0
4014,1.0,0.05,0.00013768444428548785,0.0,0.005595360102355178,0.06227423181665431,0.0
4015,1.0,0.05,0.00013768444428548785,0.0,0.006345382090162963,0.0847302262768402,0.0
4016,1.0,0.05,0.00013768444428548785,0.0,0.006345382090162963,0.0847302262768402,0.0
4017,1.0,0.05,0.00013768444428548785,0.0,0.006345382090162963,0.0847302262768402,0.0
4018,1.0,0.05,0.0001340314163268223,0.0,0.006345382090162963,0.0847302262768402,0.0
4019,1.0,0.05,0.0001340314163268223,0.0,0.006345382090162963,0.0847302262768402,0.0
4020,1.0,0.05,0.0001340314163268223,0.0,0.006345382090162963,0.0847302262768402,0.0
4021,1.0,0.05,0.00013142503593639365,0.0,0.006345382090162963,0.07613718588442066,0.0
4022,1.0,0.05,0.00013142503593639365,0.0,0.006345382090162963,0.07613718588442066,0.0
4023,1.0,0.05,0.00013142503593639365,0.0,0.006345382090162963,0.07613718588442066,0.0
4024,1.0,0.05,0.00013142503593639365,0.0,0.006345382090162963,0.07613718588442066,0.0
4025,1.0,0.05,0.00013142503593639365,0.0,0.006345382090162963,0.07613718588442066,0.0
4026,1.0,0.05,0.00013142503593639365,0.0,0.005567090116660732,0.09033875620292378,0.0
4027,1.0,0.05,0.00013142503593639365,0.0,0.005567090116660732,0.09033875620292378,0.0
4028,1.0,0.05,0.00013142503593639365,0.0,0.005567090116660732,0.09033875620292378,0.0
4029,1.0,0.05,0.00013142503593639365,0.0,0.005567090116660732,0.09033875620292378,0.0
4030,1.0,0.05,0.0001351119689285979,0.0,0.005567090116660732,0.051122565527069466,0.0
4031,1.0,0.05,0.0001351119689285979,0.0,0.005567090116660732,0.051122565527069466,0.0
4032,1.0,0.05,0.0001351119689285979,0.0,0.005567090116660732,0.07530335648398216,0.0
4033,1.0,0.05,0.0001351119689285979,0.0,0.005567090116660732,0.062023225150513756,0.0
4034,1.0,0.05,0.0001351119689285979,0.0,0.006862044178256885,0.062023225150513756,0.0
4035,1.0,0.05,0.00014159382847795266,0.0,0.006862044178256885,0.062023225150513756,0.0
4036,1.0,0.05,0.00012975026399377913,0.0,0.006862044178256885,0.10518144219984987,0.0
4037,1.0,0.05,0.00012975026399377913,0.0,0.006862044178256885,0.08212423108729862,0.0
4038,1.0,0.05,0.00012975026399377913,0.0,0.006862044178256885,0.08212423108729862,0.0
4039,1.0,0.05,0.00012975026399377913,0.0,0.005805460471174048,0.08949723690205151,0.0
4040,1.0,0.05,0.00012975026399377913,0.0,0.005805460471174048,0.08949723690205151,0.0
4041,1.0,0.05,0.00012975026399377913,0.0,0.005805460471174048,0.0437534979131101,0.0
4042,1.0,0.05,0.00012975026399377913,0.0,0.00705640847301745,0.07749132289032913,0.0
4043,1.0,0.05,0.00012975026399377913,0.0,0.00705640847301745,0.07749132289032913,0.0
4044,1.0,0.05,0.00012975026399377913,0.0,0.00705640847301745,0.07848608233122334,0.0
4045,1.0,0.05,0.00012975026399377913,0.0,0.00705640847301745,0.09633112107789236,0.0
4046,1.0,0.05,0.00012975026399377913,0.0,0.00705640847301745,0.09633112107789236,0.0
4047,1.0,0.05,0.00012975026399377913,0.0,0.00705640847301745,0.07832811134674939,0.0
4048,1.0,0.05,0.00012687846008994474,0.0,0.00705640847301745,0.07832811134674939,0.0
4049,1.0,0.05,0.00012687846008994474,0.0,0.00705640847301745,0.07832811134674939,0.0
4050,1.0,0.05,0.00011983220098139227,0.0,0.00705640847301745,0.07832811134674939,0.0
4051,1.0,0.05,0.00011983220098139227,0.0,0.00705640847301745,0.08771106357603616,0.0
4052,1.0,0.05,0.00011983220098139227,0.0,0.00705640847301745,0.04350943530463131,0.0
4053,1.0,0.05,0.00011983220098139227,0.0,0.00705640847301745,0.04350943530463131,0.0
4054,1.0,0.05,0.00011983220098139227,0.0,0.008340297963114774,0.030485409392354286,0.0
4055,1.0,0.05,0.00011983220098139227,0.0,0.008340297963114774,0.04091491837231488,0.0
4056,1.0,0.05,0.00011983220098139227,0.0,0.008340297963114774,0.16256704961316992,0.0
4057,1.0,0.05,0.00011983220098139227,0.0,0.007500393796660651,0.16256704961316992,0.0
4058,1.0,0.05,0.00011983220098139227,0.0,0.007500393796660651,0.04375865355694125,0.0
4059,1.0,0.05,0.00011983220098139227,0.0,0.007500393796660651,0.161352043575008,0.0
4060,1.0,0.05,0.00011983220098139227,0.0,0.0063679899712697444,0.161352043575008,0.0
4061,1.0,0.05,0.00011983220098139227,0.0,0.006763793373209832,0.161352043575008,0.0
4062,1.0,0.05,0.00011983220098139227,0.0,0.006763793373209832,0.161352043575008,0.0
4063,1.0,0.05,0.00011983220098139227,0.0,0.006763793373209832,0.161352043575008,0.0
4064,1.0,0.05,0.00011983220098139227,0.0,0.006763793373209832,0.14925765668706448,0.0
4065,1.0,0.05,0.00011983220098139227,0.0,0.006763793373209832,0.16039810013295414,0.0
4066,1.0,0.05,0.000130274960771764,0.0,0.0063005798528969785,0.16039810013295414,0.0
4067,1.0,0.05,0.000130274960771764,0.0,0.0063005798528969785,0.16039810013295414,0.0
4068,1.0,0.05,0.000130274960771764,0.0,0.0063005798528969785,0.16039810013295414,0.0
4069,1.0,0.05,0.000130274960771764,0.0,0.0063005798528969785,0.12251954294843158,0.0
4070,1.0,0.05,0.000130274960771764,0.0,0.0063005798528969785,0.12251954294843158,0.0
4071,1.0,0.05,0.000130274960771764,0.0,0.0063005798528969785,0.12251954294843158,0.0
4072,1.0,0.05,0.000130274960771764,0.0,0.0063005798528969785,0.0394169845879138,0.0
4073,1.0,0.05,0.000130274960771764,0.0,0.00802726414551796,0.03966601122055312,0.0
4074,1.0,0.05,0.00012239185878070178,0.0,0.00802726414551796,0.03966601122055312,0.0
4075,1.0,0.05,0.0001199390218466634,0.0,0.00802726414551796,0.04603737531597914,0.0
4076,1.0,0.05,0.0001199390218466634,0.0,0.00802726414551796,0.11721239530994963,0.0
4077,1.0,0.05,0.00012700188095000678,0.0,0.00802726414551796,0.11721239530994963,0.0
4078,1.0,0.05,0.00012700188095000678,0.0,0.00802726414551796,0.11721239530994963,0.0
4079,1.0,0.05,0.00012700188095000678,0.0,0.008189574193526469,0.10137839427963197,0.0
4080,1.0,0.05,0.00012700188095000678,0.0,0.008189574193526469,0.1488056413658399,0.0
4081,1.0,0.05,0.00011548206148242935,0.0,0.008541813624415626,0.1488056413658399,0.0
4082,1.0,0.05,0.00011548206148242935,0.0,0.00827326310490185,0.1832996343613166,0.0
4083,1.0,0.05,0.00011548206148242935,0.0,0.007319796654079344,0.07930459228808641,0.0
4084,1.0,0.05,0.00011548206148242935,0.0,0.007319796654079344,0.07930459228808641,0.0
4085,1.0,0.05,0.00011548206148242935,0.0,0.007319796654079344,0.10131051769270397,0.0
4086,1.0,0.05,0.00011548206148242935,0.0,0.007319796654079344,0.06850729819039551,0.0
4087,1.0,0.05,0.00011548206148242935,0.0,0.007319796654079344,0.06850729819039551,0.0
4088,1.0,0.05,0.00011548206148242935,0.0,0.009136818552579258,0.08792436021432896,0.0
4089,1.0,0.05,0.00011548206148242935,0.0,0.009136818552579258,0.032449818448407976,0.0
4090,1.0,0.05,0.00011735714470954871,0.0,0.008366086624147263,0.032449818448407976,0.0
4091,1.0,0.05,0.00011735714470954871,0.0,0.008366086624147263,0.06713562395803897,0.0
4092,1.0,0.05,0.00011735714470954871,0.0,0.009703395370243662,0.06713562395803897,0.0
4093,1.0,0.05,0.00011181347159119998,0.0,0.009703395370243662,0.06713562395803897,0.0
4094,1.0,0.05,0.00012250506429776237,0.0,0.009703395370243662,0.07080655471714405,0.0
4095,1.0,0.05,0.00012250506429776237,0.0,0.008841489885946055,0.07080655471714405,0.0
4096,1.0,0.05,0.00012250506429776237,0.0,0.007947012250686128,0.12352358264587374,0.0
4097,1.0,0.05,0.000123662492804482,0.0,0.007947012250686128,0.14933196044718106,0.0
4098,1.0,0.05,0.000123662492804482,0.0,0.007947012250686128,0.07249170543484722,0.0
4099,1.0,0.05,0.000123662492804482,0.0,0.007947012250686128,0.07249170543484722,0.0
4100,1.0,0.05,0.000123662492804482,0.0,0.007947012250686128,0.07249170543484722,0.0
4101,1.0,0.05,0.000123662492804482,0.0,0.0072235678191451425,0.07249170543484722,0.0
4102,1.0,0.05,0.000123662492804482,0.0,0.0072235678191451425,0.0954629445994313,0.0
4103,1.0,0.05,0.000123662492804482,0.0,0.0072235678191451425,0.05929650542330175,0.0
4104,1.0,0.05,0.0001187066402269477,0.0,0.0072235678191451425,0.04179898179436114,0.0
4105,1.0,0.05,0.0001187066402269477,0.0,0.0072235678191451425,0.04179898179436114,0.0
4106,1.0,0.05,0.0001187066402269477,0.0,0.0072235678191451425,0.04179898179436114,0.0
4107,1.0,0.05,0.0001187066402269477,0.0,0.0072235678191451425,0.07981767366192846,0.0
4108,1.0,0.05,0.00011430697585202545,0.0,0.00659955842267623,0.07981767366192846,0.0
4109,1.0,0.05,0.00011430697585202545,0.0,0.00659955842267623,0.07981767366192846,0.0
4110,1.0,0.05,0.00011430697585202545,0.0,0.00659955842267623,0.10271583553718515,0.0
4111,1.0,0.05,0.00011430697585202545,0.0,0.0066920901586159515,0.10271583553718515,0.0
4112,1.0,0.05,0.00011430697585202545,0.0,0.0066920901586159515,0.10271583553718515,0.0
4113,1.0,0.05,0.00011430697585202545,0.0,0.0066920901586159515,0.10271583553718515,0.0
4114,1.0,0.05,0.00011430697585202545,0.0,0.0066920901586159515,0.11602198669584673,0.0
4115,1.0,0.05,0.00011430697585202545,0.0,0.007805893614348323,0.1145644114592678,0.0
4116,1.0,0.05,0.00011430697585202545,0.0,0.007805893614348323,0.11584636630148303,0.0
4117,1.0,0.05,0.00011430697585202545,0.0,0.007805893614348323,0.11584636630148303,0.0
4118,1.0,0.05,0.00011430697585202545,0.0,0.007805893614348323,0.10777916163544544,0.0
4119,1.0,0.05,0.00011430697585202545,0.0,0.007805893614348323,0.10777916163544544,0.0
4120,1.0,0.05,0.00012729529487292884,0.0,0.007553140668925152,0.10777916163544544,0.0
4121,1.0,0.05,0.00012729529487292884,0.0,0.007553140668925152,0.10777916163544544,0.0
4122,1.0,0.05,0.00012729529487292884,0.0,0.006019951322592355,0.09000543963288102,0.0
4123,1.0,0.05,0.00012729529487292884,0.0,0.006019951322592355,0.09000543963288102,0.0
4124,1.0,0.05,0.00012729529487292884,0.0,0.006112487435576987,0.09000543963288102,0.0
4125,1.0,0.05,0.00012729529487292884,0.0,0.006112487435576987,0.09000543963288102,0.0
4126,1.0,0.05,0.00012729529487292884,0.0,0.006027630250696965,0.09000543963288102,0.0
4127,1.0,0.05,0.00012729529487292884,0.0,0.006027630250696965,0.08492065647657157,0.0
4128,1.0,0.05,0.00012729529487292884,0.0,0.006027630250696965,0.08492065647657157,0.0
4129,1.0,0.05,0.00012729529487292884,0.0,0.006027630250696965,0.08492065647657157,0.0
4130,1.0,0.05,0.00012729529487292884,0.0,0.006027630250696965,0.08492065647657157,0.0
4131,1.0,0.05,0.00012729529487292884,0.0,0.006027630250696965,0.05334508288157973,0.0
4132,1.0,0.05,0.00012729529487292884,0.0,0.006027630250696965,0.08361483705588443,0.0
4133,1.0,0.05,0.00012729529487292884,0.0,0.006027630250696965,0.08361483705588443,0.0
4134,1.0,0.05,0.00014075949505433258,0.0,0.006027630250696965,0.08361483705588443,0.0
4135,1.0,0.05,0.00014075949505433258,0.0,0.006027630250696965,0.08361483705588443,0.0
4136,1.0,0.05,0.00014075949505433258,0.0,0.005662209716351633,0.04279069630473884,0.0
4137,1.0,0.05,0.00014075949505433258,0.0,0.0052356903801455456,0.04279069630473884,0.0
4138,1.0,0.05,0.00014075949505433258,0.0,0.0052356903801455456,0.04279069630473884,0.0
4139,1.0,0.05,0.00014075949505433258,0.0,0.0052356903801455456,0.04279069630473884,0.0
4140,1.0,0.05,0.00014075949505433258,0.0,0.0052356903801455456,0.035237870666559666,0.0
4141,1.0,0.05,0.00014075949505433258,0.0,0.0052356903801455456,0.035237870666559666,0.0
4142,1.0,0.05,0.00014075949505433258,0.0,0.0052356903801455456,0.09383338488877033,0.0
4143,1.0,0.05,0.00014075949505433258,0.0,0.0052356903801455456,0.04884041180073729,0.0
4144,1.0,0.05,0.00014075949505433258,0.0,0.0052356903801455456,0.04884041180073729,0.0
4145,1.0,0.05,0.00014075949505433258,0.0,0.0052106892296719534,0.037962457674428456,0.0
4146,1.0,0.05,0.00014075949505433258,0.0,0.0052106892296719534,0.059764862080549874,0.0
4147,1.0,0.05,0.00014075949505433258,0.0,0.007142678743227658,0.059764862080549874,0.0
4148,1.0,0.05,0.00014075949505433258,0.0,0.007142678743227658,0.059764862080549874,0.0
4149,1.0,0.05,0.00014075949505433258,0.0,0.007142678743227658,0.059764862080549874,0.0
4150,1.0,0.05,0.00014075949505433258,0.0,0.0065489956914791154,0.059764862080549874,0.0
4151,1.0,0.05,0.00014075949505433258,0.0,0.0065489956914791154,0.059764862080549874,0.0
4152,1.0,0.05,0.00014075949505433258,0.0,0.0065489956914791154,0.059764862080549874,0.0
4153,1.0,0.05,0.0001315576189345563,0.0,0.0065489956914791154,0.09187268938461836,0.0
4154,1.0,0.05,0.0001315576189345563,0.0,0.0065489956914791154,0.09187268938461836,0.0
4155,1.0,0.05,0.0001315576189345563,0.0,0.008203927712321637,0.09187268938461836,0.0
4156,1.0,0.05,0.0001315576189345563,0.0,0.008203927712321637,0.09187268938461836,0.0
4157,1.0,0.05,0.0001315576189345563,0.0,0.008276756612740218,0.09187268938461836,0.0
4158,1.0,0.05,0.0001315576189345563,0.0,0.008276756612740218,0.09187268938461836,0.0
4159,1.0,0.05,0.0001315576189345563,0.0,0.005217223659610484,0.058696795367120254,0.0
4160,1.0,0.05,0.0001315576189345563,0.0,0.005217223659610484,0.058696795367120254,0.0
4161,1.0,0.05,0.0001315576189345563,0.0,0.005217223659610484,0.058696795367120254,0.0
4162,1.0,0.05,0.0001315576189345563,0.0,0.0061774199822464005,0.058696795367120254,0.0
4163,1.0,0.05,0.0001297601053506369,0.0,0.0061774199822464005,0.02805444818986228,0.0
4164,1.0,0.05,0.0001297601053506369,0.0,0.005568217665745591,0.023011639944050845,0.0
4165,1.0,0.05,0.0001351115116730288,0.0,0.005568217665745591,0.03720297753751054,0.0
4166,1.0,0.05,0.0001351115116730288,0.0,0.005568217665745591,0.03720297753751054,0.0
4167,1.0,0.05,0.0001351115116730288,0.0,0.005568217665745591,0.03720297753751054,0.0
4168,1.0,0.05,0.0001351115116730288,0.0,0.005568217665745591,0.04050384944695823,0.0
4169,1.0,0.05,0.0001351115116730288,0.0,0.00612682182945376,0.04050384944695823,0.0
4170,1.0,0.05,0.0001351115116730288,0.0,0.0061324387118367974,0.06502163674952055,0.0
4171,1.0,0.05,0.0001351115116730288,0.0,0.0061324387118367974,0.046020746780557495,0.0
4172,1.0,0.05,0.0001351115116730288,0.0,0.0061324387118367974,0.046020746780557495,0.0
4173,1.0,0.05,0.0001351115116730288,0.0,0.0061324387118367974,0.043621624965476724,0.0
4174,1.0,0.05,0.0001351115116730288,0.0,0.0061324387118367974,0.043621624965476724,0.0
4175,1.0,0.05,0.0001351115116730288,0.0,0.005800622454806512,0.0690811236569144,0.0
4176,1.0,0.05,0.0001351115116730288,0.0,0.005800622454806512,0.0690811236569144,0.0
4177,1.0,0.05,0.0001351115116730288,0.0,0.005800622454806512,0.08535017078872861,0.0
4178,1.0,0.05,0.0001351115116730288,0.0,0.005800622454806512,0.07304672177602312,0.0
4179,1.0,0.05,0.0001351115116730288,0.0,0.005800622454806512,0.07304672177602312,0.0
4180,1.0,0.05,0.0001351115116730288,0.0,0.005800622454806512,0.0680283820182911,0.0
4181,1.0,0.05,0.0001351115116730288,0.0,0.005800622454806512,0.05702617877609044,0.0
4182,1.0,0.05,0.0001351115116730288,0.0,0.005800622454806512,0.05702617877609044,0.0
4183,1.0,0.05,0.00013550761017512054,0.0,0.005544673078731599,0.05702617877609044,0.0
4184,1.0,0.05,0.00013550761017512054,0.0,0.005544673078731599,0.04240165941071962,0.0
4185,1.0,0.05,0.00013550761017512054,0.0,0.005544673078731599,0.04240165941071962,0.0
4186,1.0,0.05,0.00013550761017512054,0.0,0.005544673078731599,0.04240165941071962,0.0
4187,1.0,0.05,0.00013550761017512054,0.0,0.005544673078731599,0.0837655949369545,0.0
4188,1.0,0.05,0.00013541552011875859,0.0,0.006390995087233743,0.0837655949369545,0.0
4189,1.0,0.05,0.00013166472623441996,0.0,0.006390995087233743,0.06451408355655343,0.0
4190,1.0,0.05,0.00013166472623441996,0.0,0.006390995087233743,0.06451408355655343,0.0
4191,1.0,0.05,0.00013166472623441996,0.0,0.005486465935787491,0.07824133982350709,0.0
4192,1.0,0.05,0.00013166472623441996,0.0,0.005486465935787491,0.04467394497665803,0.0
4193,1.0,0.05,0.00013166472623441996,0.0,0.005486465935787491,0.04467394497665803,0.0
4194,1.0,0.05,0.00013166472623441996,0.0,0.005486465935787491,0.08663183502074448,0.0
4195,1.0,0.05,0.00013166472623441996,0.0,0.005486465935787491,0.08663183502074448,0.0
4196,1.0,0.05,0.00013166472623441996,0.0,0.005486465935787491,0.026803592406384427,0.0
4197,1.0,0.05,0.00013166472623441996,0.0,0.005486465935787491,0.026803592406384427,0.0
4198,1.0,0.05,0.00013166472623441996,0.0,0.006747315754674583,0.052467667123763426,0.0
4199,1.0,0.05,0.00013166472623441996,0.0,0.006747315754674583,0.06725964169613975,0.0
4200,1.0,0.05,0.00013166472623441996,0.0,0.006747315754674583,0.06725964169613975,0.0
4201,1.0,0.05,0.00013166472623441996,0.0,0.006747315754674583,0.044145214542498826,0.0
4202,1.0,0.05,0.00013166472623441996,0.0,0.007877393192917012,0.044145214542498826,0.0
4203,1.0,0.05,0.00013166472623441996,0.0,0.005575941985624699,0.042952554082964604,0.0
4204,1.0,0.05,0.00013166472623441996,0.0,0.005575941985624699,0.04590401520989748,0.0
4205,1.0,0.05,0.00013166472623441996,0.0,0.005575941985624699,0.04590401520989748,0.0
4206,1.0,0.05,0.00013166472623441996,0.0,0.005575941985624699,0.03252338981111964,0.0
4207,1.0,0.05,0.00013166472623441996,0.0,0.005575941985624699,0.03736662149181459,0.0
4208,1.0,0.05,0.00013166472623441996,0.0,0.005575941985624699,0.0603910982491995,0.0
4209,1.0,0.05,0.00013166472623441996,0.0,0.005575941985624699,0.0603910982491995,0.0
4210,1.0,0.05,0.00013166472623441996,0.0,0.005575941985624699,0.10496297312155019,0.0
4211,1.0,0.05,0.00013166472623441996,0.0,0.005575941985624699,0.10496297312155019,0.0
4212,1.0,0.05,0.00013166472623441996,0.0,0.005575941985624699,0.10496297312155019,0.0
4213,1.0,0.05,0.00013166472623441996,0.0,0.005575941985624699,0.08070869898026956,0.0
4214,1.0,0.05,0.00013166472623441996,0.0,0.005724613480718632,0.08070869898026956,0.0
4215,1.0,0.05,0.00013166472623441996,0.0,0.005724613480718632,0.08070869898026956,0.0
4216,1.0,0.05,0.00013166472623441996,0.0,0.005724613480718632,0.0637946679165443,0.0
4217,1.0,0.05,0.00013166472623441996,0.0,0.005724613480718632,0.0637946679165443,0.0
4218,1.0,0.05,0.00013166472623441996,0.0,0.005724613480718632,0.0637946679165443,0.0
4219,1.0,0.05,0.00013166472623441996,0.0,0.005724613480718632,0.08891036513965753,0.0
4220,1.0,0.05,0.00013166472623441996,0.0,0.006689989472539898,0.04182506808980911,0.0
4221,1.0,0.05,0.00013166472623441996,0.0,0.005984786897666579,0.04182506808980911,0.0
4222,1.0,0.05,0.00013166472623441996,0.0,0.005984786897666579,0.04182506808980911,0.0
4223,1.0,0.05,0.00013166472623441996,0.0,0.005984786897666579,0.04182506808980911,0.0
4224,1.0,0.05,0.00014138960880626157,0.0,0.00550389463447605,0.04182506808980911,0.0
4225,1.0,0.05,0.00014138960880626157,0.0,0.00550389463447605,0.1263117043532273,0.0
4226,1.0,0.05,0.00014138960880626157,0.0,0.00550389463447605,0.1263117043532273,0.0
4227,1.0,0.05,0.00014138960880626157,0.0,0.0055428176193353905,0.1263117043532273,0.0
4228,1.0,0.05,0.00014138960880626157,0.0,0.0055428176193353905,0.1263117043532273,0.0
4229,1.0,0.05,0.00014138960880626157,0.0,0.0054037906415947195,0.06623319209255936,0.0
4230,1.0,0.05,0.00014138960880626157,0.0,0.0054037906415947195,0.06623319209255936,0.0
4231,1.0,0.05,0.00014138960880626157,0.0,0.0054037906415947195,0.08320964060676285,0.0
4232,1.0,0.05,0.00014138960880626157,0.0,0.0054037906415947195,0.08320964060676285,0.0
4233,1.0,0.05,0.00014125618018072896,0.0,0.0054037906415947195,0.09045435856222298,0.0
4234,1.0,0.05,0.00014125618018072896,0.0,0.005424770636326001,0.0528486566351423,0.0
4235,1.0,0.05,0.00014051353172210378,0.0,0.006327759468260143,0.03804802937144523,0.0
4236,1.0,0.05,0.00014051353172210378,0.0,0.006327759468260143,0.0345369432602943,0.0
4237,1.0,0.05,0.00014051353172210378,0.0,0.006327759468260143,0.0345369432602943,0.0
4238,1.0,0.05,0.00014051353172210378,0.0,0.006327759468260143,0.0345369432602943,0.0
4239,1.0,0.05,0.00014051353172210378,0.0,0.006327759468260143,0.0345369432602943,0.0
4240,1.0,0.05,0.00013232751971624775,0.0,0.006327759468260143,0.0345369432602943,0.0
4241,1.0,0.05,0.00013232751971624775,0.0,0.006327759468260143,0.0345369432602943,0.0
4242,1.0,0.05,0.00013288776285454705,0.0,0.006327759468260143,0.07944820629043223,0.0
4243,1.0,0.05,0.00013288776285454705,0.0,0.006327759468260143,0.07116607805284987,0.0
4244,1.0,0.05,0.00013288776285454705,0.0,0.006327759468260143,0.07116607805284987,0.0
4245,1.0,0.05,0.00013288776285454705,0.0,0.006327759468260143,0.07116607805284987,0.0
4246,1.0,0.05,0.00013553714030382254,0.0,0.005674607955284752,0.07116607805284987,0.0
4247,1.0,0.05,0.00013553714030382254,0.0,0.005674607955284752,0.07116607805284987,0.0
4248,1.0,0.05,0.00013553714030382254,0.0,0.005674607955284752,0.07116607805284987,0.0
4249,1.0,0.05,0.00013553714030382254,0.0,0.005674607955284752,0.07116607805284987,0.0
4250,1.0,0.05,0.00013553714030382254,0.0,0.005674607955284752,0.07116607805284987,0.0
4251,1.0,0.05,0.00013553714030382254,0.0,0.004701190650358074,0.041955226686221106,0.0
4252,1.0,0.05,0.00013553714030382254,0.0,0.005808805715191804,0.041955226686221106,0.0
4253,1.0,0.05,0.00013553714030382254,0.0,0.005808805715191804,0.041955226686221106,0.0
4254,1.0,0.05,0.00013599197660724938,0.0,0.005808805715191804,0.041955226686221106,0.0
4255,1.0,0.05,0.00013599197660724938,0.0,0.005808805715191804,0.041955226686221106,0.0
4256,1.0,0.05,0.00013599197660724938,0.0,0.005808805715191804,0.041955226686221106,0.0
4257,1.0,0.05,0.0001431176567917511,0.0,0.005808805715191804,0.041955226686221106,0.0
4258,1.0,0.05,0.0001431176567917511,0.0,0.005808805715191804,0.041955226686221106,0.0
4259,1.0,0.05,0.0001431176567917511,0.0,0.005808805715191804,0.041955226686221106,0.0
4260,1.0,0.05,0.0001431176567917511,0.0,0.005808805715191804,0.041955226686221106,0.0
4261,1.0,0.05,0.0001431176567917511,0.0,0.005808805715191804,0.0538587796997808,0.0
4262,1.0,0.05,0.00013156509628195243,0.0,0.005808805715191804,0.07562810151044057,0.0
4263,1.0,0.05,0.00013156509628195243,0.0,0.005808805715191804,0.07562810151044057,0.0
4264,1.0,0.05,0.00013156509628195243,0.0,0.006954399046995204,0.07562810151044057,0.0
4265,1.0,0.05,0.00013156509628195243,0.0,0.006954399046995204,0.10787134289957291,0.0
4266,1.0,0.05,0.00013156509628195243,0.0,0.0062619053053007325,0.10787134289957291,0.0
4267,1.0,0.05,0.00013156509628195243,0.0,0.0062619053053007325,0.10787134289957291,0.0
4268,1.0,0.05,0.00013156509628195243,0.0,0.0062619053053007325,0.10787134289957291,0.0
4269,1.0,0.05,0.00013156509628195243,0.0,0.0062619053053007325,0.08781445440414766,0.0
4270,1.0,0.05,0.00012541301889553054,0.0,0.0062619053053007325,0.1225745100354138,0.0
4271,1.0,0.05,0.00012541301889553054,0.0,0.0062619053053007325,0.1225745100354138,0.0
4272,1.0,0.05,0.00012541301889553054,0.0,0.0062619053053007325,0.1225745100354138,0.0
4273,1.0,0.05,0.00012541301889553054,0.0,0.007097675444942026,0.1225745100354138,0.0
4274,1.0,0.05,0.00012541301889553054,0.0,0.007097675444942026,0.1225745100354138,0.0
4275,1.0,0.05,0.00011757413905569012,0.0,0.0075413968840813625,0.138597483110881,0.0
4276,1.0,0.05,0.00011757413905569012,0.0,0.0075413968840813625,0.061744677738812405,0.0
4277,1.0,0.05,0.00011757413905569012,0.0,0.0076504068813906525,0.061744677738812405,0.0
4278,1.0,0.05,0.00011757413905569012,0.0,0.0076504068813906525,0.032260956879938595,0.0
4279,1.0,0.05,0.00012073428883717091,0.0,0.0076504068813906525,0.032260956879938595,0.0
4280,1.0,0.05,0.00012073428883717091,0.0,0.0076504068813906525,0.04767171785014088,0.0
4281,1.0,0.05,0.00012073428883717091,0.0,0.0076504068813906525,0.13175400141729673,0.0
4282,1.0,0.05,0.00011768594288827398,0.0,0.0076504068813906525,0.04805237761261788,0.0
4283,1.0,0.05,0.00011768594288827398,0.0,0.0076504068813906525,0.1093089793514295,0.0
4284,1.0,0.05,0.00011768594288827398,0.0,0.0076504068813906525,0.07690914054973912,0.0
4285,1.0,0.05,0.00011768594288827398,0.0,0.0076504068813906525,0.10377456102534267,0.0
4286,1.0,0.05,0.00011768594288827398,0.0,0.0076504068813906525,0.10377456102534267,0.0
4287,1.0,0.05,0.00011768594288827398,0.0,0.0076504068813906525,0.10377456102534267,0.0
4288,1.0,0.05,0.0001286666092467593,0.0,0.0076504068813906525,0.10377456102534267,0.0
4289,1.0,0.05,0.0001286666092467593,0.0,0.0076504068813906525,0.11035644660572128,0.0
4290,1.0,0.05,0.0001286666092467593,0.0,0.0076504068813906525,0.11986546408439366,0.0
4291,1.0,0.05,0.0001286666092467593,0.0,0.0076504068813906525,0.04004884677001394,0.0
4292,1.0,0.05,0.0001286666092467593,0.0,0.005227839841182362,0.023939473550666498,0.0
4293,1.0,0.05,0.0001286666092467593,0.0,0.0069858045358321885,0.023939473550666498,0.0
4294,1.0,0.05,0.00013841370742049522,0.0,0.0070277067498941215,0.023939473550666498,0.0
4295,1.0,0.05,0.00013841370742049522,0.0,0.005879437970674957,0.012877662672572964,0.0
4296,1.0,0.05,0.00013841370742049522,0.0,0.006047041743793223,0.022278788701087515,0.0
4297,1.0,0.05,0.00013841370742049522,0.0,0.006047041743793223,0.022278788701087515,0.0
4298,1.0,0.05,0.00013841370742049522,0.0,0.006047041743793223,0.01378075723444945,0.0
4299,1.0,0.05,0.00013841370742049522,0.0,0.006047041743793223,0.01378075723444945,0.0
4300,1.0,0.05,0.00013841370742049522,0.0,0.006047041743793223,0.0065927079301785815,0.0
4301,1.0,0.05,0.00013841370742049522,0.0,0.006047041743793223,0.0065927079301785815,0.0
4302,1.0,0.05,0.00013841370742049522,0.0,0.006047041743793223,0.009768388869824469,0.0
4303,1.0,0.05,0.00013841370742049522,0.0,0.006047041743793223,0.016188619121161093,0.0
4304,1.0,0.05,0.00013121749353490065,0.0,0.006047041743793223,0.019734104647990636,0.0
4305,1.0,0.05,0.00013121749353490065,0.0,0.006047041743793223,0.019734104647990636,0.0
4306,1.0,0.05,0.00013121749353490065,0.0,0.006047041743793223,0.019734104647990636,0.0
4307,1.0,0.05,0.00013121749353490065,0.0,0.006047041743793223,0.019734104647990636,0.0
4308,1.0,0.05,0.00013121749353490065,0.0,0.006047041743793223,0.0664605716677488,0.0
4309,1.0,0.05,0.00013121749353490065,0.0,0.005864963686339666,0.0664605716677488,0.0
4310,1.0,0.05,0.00013121749353490065,0.0,0.007416140618584734,0.0664605716677488,0.0
4311,1.0,0.05,0.00013121749353490065,0.0,0.006519696064943445,0.0664605716677488,0.0
4312,1.0,0.05,0.00012799418275427293,0.0,0.006519696064943445,0.06188784639784846,0.0
4313,1.0,0.05,0.00012799418275427293,0.0,0.006519696064943445,0.06188784639784846,0.0
4314,1.0,0.05,0.0001347353189033902,0.0,0.007546649441177577,0.06901077215834159,0.0
4315,1.0,0.05,0.0001347353189033902,0.0,0.006336807897557897,0.06901077215834159,0.0
4316,1.0,0.05,0.0001347353189033902,0.0,0.006301040612269755,0.046341169541617704,0.0
4317,1.0,0.05,0.0001347353189033902,0.0,0.006301040612269755,0.02504712571251066,0.0
4318,1.0,0.05,0.0001347353189033902,0.0,0.0062342231931230094,0.02504712571251066,0.0
4319,1.0,0.05,0.0001347353189033902,0.0,0.0062342231931230094,0.04605765961412039,0.0
4320,1.0,0.05,0.0001347353189033902,0.0,0.0062342231931230094,0.04605765961412039,0.0
4321,1.0,0.05,0.0001366993531559655,0.0,0.0062342231931230094,0.03401547641281642,0.0
4322,1.0,0.05,0.0001366993531559655,0.0,0.005866946656017329,0.0308569464021707,0.0
4323,1.0,0.05,0.0001366993531559655,0.0,0.005866946656017329,0.05653277066556339,0.0
4324,1.0,0.05,0.0001366993531559655,0.0,0.005866946656017329,0.06081214610966144,0.0
4325,1.0,0.05,0.0001366993531559655,0.0,0.005866946656017329,0.10141532767767997,0.0
4326,1.0,0.05,0.0001366993531559655,0.0,0.005866946656017329,0.08037961366376344,0.0
4327,1.0,0.05,0.0001366993531559655,0.0,0.006645838046097308,0.08037961366376344,0.0
4328,1.0,0.05,0.0001366993531559655,0.0,0.006645838046097308,0.08037961366376344,0.0
4329,1.0,0.05,0.0001366993531559655,0.0,0.006645838046097308,0.08037961366376344,0.0
4330,1.0,0.05,0.0001366993531559655,0.0,0.006645838046097308,0.08037961366376344,0.0
4331,1.0,0.05,0.0001366993531559655,0.0,0.006154234792778152,0.08037961366376344,0.0
4332,1.0,0.05,0.0001366993531559655,0.0,0.006154234792778152,0.07279331386846026,0.0
4333,1.0,0.05,0.0001366993531559655,0.0,0.005489463738038433,0.07360354122556063,0.0
4334,1.0,0.05,0.0001366993531559655,0.0,0.005489463738038433,0.07360354122556063,0.0
4335,1.0,0.05,0.0001366993531559655,0.0,0.005489463738038433,0.05187414348039138,0.0
4336,1.0,0.05,0.00013593254748599652,0.0,0.005489463738038433,0.06415717130940546,0.0
4337,1.0,0.05,0.00013593254748599652,0.0,0.005489463738038433,0.06415717130940546,0.0
4338,1.0,0.05,0.00013593254748599652,0.0,0.006334083719545255,0.06415717130940546,0.0
4339,1.0,0.05,0.00013593254748599652,0.0,0.006334083719545255,0.06415717130940546,0.0
4340,1.0,0.05,0.00013593254748599652,0.0,0.006334083719545255,0.06415717130940546,0.0
4341,1.0,0.05,0.00013593254748599652,0.0,0.006334083719545255,0.06415717130940546,0.0
4342,1.0,0.05,0.00013593254748599652,0.0,0.006334083719545255,0.06415717130940546,0.0
4343,1.0,0.05,0.00013593254748599652,0.0,0.006334083719545255,0.08861630206954377,0.0
4344,1.0,0.05,0.0001341985353686599,0.0,0.006334083719545255,0.08861630206954377,0.0
4345,1.0,0.05,0.0001341985353686599,0.0,0.006334083719545255,0.08861630206954377,0.0
4346,1.0,0.05,0.00013710239499182655,0.0,0.006334083719545255,0.05570890258783123,0.0
4347,1.0,0.05,0.00013710239499182655,0.0,0.006334083719545255,0.05570890258783123,0.0
4348,1.0,0.05,0.00013859263188870213,0.0,0.006334083719545255,0.08732378206006705,0.0
4349,1.0,0.05,0.00013859263188870213,0.0,0.005572950066887466,0.08921043697783815,0.0
4350,1.0,0.05,0.00013859263188870213,0.0,0.0054499730576447695,0.04953958741513613,0.0
4351,1.0,0.05,0.00013859263188870213,0.0,0.0054499730576447695,0.04953958741513613,0.0
4352,1.0,0.05,0.00013859263188870213,0.0,0.006056172740787252,0.04953958741513613,0.0
4353,1.0,0.05,0.00013320909748100227,0.0,0.006056172740787252,0.04953958741513613,0.0
4354,1.0,0.05,0.00013320909748100227,0.0,0.006178560510662344,0.06656859476124659,0.0
4355,1.0,0.05,0.00013320909748100227,0.0,0.006178560510662344,0.10958234845336229,0.0
4356,1.0,0.05,0.00013789150874917743,0.0,0.006178560510662344,0.043154074737440345,0.0
4357,1.0,0.05,0.00013789150874917743,0.0,0.006178560510662344,0.03864801739004245,0.0
4358,1.0,0.05,0.00013789150874917743,0.0,0.006178560510662344,0.03983104543377741,0.0
4359,1.0,0.05,0.00013789150874917743,0.0,0.006178560510662344,0.03983104543377741,0.0
4360,1.0,0.05,0.00013789150874917743,0.0,0.006178560510662344,0.06006073659841933,0.0
4361,1.0,0.05,0.00014104277780346342,0.0,0.006178560510662344,0.08301731340824706,0.0
4362,1.0,0.05,0.0001366228603656829,0.0,0.006178560510662344,0.0949011150406607,0.0
4363,1.0,0.05,0.00012511398744465948,0.0,0.006146293457604526,0.0949011150406607,0.0
4364,1.0,0.05,0.00012511398744465948,0.0,0.006146293457604526,0.053552910837429406,0.0
4365,1.0,0.05,0.00012511398744465948,0.0,0.006926472100930113,0.07410638305330688,0.0
4366,1.0,0.05,0.00012511398744465948,0.0,0.006926472100930113,0.11351754582926568,0.0
4367,1.0,0.05,0.00012511398744465948,0.0,0.006926472100930113,0.11351754582926568,0.0
4368,1.0,0.05,0.00012511398744465948,0.0,0.006926472100930113,0.044486251822619255,0.0
4369,1.0,0.05,0.00012511398744465948,0.0,0.006926472100930113,0.044486251822619255,0.0
4370,1.0,0.05,0.00012511398744465948,0.0,0.006677866934916615,0.04783240701841039,0.0
4371,1.0,0.05,0.00012511398744465948,0.0,0.006677866934916615,0.04783240701841039,0.0
4372,1.0,0.05,0.00012511398744465948,0.0,0.006677866934916615,0.026970160760971806,0.0
4373,1.0,0.05,0.00012511398744465948,0.0,0.006677866934916615,0.020307246490874096,0.0
4374,1.0,0.05,0.00012511398744465948,0.0,0.006677866934916615,0.020307246490874096,0.0
4375,1.0,0.05,0.00012511398744465948,0.0,0.006019341441479697,0.09619791586826841,0.0
4376,1.0,0.05,0.00013410383062686026,0.0,0.006252655604749606,0.08752657691197491,0.0
4377,1.0,0.05,0.00013410383062686026,0.0,0.006252655604749606,0.10464295224604349,0.0
4378,1.0,0.05,0.00013410383062686026,0.0,0.006252655604749606,0.04537555471212532,0.0
4379,1.0,0.05,0.00013410383062686026,0.0,0.006252655604749606,0.03455146334597041,0.0
4380,1.0,0.05,0.00013410383062686026,0.0,0.005918305720760168,0.03455146334597041,0.0
4381,1.0,0.05,0.0001341846656246874,0.0,0.005918305720760168,0.10505098701084498,0.0
4382,1.0,0.05,0.0001341846656246874,0.0,0.005918305720760168,0.08833470906849773,0.0
4383,1.0,0.05,0.0001341846656246874,0.0,0.005918305720760168,0.08833470906849773,0.0
4384,1.0,0.05,0.0001341846656246874,0.0,0.005918305720760168,0.08833470906849773,0.0
4385,1.0,0.05,0.0001341846656246874,0.0,0.005918305720760168,0.05177928109694552,0.0
4386,1.0,0.05,0.0001341846656246874,0.0,0.005918305720760168,0.05177928109694552,0.0
4387,1.0,0.05,0.0001341846656246874,0.0,0.005918305720760168,0.039054184956244305,0.0
4388,1.0,0.05,0.0001341846656246874,0.0,0.005918305720760168,0.02610343387691035,0.0
4389,1.0,0.05,0.0001341846656246874,0.0,0.005918305720760168,0.02610343387691035,0.0
4390,1.0,0.05,0.0001341846656246874,0.0,0.005918305720760168,0.02610343387691035,0.0
4391,1.0,0.05,0.0001341846656246874,0.0,0.005918305720760168,0.022760320909647788,0.0
4392,1.0,0.05,0.0001341846656246874,0.0,0.005918305720760168,0.017997012220205735,0.0
4393,1.0,0.05,0.0001341846656246874,0.0,0.005918305720760168,0.020204733748112325,0.0
4394,1.0,0.05,0.0001341846656246874,0.0,0.005918305720760168,0.06716940970036503,0.0
4395,1.0,0.05,0.0001341846656246874,0.0,0.005918305720760168,0.0420959921043859,0.0
4396,1.0,0.05,0.0001341846656246874,0.0,0.005918305720760168,0.0420959921043859,0.0
4397,1.0,0.05,0.0001341846656246874,0.0,0.005918305720760168,0.0420959921043859,0.0
4398,1.0,0.05,0.0001341846656246874,0.0,0.005918305720760168,0.06250654191738718,0.0
4399,1.0,0.05,0.0001341846656246874,0.0,0.005918305720760168,0.06250654191738718,0.0
4400,1.0,0.05,0.0001341846656246874,0.0,0.005909428494861686,0.06250654191738718,0.0
4401,1.0,0.05,0.0001341846656246874,0.0,0.005909428494861686,0.06250654191738718,0.0
4402,1.0,0.05,0.0001341846656246874,0.0,0.005909428494861686,0.06250654191738718,0.0
4403,1.0,0.05,0.00013368193024114905,0.0,0.005909428494861686,0.06250654191738718,0.0
4404,1.0,0.05,0.00013368193024114905,0.0,0.007704273017901199,0.06397976062848577,0.0
4405,1.0,0.05,0.00013368193024114905,0.0,0.006920838074964047,0.10751962539969587,0.0
4406,1.0,0.05,0.00012744835027757046,0.0,0.006920838074964047,0.03468117229016612,0.0
4407,1.0,0.05,0.00012744835027757046,0.0,0.006920838074964047,0.046659041468327486,0.0
4408,1.0,0.05,0.00012744835027757046,0.0,0.006920838074964047,0.046659041468327486,0.0
4409,1.0,0.05,0.00012744835027757046,0.0,0.005574464967230524,0.0389853746123269,0.0
4410,1.0,0.05,0.00012744835027757046,0.0,0.005574464967230524,0.0389853746123269,0.0
4411,1.0,0.05,0.00012744835027757046,0.0,0.005574464967230524,0.0389853746123269,0.0
4412,1.0,0.05,0.00012744835027757046,0.0,0.005574464967230524,0.06527294796526913,0.0
4413,1.0,0.05,0.00012744835027757046,0.0,0.005574464967230524,0.06527294796526913,0.0
4414,1.0,0.05,0.00012744835027757046,0.0,0.005574464967230524,0.0958275823094143,0.0
4415,1.0,0.05,0.00012744835027757046,0.0,0.005574464967230524,0.0958275823094143,0.0
4416,1.0,0.05,0.00012744835027757046,0.0,0.006815497595947018,0.0958275823094143,0.0
4417,1.0,0.05,0.00012744835027757046,0.0,0.006815497595947018,0.04524426084672197,0.0
4418,1.0,0.05,0.00012976654727661548,0.0,0.006815497595947018,0.089194989870957,0.0
4419,1.0,0.05,0.00012976654727661548,0.0,0.006815497595947018,0.089194989870957,0.0
4420,1.0,0.05,0.00012976654727661548,0.0,0.006815497595947018,0.089194989870957,0.0
4421,1.0,0.05,0.00012976654727661548,0.0,0.006638075743044266,0.11443360404187664,0.0
4422,1.0,0.05,0.00012976654727661548,0.0,0.00630490610237765,0.12378374142912882,0.0
4423,1.0,0.05,0.00012976654727661548,0.0,0.00630490610237765,0.07345284917878273,0.0
4424,1.0,0.05,0.00012976654727661548,0.0,0.00630490610237765,0.07345284917878273,0.0
4425,1.0,0.05,0.00012976654727661548,0.0,0.00630490610237765,0.07499063057295291,0.0
4426,1.0,0.05,0.00012976654727661548,0.0,0.0069097097805992744,0.1030942233443004,0.0
4427,1.0,0.05,0.00012976654727661548,0.0,0.0069097097805992744,0.1030942233443004,0.0
4428,1.0,0.05,0.00012976654727661548,0.0,0.005915396822814354,0.0838292481012471,0.0
4429,1.0,0.05,0.00012976654727661548,0.0,0.005915396822814354,0.05626594874628364,0.0
4430,1.0,0.05,0.00012976654727661548,0.0,0.005915396822814354,0.006750002109876611,0.0
4431,1.0,0.05,0.00012976654727661548,0.0,0.005915396822814354,0.006750002109876611,0.0
4432,1.0,0.05,0.00012976654727661548,0.0,0.006192307105256263,0.006657138790161997,0.0
4433,1.0,0.05,0.00012976654727661548,0.0,0.006192307105256263,0.012363642886378704,0.0
4434,1.0,0.05,0.00012976654727661548,0.0,0.006192307105256263,0.029941204452838613,0.0
4435,1.0,0.05,0.00012976654727661548,0.0,0.006192307105256263,0.029941204452838613,0.0
4436,1.0,0.05,0.00012976654727661548,0.0,0.006192307105256263,0.029941204452838613,0.0
4437,1.0,0.05,0.00012976654727661548,0.0,0.006192307105256263,0.029941204452838613,0.0
4438,1.0,0.05,0.00012976654727661548,0.0,0.006192307105256263,0.036005625580850256,0.0
4439,1.0,0.05,0.00012976654727661548,0.0,0.006192307105256263,0.036005625580850256,0.0
4440,1.0,0.05,0.00012976654727661548,0.0,0.006192307105256263,0.048909937989459085,0.0
4441,1.0,0.05,0.00012976654727661548,0.0,0.006192307105256263,0.048909937989459085,0.0
4442,1.0,0.05,0.00012976654727661548,0.0,0.006192307105256263,0.048909937989459085,0.0
4443,1.0,0.05,0.00012976654727661548,0.0,0.006560504517967034,0.048909937989459085,0.0
4444,1.0,0.05,0.00014241045755494734,0.0,0.006560504517967034,0.048909937989459085,0.0
4445,1.0,0.05,0.00014241045755494734,0.0,0.006560504517967034,0.048909937989459085,0.0
4446,1.0,0.05,0.00014241045755494734,0.0,0.005156414804282267,0.048909937989459085,0.0
4447,1.0,0.05,0.00014241045755494734,0.0,0.005156414804282267,0.048909937989459085,0.0
4448,1.0,0.05,0.00014241045755494734,0.0,0.0053617572301353856,0.06569152872447237,0.0
4449,1.0,0.05,0.00014241045755494734,0.0,0.0053617572301353856,0.023804292277150904,0.0
4450,1.0,0.05,0.00012808458438010823,0.0,0.0053617572301353856,0.07607019581000585,0.0
4451,1.0,0.05,0.00012808458438010823,0.0,0.0053617572301353856,0.07607019581000585,0.0
4452,1.0,0.05,0.00012808458438010823,0.0,0.005406932377735697,0.07150819861513268,0.0
4453,1.0,0.05,0.00012808458438010823,0.0,0.007120051354392016,0.07150819861513268,0.0
4454,1.0,0.05,0.00012808458438010823,0.0,0.007120051354392016,0.10399838431145458,0.0
4455,1.0,0.05,0.00012808458438010823,0.0,0.007120051354392016,0.06786484746511331,0.0
4456,1.0,0.05,0.00012808458438010823,0.0,0.007120051354392016,0.06786484746511331,0.0
4457,1.0,0.05,0.00012808458438010823,0.0,0.007120051354392016,0.10002684935725356,0.0
4458,1.0,0.05,0.00011916328316971959,0.0,0.007120051354392016,0.10002684935725356,0.0
4459,1.0,0.05,0.00011916328316971959,0.0,0.007120051354392016,0.10002684935725356,0.0
4460,1.0,0.05,0.00011916328316971959,0.0,0.007120051354392016,0.10002684935725356,0.0
4461,1.0,0.05,0.00011916328316971959,0.0,0.007120051354392016,0.10002684935725356,0.0
4462,1.0,0.05,0.00011916328316971959,0.0,0.007798816121768866,0.10002684935725356,0.0
4463,1.0,0.05,0.00011916328316971959,0.0,0.007798816121768866,0.05897294111748004,0.0
4464,1.0,0.05,0.00011916328316971959,0.0,0.007798816121768866,0.09487526691227641,0.0
4465,1.0,0.05,0.00011916328316971959,0.0,0.007798816121768866,0.09487526691227641,0.0
4466,1.0,0.05,0.00011916328316971959,0.0,0.007798816121768866,0.09487526691227641,0.0
4467,1.0,0.05,0.0001419952854517182,0.0,0.006962250825999242,0.09487526691227641,0.0
4468,1.0,0.05,0.0001419952854517182,0.0,0.006962250825999242,0.09487526691227641,0.0
4469,1.0,0.05,0.00013702629223979391,0.0,0.006962250825999242,0.0858146164720032,0.0
4470,1.0,0.05,0.00012200569826342853,0.0,0.006962250825999242,0.0858146164720032,0.0
4471,1.0,0.05,0.00012200569826342853,0.0,0.006962250825999242,0.0858146164720032,0.0
4472,1.0,0.05,0.00012200569826342853,0.0,0.006962250825999242,0.0858146164720032,0.0
4473,1.0,0.05,0.00012200569826342853,0.0,0.006962250825999242,0.0858146164720032,0.0
4474,1.0,0.05,0.00012200569826342853,0.0,0.006962250825999242,0.14897783898978909,0.0
4475,1.0,0.05,0.00012200569826342853,0.0,0.007895925248304932,0.14897783898978909,0.0
4476,1.0,0.05,0.00012200569826342853,0.0,0.007895925248304932,0.14897783898978909,0.0
4477,1.0,0.05,0.00012200569826342853,0.0,0.007895925248304932,0.14897783898978909,0.0
4478,1.0,0.05,0.00012200569826342853,0.0,0.007895925248304932,0.14897783898978909,0.0
4479,1.0,0.05,0.00012561239249797362,0.0,0.007895925248304932,0.06455411159725577,0.0
4480,1.0,0.05,0.00012561239249797362,0.0,0.006665587935842051,0.06455411159725577,0.0
4481,1.0,0.05,0.00012561239249797362,0.0,0.006665587935842051,0.06455411159725577,0.0
4482,1.0,0.05,0.00012561239249797362,0.0,0.00566675149088116,0.06455411159725577,0.0
4483,1.0,0.05,0.00012561239249797362,0.0,0.005305851268536061,0.09939848569827216,0.0
4484,1.0,0.05,0.00012561239249797362,0.0,0.007473090960807314,0.06021155184047251,0.0
4485,1.0,0.05,0.00012561239249797362,0.0,0.007473090960807314,0.06021155184047251,0.0
4486,1.0,0.05,0.00012561239249797362,0.0,0.007473090960807314,0.11484198844419152,0.0
4487,1.0,0.05,0.0001174296500635748,0.0,0.008240309204954837,0.11484198844419152,0.0
4488,1.0,0.05,0.0001174296500635748,0.0,0.008240309204954837,0.11484198844419152,0.0
4489,1.0,0.05,0.0001174296500635748,0.0,0.008240309204954837,0.05994654419541956,0.0
4490,1.0,0.05,0.0001174296500635748,0.0,0.008376855814017037,0.10128052808500548,0.0
4491,1.0,0.05,0.0001174296500635748,0.0,0.008376855814017037,0.10128052808500548,0.0
4492,1.0,0.05,0.0001174296500635748,0.0,0.008376855814017037,0.10128052808500548,0.0
4493,1.0,0.05,0.0001174296500635748,0.0,0.008376855814017037,0.034786280372908096,0.0
4494,1.0,0.05,0.00011744564752454631,0.0,0.008376855814017037,0.04701271322739488,0.0
4495,1.0,0.05,0.00011744564752454631,0.0,0.008376855814017037,0.13044496296843902,0.0
4496,1.0,0.05,0.00011744564752454631,0.0,0.008376855814017037,0.13044496296843902,0.0
4497,1.0,0.05,0.00012246398416367548,0.0,0.008376855814017037,0.13044496296843902,0.0
4498,1.0,0.05,0.00012246398416367548,0.0,0.007309199490041398,0.1383083735053703,0.0
4499,1.0,0.05,0.00012246398416367548,0.0,0.007327099121525092,0.12761812154298155,0.0
4500,1.0,0.05,0.00012246398416367548,0.0,0.007327099121525092,0.04420539889317211,0.0
4501,1.0,0.05,0.00013351531612350884,0.0,0.005497577499084827,0.058134884157818555,0.0
4502,1.0,0.05,0.00013351531612350884,0.0,0.005497577499084827,0.04013072678161949,0.0
4503,1.0,0.05,0.00013351531612350884,0.0,0.005497577499084827,0.04013072678161949,0.0
4504,1.0,0.05,0.00013351531612350884,0.0,0.005497577499084827,0.04013072678161949,0.0
4505,1.0,0.05,0.00013351531612350884,0.0,0.005497577499084827,0.04013072678161949,0.0
4506,1.0,0.05,0.00013476022795592274,0.0,0.005497577499084827,0.09254454345194538,0.0
4507,1.0,0.05,0.00013476022795592274,0.0,0.005497577499084827,0.09254454345194538,0.0
4508,1.0,0.05,0.00013476022795592274,0.0,0.005497577499084827,0.09254454345194538,0.0
4509,1.0,0.05,0.00013476022795592274,0.0,0.005497577499084827,0.06290617483877435,0.0
4510,1.0,0.05,0.00013476022795592274,0.0,0.005497577499084827,0.03252426654183565,0.0
4511,1.0,0.05,0.00013476022795592274,0.0,0.005497577499084827,0.08833511861604285,0.0
4512,1.0,0.05,0.00013476022795592274,0.0,0.005497577499084827,0.08833511861604285,0.0
4513,1.0,0.05,0.00013476022795592274,0.0,0.006499230743190288,0.08833511861604285,0.0
4514,1.0,0.05,0.00013476022795592274,0.0,0.0055599215123977854,0.08833511861604285,0.0
4515,1.0,0.05,0.00013476022795592274,0.0,0.0055599215123977854,0.03400881364152755,0.0
4516,1.0,0.05,0.00013476022795592274,0.0,0.0055599215123977854,0.03400881364152755,0.0
4517,1.0,0.05,0.00013476022795592274,0.0,0.0055599215123977854,0.07428984161933631,0.0
4518,1.0,0.05,0.00013476022795592274,0.0,0.0060760944518136375,0.05934387460091773,0.0
4519,1.0,0.05,0.00013476022795592274,0.0,0.005579370057771775,0.07729069691708991,0.0
4520,1.0,0.05,0.00013476022795592274,0.0,0.00562044494340554,0.07939220822359644,0.0
4521,1.0,0.05,0.00013476022795592274,0.0,0.00562044494340554,0.07939220822359644,0.0
4522,1.0,0.05,0.00013476022795592274,0.0,0.00562044494340554,0.07939220822359644,0.0
4523,1.0,0.05,0.00013476022795592274,0.0,0.00562044494340554,0.06705265250393476,0.0
4524,1.0,0.05,0.00012976038671417149,0.0,0.00562044494340554,0.06705265250393476,0.0
4525,1.0,0.05,0.00012976038671417149,0.0,0.00562044494340554,0.06705265250393476,0.0
4526,1.0,0.05,0.00012976038671417149,0.0,0.00562044494340554,0.06705265250393476,0.0
4527,1.0,0.05,0.00012976038671417149,0.0,0.00562044494340554,0.06468629111588754,0.0
4528,1.0,0.05,0.00012976038671417149,0.0,0.0077966484242654455,0.038909046305092905,0.0
4529,1.0,0.05,0.00012086667806130358,0.0,0.0077966484242654455,0.0756669799426477,0.0
4530,1.0,0.05,0.00011640272754419075,0.0,0.0077966484242654455,0.0756669799426477,0.0
4531,1.0,0.05,0.00011640272754419075,0.0,0.007000392921399758,0.0756669799426477,0.0
4532,1.0,0.05,0.0001300720355183374,0.0,0.007000392921399758,0.12614680751303506,0.0
4533,1.0,0.05,0.0001300720355183374,0.0,0.006742756613301573,0.12614680751303506,0.0
4534,1.0,0.05,0.00013875054727780455,0.0,0.006742756613301573,0.12614680751303506,0.0
4535,1.0,0.05,0.00013875054727780455,0.0,0.006641471371486717,0.041305518975747926,0.0
4536,1.0,0.05,0.00013875054727780455,0.0,0.005612026230210556,0.041305518975747926,0.0
4537,1.0,0.05,0.00013875054727780455,0.0,0.005612026230210556,0.041305518975747926,0.0
4538,1.0,0.05,0.00013875054727780455,0.0,0.005612026230210556,0.08792727150774571,0.0
4539,1.0,0.05,0.00013875054727780455,0.0,0.005612026230210556,0.08792727150774571,0.0
4540,1.0,0.05,0.00013875054727780455,0.0,0.005612026230210556,0.08792727150774571,0.0
4541,1.0,0.05,0.00013875054727780455,0.0,0.005612026230210556,0.035374794477921113,0.0
4542,1.0,0.05,0.00013875054727780455,0.0,0.005612026230210556,0.017858446066673774,0.0
4543,1.0,0.05,0.00013875054727780455,0.0,0.005612026230210556,0.017858446066673774,0.0
4544,1.0,0.05,0.00013875054727780455,0.0,0.005612026230210556,0.011985264644217989,0.0
4545,1.0,0.05,0.00013875054727780455,0.0,0.005612026230210556,0.011985264644217989,0.0
4546,1.0,0.05,0.00013875054727780455,0.0,0.006390815278502458,0.014600949223199195,0.0
4547,1.0,0.05,0.00013875054727780455,0.0,0.006390815278502458,0.013996620856107946,0.0
4548,1.0,0.05,0.00013717663899306064,0.0,0.006390815278502458,0.011244167698768924,0.0
4549,1.0,0.05,0.00012914003506029595,0.0,0.006640487394710373,0.027104982240428115,0.0
4550,1.0,0.05,0.00012914003506029595,0.0,0.006816919732467242,0.027104982240428115,0.0
4551,1.0,0.05,0.00012914003506029595,0.0,0.006816919732467242,0.023274119405555797,0.0
4552,1.0,0.05,0.00012914003506029595,0.0,0.006816919732467242,0.023274119405555797,0.0
4553,1.0,0.05,0.00012914003506029595,0.0,0.006816919732467242,0.02055057296517417,0.0
4554,1.0,0.05,0.00012914003506029595,0.0,0.006816919732467242,0.04068765911408412,0.0
4555,1.0,0.05,0.00012914003506029595,0.0,0.006816919732467242,0.025637095767277084,0.0
4556,1.0,0.05,0.00012900435349729236,0.0,0.006816919732467242,0.042413106621648176,0.0
4557,1.0,0.05,0.00012900435349729236,0.0,0.006816919732467242,0.05129342085025645,0.0
4558,1.0,0.05,0.00012900435349729236,0.0,0.006816919732467242,0.05129342085025645,0.0
4559,1.0,0.05,0.00012900435349729236,0.0,0.006816919732467242,0.05129342085025645,0.0
4560,1.0,0.05,0.00012900435349729236,0.0,0.006816919732467242,0.07915605522442844,0.0
4561,1.0,0.05,0.0001309752081455789,0.0,0.006816919732467242,0.07915605522442844,0.0
4562,1.0,0.05,0.0001309752081455789,0.0,0.006816919732467242,0.07933181797482294,0.0
4563,1.0,0.05,0.0001309752081455789,0.0,0.006816919732467242,0.07933181797482294,0.0
4564,1.0,0.05,0.0001309752081455789,0.0,0.00553467435821695,0.07933181797482294,0.0
4565,1.0,0.05,0.0001309752081455789,0.0,0.006463054377171191,0.07933181797482294,0.0
4566,1.0,0.05,0.0001309752081455789,0.0,0.006463054377171191,0.07933181797482294,0.0
4567,1.0,0.05,0.0001309752081455789,0.0,0.006463054377171191,0.07933181797482294,0.0
4568,1.0,0.05,0.00012786998803968584,0.0,0.006463054377171191,0.07933181797482294,0.0
4569,1.0,0.05,0.00012786998803968584,0.0,0.006463054377171191,0.07933181797482294,0.0
4570,1.0,0.05,0.00012786998803968584,0.0,0.006463054377171191,0.11052050561373093,0.0
4571,1.0,0.05,0.00012786998803968584,0.0,0.006463054377171191,0.11052050561373093,0.0
4572,1.0,0.05,0.00012786998803968584,0.0,0.006463054377171191,0.11052050561373093,0.0
4573,1.0,0.05,0.00012838179719306707,0.0,0.006463054377171191,0.11052050561373093,0.0
4574,1.0,0.05,0.00012838179719306707,0.0,0.006463054377171191,0.11052050561373093,0.0
4575,1.0,0.05,0.00012838179719306707,0.0,0.006463054377171191,0.11052050561373093,0.0
4576,1.0,0.05,0.0001342821785360496,0.0,0.006463054377171191,0.11052050561373093,0.0
4577,1.0,0.05,0.0001342821785360496,0.0,0.006233167054891676,0.11427219236988836,0.0
4578,1.0,0.05,0.0001342821785360496,0.0,0.006233167054891676,0.11427219236988836,0.0
4579,1.0,0.05,0.0001342821785360496,0.0,0.006233167054891676,0.11427219236988836,0.0
4580,1.0,0.05,0.0001342821785360496,0.0,0.006233167054891676,0.11427219236988836,0.0
4581,1.0,0.05,0.0001342821785360496,0.0,0.006233167054891676,0.11427219236988836,0.0
4582,1.0,0.05,0.0001342821785360496,0.0,0.006233167054891676,0.11427219236988836,0.0
4583,1.0,0.05,0.0001342821785360496,0.0,0.006233167054891676,0.11427219236988836,0.0
4584,1.0,0.05,0.0001342821785360496,0.0,0.006233167054891676,0.06244793101792993,0.0
4585,1.0,0.05,0.0001342821785360496,0.0,0.006233167054891676,0.06244793101792993,0.0
4586,1.0,0.05,0.0001342821785360496,0.0,0.006233167054891676,0.06244793101792993,0.0
4587,1.0,0.05,0.0001342821785360496,0.0,0.006233167054891676,0.0736862076697724,0.0
4588,1.0,0.05,0.0001342821785360496,0.0,0.006087343685984292,0.0736862076697724,0.0
4589,1.0,0.05,0.00013067939011328098,0.0,0.006087343685984292,0.0736862076697724,0.0
4590,1.0,0.05,0.00013067939011328098,0.0,0.006172125902369788,0.0736862076697724,0.0
4591,1.0,0.05,0.00013067939011328098,0.0,0.006172125902369788,0.0736862076697724,0.0
4592,1.0,0.05,0.00013067939011328098,0.0,0.007074434300219533,0.09685276183955628,0.0
4593,1.0,0.05,0.00012776282166401332,0.0,0.007074434300219533,0.04505722525499066,0.0
4594,1.0,0.05,0.00012776282166401332,0.0,0.0057534002185002,0.048501868187961684,0.0
4595,1.0,0.05,0.00012776282166401332,0.0,0.0057534002185002,0.048501868187961684,0.0
4596,1.0,0.05,0.00012776282166401332,0.0,0.006299790973126334,0.050635521491434125,0.0
4597,1.0,0.05,0.00012776282166401332,0.0,0.006299790973126334,0.08578517679387224,0.0
4598,1.0,0.05,0.00012776282166401332,0.0,0.006299790973126334,0.08578517679387224,0.0
4599,1.0,0.05,0.00012776282166401332,0.0,0.005531452910822015,0.08578517679387224,0.0
4600,1.0,0.05,0.00012776282166401332,0.0,0.005531452910822015,0.08578517679387224,0.0
4601,1.0,0.05,0.00012983323100344802,0.0,0.005555629875489195,0.08578517679387224,0.0
4602,1.0,0.05,0.00012983323100344802,0.0,0.005555629875489195,0.08578517679387224,0.0
4603,1.0,0.05,0.00012983323100344802,0.0,0.005555629875489195,0.08578517679387224,0.0
4604,1.0,0.05,0.00012983323100344802,0.0,0.006309682951601981,0.08578517679387224,0.0
4605,1.0,0.05,0.00012983323100344802,0.0,0.006309682951601981,0.08578517679387224,0.0
4606,1.0,0.05,0.00012983323100344802,0.0,0.006309682951601981,0.08578517679387224,0.0
4607,1.0,0.05,0.00012983323100344802,0.0,0.006309682951601981,0.08578517679387224,0.0
4608,1.0,0.05,0.00012983323100344802,0.0,0.006309682951601981,0.1325735133198487,0.0
4609,1.0,0.05,0.00012983323100344802,0.0,0.006212012496498443,0.1325735133198487,0.0
4610,1.0,0.05,0.00012983323100344802,0.0,0.006212012496498443,0.1325735133198487,0.0
4611,1.0,0.05,0.00012983323100344802,0.0,0.006827969415980382,0.1325735133198487,0.0
4612,1.0,0.05,0.00012983323100344802,0.0,0.005939385383036063,0.05121039039271868,0.0
4613,1.0,0.05,0.00012983323100344802,0.0,0.005939385383036063,0.05121039039271868,0.0
4614,1.0,0.05,0.00013777102705414285,0.0,0.005939385383036063,0.08203920193299608,0.0
4615,1.0,0.05,0.00013777102705414285,0.0,0.005939385383036063,0.08203920193299608,0.0
4616,1.0,0.05,0.00013777102705414285,0.0,0.005939385383036063,0.08203920193299608,0.0
4617,1.0,0.05,0.00013777102705414285,0.0,0.005939385383036063,0.08203920193299608,0.0
4618,1.0,0.05,0.00013777102705414285,0.0,0.005939385383036063,0.08203920193299608,0.0
4619,1.0,0.05,0.00013777102705414285,0.0,0.005939385383036063,0.07091214055443747,0.0
4620,1.0,0.05,0.00013777102705414285,0.0,0.005939385383036063,0.04816553014663548,0.0
4621,1.0,0.05,0.00013777102705414285,0.0,0.005939385383036063,0.04816553014663548,0.0
4622,1.0,0.05,0.00013777102705414285,0.0,0.005939385383036063,0.028203350894294783,0.0
4623,1.0,0.05,0.00013777102705414285,0.0,0.005939385383036063,0.028203350894294783,0.0
4624,1.0,0.05,0.00013008940192451682,0.0,0.0072020145707778335,0.08279454747556275,0.0
4625,1.0,0.05,0.00013008940192451682,0.0,0.0072020145707778335,0.08279454747556275,0.0
4626,1.0,0.05,0.00013008940192451682,0.0,0.0072020145707778335,0.08279454747556275,0.0
4627,1.0,0.05,0.00013008940192451682,0.0,0.0072020145707778335,0.1186731991623596,0.0
4628,1.0,0.05,0.00013008940192451682,0.0,0.007270985503080856,0.1186731991623596,0.0
4629,1.0,0.05,0.00013008940192451682,0.0,0.00773546505278218,0.09525073232015427,0.0
4630,1.0,0.05,0.00013008940192451682,0.0,0.00773546505278218,0.09525073232015427,0.0
4631,1.0,0.05,0.00013008940192451682,0.0,0.00773546505278218,0.05544552268584377,0.0
4632,1.0,0.05,0.00013008940192451682,0.0,0.00773546505278218,0.07486288044036876,0.0
4633,1.0,0.05,0.00013008940192451682,0.0,0.00773546505278218,0.07486288044036876,0.0
4634,1.0,0.05,0.00013008940192451682,0.0,0.00773546505278218,0.08532958752069555,0.0
4635,1.0,0.05,0.00013008940192451682,0.0,0.00773546505278218,0.08532958752069555,0.0
4636,1.0,0.05,0.00013008940192451682,0.0,0.00773546505278218,0.08532958752069555,0.0
4637,1.0,0.05,0.00012163364119422813,0.0,0.00773546505278218,0.08532958752069555,0.0
4638,1.0,0.05,0.00012163364119422813,0.0,0.00773546505278218,0.08532958752069555,0.0
4639,1.0,0.05,0.00012163364119422813,0.0,0.00773546505278218,0.08532958752069555,0.0
4640,1.0,0.05,0.00012163364119422813,0.0,0.006674119486408996,0.08514303434539408,0.0
4641,1.0,0.05,0.00012163364119422813,0.0,0.007536522963509114,0.09129664623949085,0.0
4642,1.0,0.05,0.00012163364119422813,0.0,0.007536522963509114,0.11536281948176563,0.0
4643,1.0,0.05,0.00012163364119422813,0.0,0.007536522963509114,0.11536281948176563,0.0
4644,1.0,0.05,0.00011649547290675628,0.0,0.007536522963509114,0.11536281948176563,0.0
4645,1.0,0.05,0.00011649547290675628,0.0,0.007536522963509114,0.11536281948176563,0.0
4646,1.0,0.05,0.00011649547290675628,0.0,0.007536522963509114,0.11536281948176563,0.0
4647,1.0,0.05,0.00012867941443744883,0.0,0.007536522963509114,0.11536281948176563,0.0
4648,1.0,0.05,0.00012867941443744883,0.0,0.007536522963509114,0.05924385226804439,0.0
4649,1.0,0.05,0.00012867941443744883,0.0,0.006971309707331829,0.05924385226804439,0.0
4650,1.0,0.05,0.00012867941443744883,0.0,0.006971309707331829,0.05924385226804439,0.0
4651,1.0,0.05,0.00012867941443744883,0.0,0.006971309707331829,0.10396349650769804,0.0
4652,1.0,0.05,0.00012867941443744883,0.0,0.006971309707331829,0.09724575940915064,0.0
4653,1.0,0.05,0.00012867941443744883,0.0,0.006971309707331829,0.06390653946769176,0.0
4654,1.0,0.05,0.00012867941443744883,0.0,0.006971309707331829,0.06390653946769176,0.0
4655,1.0,0.05,0.00012867941443744883,0.0,0.006971309707331829,0.06390653946769176,0.0
4656,1.0,0.05,0.00012867941443744883,0.0,0.006971309707331829,0.0746584566188995,0.0
4657,1.0,0.05,0.00012867941443744883,0.0,0.006971309707331829,0.0746584566188995,0.0
4658,1.0,0.05,0.00012867941443744883,0.0,0.006971309707331829,0.0746584566188995,0.0
4659,1.0,0.05,0.00012867941443744883,0.0,0.006971309707331829,0.09568050546764308,0.0
4660,1.0,0.05,0.00012867941443744883,0.0,0.006971309707331829,0.09568050546764308,0.0
4661,1.0,0.05,0.00012867941443744883,0.0,0.006176895138223686,0.0658576212157106,0.0
4662,1.0,0.05,0.00012867941443744883,0.0,0.006176895138223686,0.051491308628435886,0.0
4663,1.0,0.05,0.00012867941443744883,0.0,0.006176895138223686,0.03966943361988089,0.0
4664,1.0,0.05,0.00012867941443744883,0.0,0.006176895138223686,0.03966943361988089,0.0
4665,1.0,0.05,0.00012867941443744883,0.0,0.006445753541075164,0.08395839611758506,0.0
4666,1.0,0.05,0.00012867941443744883,0.0,0.006445753541075164,0.08395839611758506,0.0
4667,1.0,0.05,0.00012867941443744883,0.0,0.006445753541075164,0.08395839611758506,0.0
4668,1.0,0.05,0.00011998143156730234,0.0,0.006836312069983784,0.06475014581322139,0.0
4669,1.0,0.05,0.00011998143156730234,0.0,0.006836312069983784,0.06475014581322139,0.0
4670,1.0,0.05,0.00011998143156730234,0.0,0.006836312069983784,0.04721155575222806,0.0
4671,1.0,0.05,0.00011998143156730234,0.0,0.006836312069983784,0.1295327423327956,0.0
4672,1.0,0.05,0.00011998143156730234,0.0,0.006836312069983784,0.1295327423327956,0.0
4673,1.0,0.05,0.00011998143156730234,0.0,0.007286359788420401,0.1295327423327956,0.0
4674,1.0,0.05,0.00011998143156730234,0.0,0.007286359788420401,0.1295327423327956,0.0
4675,1.0,0.05,0.00011998143156730234,0.0,0.006990992129314438,0.1295327423327956,0.0
4676,1.0,0.05,0.00011998143156730234,0.0,0.008425955584234387,0.10479000936477109,0.0
4677,1.0,0.05,0.00013088797698202566,0.0,0.006652749778286747,0.10479000936477109,0.0
4678,1.0,0.05,0.0001283167618919985,0.0,0.006652749778286747,0.10479000936477109,0.0
4679,1.0,0.05,0.0001283167618919985,0.0,0.006652749778286747,0.10479000936477109,0.0
4680,1.0,0.05,0.0001283167618919985,0.0,0.006652749778286747,0.10479000936477109,0.0
4681,1.0,0.05,0.0001283167618919985,0.0,0.006077649472289456,0.10479000936477109,0.0
4682,1.0,0.05,0.0001283167618919985,0.0,0.006077649472289456,0.10479000936477109,0.0
4683,1.0,0.05,0.00012586847651918631,0.0,0.006077649472289456,0.10479000936477109,0.0
4684,1.0,0.05,0.00012586847651918631,0.0,0.006126105474118853,0.10479000936477109,0.0
4685,1.0,0.05,0.00012586847651918631,0.0,0.006742751164645329,0.05226167749367547,0.0
4686,1.0,0.05,0.00012586847651918631,0.0,0.006742751164645329,0.05226167749367547,0.0
4687,1.0,0.05,0.00012888385528009067,0.0,0.006273504497453634,0.11208089516862434,0.0
4688,1.0,0.05,0.00012888385528009067,0.0,0.007041541982817926,0.11208089516862434,0.0
4689,1.0,0.05,0.00012888385528009067,0.0,0.007041541982817926,0.11208089516862434,0.0
4690,1.0,0.05,0.00012888385528009067,0.0,0.007041541982817926,0.11208089516862434,0.0
4691,1.0,0.05,0.00012888385528009067,0.0,0.007041541982817926,0.11208089516862434,0.0
4692,1.0,0.05,0.00012888385528009067,0.0,0.0066427010174906,0.11208089516862434,0.0
4693,1.0,0.05,0.00012888385528009067,0.0,0.0066427010174906,0.07026042428586153,0.0
4694,1.0,0.05,0.00012888385528009067,0.0,0.0066427010174906,0.10347626966350242,0.0
4695,1.0,0.05,0.00012888385528009067,0.0,0.0066427010174906,0.10347626966350242,0.0
4696,1.0,0.05,0.00012888385528009067,0.0,0.008369560629441285,0.07838572491342267,0.0
4697,1.0,0.05,0.00012888385528009067,0.0,0.008369560629441285,0.07468122399917937,0.0
4698,1.0,0.05,0.00012888385528009067,0.0,0.00794290472765697,0.05256142756203102,0.0
4699,1.0,0.05,0.00012888385528009067,0.0,0.007816257688213814,0.05256142756203102,0.0
4700,1.0,0.05,0.00012888385528009067,0.0,0.007816257688213814,0.03438820726336344,0.0
4701,1.0,0.05,0.00012888385528009067,0.0,0.007816257688213814,0.03438820726336344,0.0
4702,1.0,0.05,0.00012888385528009067,0.0,0.0067963844572924365,0.03438820726336344,0.0
4703,1.0,0.05,0.00012888385528009067,0.0,0.0067963844572924365,0.033649245385291404,0.0
4704,1.0,0.05,0.00012888385528009067,0.0,0.0067963844572924365,0.023687543841542265,0.0
4705,1.0,0.05,0.00012888385528009067,0.0,0.0067963844572924365,0.023687543841542265,0.0
4706,1.0,0.05,0.00012888385528009067,0.0,0.0058228748742680195,0.01141378016351549,0.0
4707,1.0,0.05,0.00012888385528009067,0.0,0.0058228748742680195,0.008721121901663522,0.0
4708,1.0,0.05,0.00012888385528009067,0.0,0.0058228748742680195,0.040912160072833326,0.0
4709,1.0,0.05,0.00012888385528009067,0.0,0.0058228748742680195,0.10390580317103033,0.0
4710,1.0,0.05,0.00014085789652860378,0.0,0.0058228748742680195,0.06972095130317034,0.0
4711,1.0,0.05,0.00014085789652860378,0.0,0.0058228748742680195,0.09594695417735408,0.0
4712,1.0,0.05,0.00014085789652860378,0.0,0.0058228748742680195,0.09594695417735408,0.0
4713,1.0,0.05,0.00014085789652860378,0.0,0.0058228748742680195,0.05571481108556489,0.0
4714,1.0,0.05,0.00014085789652860378,0.0,0.0058228748742680195,0.0851020099945472,0.0
4715,1.0,0.05,0.00014085789652860378,0.0,0.0058228748742680195,0.0655596728377455,0.0
4716,1.0,0.05,0.00014085789652860378,0.0,0.0058228748742680195,0.0655596728377455,0.0
4717,1.0,0.05,0.00014085789652860378,0.0,0.0058228748742680195,0.0655596728377455,0.0
4718,1.0,0.05,0.00014085789652860378,0.0,0.00622178068261047,0.0655596728377455,0.0
4719,1.0,0.05,0.00014085789652860378,0.0,0.006044558317385531,0.0655596728377455,0.0
4720,1.0,0.05,0.00014085789652860378,0.0,0.006044558317385531,0.0655596728377455,0.0
4721,1.0,0.05,0.00014085789652860378,0.0,0.006044558317385531,0.0655596728377455,0.0
4722,1.0,0.05,0.00014085789652860378,0.0,0.006044558317385531,0.0655596728377455,0.0
4723,1.0,0.05,0.00014085789652860378,0.0,0.006044558317385531,0.0655596728377455,0.0
4724,1.0,0.05,0.00014085789652860378,0.0,0.006044558317385531,0.0655596728377455,0.0
4725,1.0,0.05,0.00014085789652860378,0.0,0.006044558317385531,0.0655596728377455,0.0
4726,1.0,0.05,0.00014085789652860378,0.0,0.006044558317385531,0.0655596728377455,0.0
4727,1.0,0.05,0.0001443026648866519,0.0,0.006044558317385531,0.0655596728377455,0.0
4728,1.0,0.05,0.0001443026648866519,0.0,0.006044558317385531,0.06950247381926013,0.0
4729,1.0,0.05,0.0001443026648866519,0.0,0.006044558317385531,0.061923149195867645,0.0
4730,1.0,0.05,0.0001443026648866519,0.0,0.006044558317385531,0.061923149195867645,0.0
4731,1.0,0.05,0.0001443026648866519,0.0,0.006044558317385531,0.061923149195867645,0.0
4732,1.0,0.05,0.0001443026648866519,0.0,0.005623339119025032,0.061923149195867645,0.0
4733,1.0,0.05,0.0001443026648866519,0.0,0.005623339119025032,0.061923149195867645,0.0
4734,1.0,0.05,0.0001443026648866519,0.0,0.005623339119025032,0.0746772986931838,0.0
4735,1.0,0.05,0.0001443026648866519,0.0,0.005623339119025032,0.05479521355748911,0.0
4736,1.0,0.05,0.0001443026648866519,0.0,0.005623339119025032,0.05479521355748911,0.0
4737,1.0,0.05,0.0001443026648866519,0.0,0.005623339119025032,0.060933130870803945,0.0
4738,1.0,0.05,0.0001443026648866519,0.0,0.005623339119025032,0.027824104365882306,0.0
4739,1.0,0.05,0.0001443026648866519,0.0,0.005560479652385851,0.09551201865620003,0.0
4740,1.0,0.05,0.0001443026648866519,0.0,0.006910486092264958,0.09551201865620003,0.0
4741,1.0,0.05,0.00011952283774111495,0.0,0.006672505518009123,0.09551201865620003,0.0
4742,1.0,0.05,0.00011952283774111495,0.0,0.0075309314128052425,0.09551201865620003,0.0
4743,1.0,0.05,0.00011952283774111495,0.0,0.0075309314128052425,0.09551201865620003,0.0
4744,1.0,0.05,0.00011952283774111495,0.0,0.0075309314128052425,0.06228050363165634,0.0
4745,1.0,0.05,0.00011893717989000097,0.0,0.0075309314128052425,0.07541054945759833,0.0
4746,1.0,0.05,0.00011893717989000097,0.0,0.007989994526955587,0.115959663077723,0.0
4747,1.0,0.05,0.00011893717989000097,0.0,0.007989994526955587,0.115959663077723,0.0
4748,1.0,0.05,0.00011893717989000097,0.0,0.007989994526955587,0.115959663077723,0.0
4749,1.0,0.05,0.00011893717989000097,0.0,0.007989994526955587,0.115959663077723,0.0
4750,1.0,0.05,0.00011893717989000097,0.0,0.008658253755585554,0.16207800711536252,0.0
4751,1.0,0.05,0.00011625144230035465,0.0,0.008658253755585554,0.06831703348585365,0.0
4752,1.0,0.05,0.0001413916558613891,0.0,0.0068304394759343846,0.0668111465796143,0.0
4753,1.0,0.05,0.0001413916558613891,0.0,0.0068304394759343846,0.1057606711541146,0.0
4754,1.0,0.05,0.0001413916558613891,0.0,0.0068304394759343846,0.10737362417516039,0.0
4755,1.0,0.05,0.0001413916558613891,0.0,0.0068304394759343846,0.10737362417516039,0.0
4756,1.0,0.05,0.0001413916558613891,0.0,0.0068304394759343846,0.10737362417516039,0.0
4757,1.0,0.05,0.0001413916558613891,0.0,0.0068304394759343846,0.10737362417516039,0.0
4758,1.0,0.05,0.0001413916558613891,0.0,0.007208742287785734,0.10737362417516039,0.0
4759,1.0,0.05,0.0001413916558613891,0.0,0.006295294211768493,0.10737362417516039,0.0
4760,1.0,0.05,0.0001413916558613891,0.0,0.006295294211768493,0.09230978911060675,0.0
4761,1.0,0.05,0.0001396639546228894,0.0,0.006295294211768493,0.09230978911060675,0.0
4762,1.0,0.05,0.0001396639546228894,0.0,0.006295294211768493,0.09230978911060675,0.0
4763,1.0,0.05,0.0001396639546228894,0.0,0.006295294211768493,0.03118779448071129,0.0
4764,1.0,0.05,0.0001396639546228894,0.0,0.006165490341109303,0.0337411559911693,0.0
4765,1.0,0.05,0.00013496723178968025,0.0,0.006165490341109303,0.01935863218614282,0.0
4766,1.0,0.05,0.00013496723178968025,0.0,0.006165490341109303,0.01935863218614282,0.0
4767,1.0,0.05,0.00013496723178968025,0.0,0.006165490341109303,0.02165060806419272,0.0
4768,1.0,0.05,0.00013496723178968025,0.0,0.006165490341109303,0.059587641192022915,0.0
4769,1.0,0.05,0.00013496723178968025,0.0,0.006165490341109303,0.059587641192022915,0.0
4770,1.0,0.05,0.00013496723178968025,0.0,0.006165490341109303,0.07075482206414503,0.0
4771,1.0,0.05,0.00013496723178968025,0.0,0.006165490341109303,0.07075482206414503,0.0
4772,1.0,0.05,0.00013496723178968025,0.0,0.006165490341109303,0.09016953055299909,0.0
4773,1.0,0.05,0.000127109633143491,0.0,0.006165490341109303,0.051950642937143125,0.0
4774,1.0,0.05,0.00013742744678640873,0.0,0.007241970437448771,0.051950642937143125,0.0
4775,1.0,0.05,0.00013742744678640873,0.0,0.007241970437448771,0.051950642937143125,0.0
4776,1.0,0.05,0.00013742744678640873,0.0,0.005166538119019473,0.10169820729660325,0.0
4777,1.0,0.05,0.00013742744678640873,0.0,0.005166538119019473,0.05556642438146711,0.0
4778,1.0,0.05,0.00013742744678640873,0.0,0.006404965170338942,0.042343775860502544,0.0
4779,1.0,0.05,0.00013742744678640873,0.0,0.006404965170338942,0.030574688732234182,0.0
4780,1.0,0.05,0.00013742744678640873,0.0,0.005775791063385422,0.03442888348990825,0.0
4781,1.0,0.05,0.00013742744678640873,0.0,0.005775791063385422,0.022533035490932878,0.0
4782,1.0,0.05,0.00013742744678640873,0.0,0.005775791063385422,0.022533035490932878,0.0
4783,1.0,0.05,0.00013742744678640873,0.0,0.005775791063385422,0.022533035490932878,0.0
4784,1.0,0.05,0.00013742744678640873,0.0,0.005775791063385422,0.022533035490932878,0.0
4785,1.0,0.05,0.00013742744678640873,0.0,0.005775791063385422,0.022533035490932878,0.0
4786,1.0,0.05,0.00013742744678640873,0.0,0.005775791063385422,0.013448298844362792,0.0
4787,1.0,0.05,0.00013742744678640873,0.0,0.005775791063385422,0.01772676799059504,0.0
4788,1.0,0.05,0.00013742744678640873,0.0,0.005775791063385422,0.01772676799059504,0.0
4789,1.0,0.05,0.00013742744678640873,0.0,0.005775791063385422,0.01772676799059504,0.0
4790,1.0,0.05,0.0001331595554137657,0.0,0.005247305197645925,0.020114869992036724,0.0
4791,1.0,0.05,0.0001331595554137657,0.0,0.005247305197645925,0.046740962301517926,0.0
4792,1.0,0.05,0.0001331595554137657,0.0,0.005247305197645925,0.046740962301517926,0.0
4793,1.0,0.05,0.0001331595554137657,0.0,0.006889972842798789,0.046740962301517926,0.0
4794,1.0,0.05,0.0001331595554137657,0.0,0.006889972842798789,0.06441505845142267,0.0
4795,1.0,0.05,0.0001331595554137657,0.0,0.006889972842798789,0.03502197452682624,0.0
4796,1.0,0.05,0.0001331595554137657,0.0,0.007320471958145147,0.03502197452682624,0.0
4797,1.0,0.05,0.0001331595554137657,0.0,0.007320471958145147,0.03502197452682624,0.0
4798,1.0,0.05,0.00012734760216300242,0.0,0.007320471958145147,0.03502197452682624,0.0
4799,1.0,0.05,0.00012734760216300242,0.0,0.007320471958145147,0.04887876044117299,0.0
4800,1.0,0.05,0.00012734760216300242,0.0,0.0061307044192102445,0.04887876044117299,0.0
4801,1.0,0.05,0.00012734760216300242,0.0,0.0061307044192102445,0.12812021368497864,0.0
4802,1.0,0.05,0.00012734760216300242,0.0,0.0066598726631832555,0.12812021368497864,0.0
4803,1.0,0.05,0.00012734760216300242,0.0,0.0066598726631832555,0.12812021368497864,0.0
4804,1.0,0.05,0.00012734760216300242,0.0,0.006783622818683496,0.0643977850985197,0.0
4805,1.0,0.05,0.00012734760216300242,0.0,0.005798907859110099,0.03526171760464893,0.0
4806,1.0,0.05,0.00012734760216300242,0.0,0.005798907859110099,0.029272764711729436,0.0
4807,1.0,0.05,0.00013963571141990865,0.0,0.005798907859110099,0.039161757034025975,0.0
4808,1.0,0.05,0.00013963571141990865,0.0,0.005798907859110099,0.033312180895826514,0.0
4809,1.0,0.05,0.00013963571141990865,0.0,0.005798907859110099,0.024062749617792638,0.0
4810,1.0,0.05,0.00013963571141990865,0.0,0.005798907859110099,0.030257705877046064,0.0
4811,1.0,0.05,0.00013963571141990865,0.0,0.005798907859110099,0.03326483265872821,0.0
4812,1.0,0.05,0.00013963571141990865,0.0,0.005798907859110099,0.04267120420019921,0.0
4813,1.0,0.05,0.00013963571141990865,0.0,0.005798907859110099,0.055989807134097035,0.0
4814,1.0,0.05,0.00013963571141990865,0.0,0.005798907859110099,0.0678780328576139,0.0
4815,1.0,0.05,0.00013963571141990865,0.0,0.006430664801795947,0.0678780328576139,0.0
4816,1.0,0.05,0.00013963571141990865,0.0,0.006430664801795947,0.09778473977679224,0.0
4817,1.0,0.05,0.00013963571141990865,0.0,0.0052424904247313706,0.09778473977679224,0.0
4818,1.0,0.05,0.00013963571141990865,0.0,0.0052424904247313706,0.04045230986440302,0.0
4819,1.0,0.05,0.00013963571141990865,0.0,0.005496049241064348,0.028922453281021353,0.0
4820,1.0,0.05,0.0001295155080381084,0.0,0.005496049241064348,0.0257275156215424,0.0
4821,1.0,0.05,0.0001295155080381084,0.0,0.005496049241064348,0.029795395685433414,0.0
4822,1.0,0.05,0.0001295155080381084,0.0,0.005496049241064348,0.03974429376742557,0.0
4823,1.0,0.05,0.0001295155080381084,0.0,0.005496049241064348,0.060322849241760276,0.0
4824,1.0,0.05,0.00013832917252880217,0.0,0.005496049241064348,0.10664065264898667,0.0
4825,1.0,0.05,0.00013832917252880217,0.0,0.005496049241064348,0.02713019965889288,0.0
4826,1.0,0.05,0.00013832917252880217,0.0,0.005496049241064348,0.0415159550252575,0.0
4827,1.0,0.05,0.00013832917252880217,0.0,0.005496049241064348,0.04429958311101601,0.0
4828,1.0,0.05,0.00013832917252880217,0.0,0.005496049241064348,0.07704381804136348,0.0
4829,1.0,0.05,0.00013183447559771987,0.0,0.005496049241064348,0.05330172955189661,0.0
4830,1.0,0.05,0.00013183447559771987,0.0,0.005496049241064348,0.05330172955189661,0.0
4831,1.0,0.05,0.00013183447559771987,0.0,0.005496049241064348,0.04512063343154019,0.0
4832,1.0,0.05,0.00013183447559771987,0.0,0.005496049241064348,0.04512063343154019,0.0
4833,1.0,0.05,0.00013183447559771987,0.0,0.005496049241064348,0.07120689678906576,0.0
4834,1.0,0.05,0.00013362444628925432,0.0,0.006007936425255741,0.07120689678906576,0.0
4835,1.0,0.05,0.00013312756849664375,0.0,0.005748507571844377,0.028460289706485568,0.0
4836,1.0,0.05,0.00013312756849664375,0.0,0.005748507571844377,0.028460289706485568,0.0
4837,1.0,0.05,0.00013312756849664375,0.0,0.005748507571844377,0.11002866621036068,0.0
4838,1.0,0.05,0.00013312756849664375,0.0,0.005748507571844377,0.09141096277251905,0.0
4839,1.0,0.05,0.00013312756849664375,0.0,0.005748507571844377,0.09141096277251905,0.0
4840,1.0,0.05,0.00013036624273070333,0.0,0.005748507571844377,0.10214388222071732,0.0
4841,1.0,0.05,0.00013036624273070333,0.0,0.005748507571844377,0.10214388222071732,0.0
4842,1.0,0.05,0.00013520320346869174,0.0,0.00636969255771322,0.10214388222071732,0.0
4843,1.0,0.05,0.0001217219264326038,0.0,0.00636969255771322,0.16113747846461968,0.0
4844,1.0,0.05,0.0001217219264326038,0.0,0.00636969255771322,0.11317802918175723,0.0
4845,1.0,0.05,0.0001217219264326038,0.0,0.006244689452900948,0.11317802918175723,0.0
4846,1.0,0.05,0.0001217219264326038,0.0,0.006244689452900948,0.10922803701166778,0.0
4847,1.0,0.05,0.0001217219264326038,0.0,0.006244689452900948,0.08850971813937425,0.0
4848,1.0,0.05,0.0001217219264326038,0.0,0.005973850328172177,0.08850971813937425,0.0
4849,1.0,0.05,0.0001217219264326038,0.0,0.006242660811813642,0.08850971813937425,0.0
4850,1.0,0.05,0.0001217219264326038,0.0,0.006631045822943089,0.08850971813937425,0.0
4851,1.0,0.05,0.0001217219264326038,0.0,0.006631045822943089,0.08850971813937425,0.0
4852,1.0,0.05,0.00012479051723645728,0.0,0.006631045822943089,0.08850971813937425,0.0
4853,1.0,0.05,0.00012479051723645728,0.0,0.006631045822943089,0.08850971813937425,0.0
4854,1.0,0.05,0.00012479051723645728,0.0,0.006631045822943089,0.08850971813937425,0.0
4855,1.0,0.05,0.00012479051723645728,0.0,0.006631045822943089,0.08850971813937425,0.0
4856,1.0,0.05,0.00012479051723645728,0.0,0.006631045822943089,0.08850971813937425,0.0
4857,1.0,0.05,0.00012479051723645728,0.0,0.006631045822943089,0.08850971813937425,0.0
4858,1.0,0.05,0.00012479051723645728,0.0,0.006631045822943089,0.08850971813937425,0.0
4859,1.0,0.05,0.00012479051723645728,0.0,0.006631045822943089,0.08850971813937425,0.0
4860,1.0,0.05,0.00012479051723645728,0.0,0.009081296133071924,0.08975889900492345,0.0
4861,1.0,0.05,0.00012479051723645728,0.0,0.009081296133071924,0.13819451202226193,0.0
4862,1.0,0.05,0.00012479051723645728,0.0,0.008800282844897377,0.13819451202226193,0.0
4863,1.0,0.05,0.00013125666748523403,0.0,0.006273082327816566,0.13819451202226193,0.0
4864,1.0,0.05,0.00013125666748523403,0.0,0.006273082327816566,0.13819451202226193,0.0
4865,1.0,0.05,0.00013125666748523403,0.0,0.006273082327816566,0.13819451202226193,0.0
4866,1.0,0.05,0.00013125666748523403,0.0,0.006273082327816566,0.05878818017462775,0.0
4867,1.0,0.05,0.00013125666748523403,0.0,0.006273082327816566,0.06396365149416977,0.0
4868,1.0,0.05,0.00013125666748523403,0.0,0.006273082327816566,0.06396365149416977,0.0
4869,1.0,0.05,0.00013125666748523403,0.0,0.007079561730178065,0.02503839872734441,0.0
4870,1.0,0.05,0.00013125666748523403,0.0,0.007079561730178065,0.02503839872734441,0.0
4871,1.0,0.05,0.00013125666748523403,0.0,0.007079561730178065,0.02503839872734441,0.0
4872,1.0,0.05,0.00013125666748523403,0.0,0.007079561730178065,0.0644326328871282,0.0
4873,1.0,0.05,0.00013125666748523403,0.0,0.007079561730178065,0.07877085252035482,0.0
4874,1.0,0.05,0.00013125666748523403,0.0,0.007079561730178065,0.07877085252035482,0.0
4875,1.0,0.05,0.00013562617407380845,0.0,0.0055670112753717855,0.08083807446491266,0.0
4876,1.0,0.05,0.00013315068296422964,0.0,0.0055670112753717855,0.08083807446491266,0.0
4877,1.0,0.05,0.00013315068296422964,0.0,0.0060444059064614876,0.088343546829687,0.0
4878,1.0,0.05,0.00013315068296422964,0.0,0.0060444059064614876,0.088343546829687,0.0
4879,1.0,0.05,0.00013315068296422964,0.0,0.0060444059064614876,0.088343546829687,0.0
4880,1.0,0.05,0.00013315068296422964,0.0,0.0060444059064614876,0.04003840670410873,0.0
4881,1.0,0.05,0.00013315068296422964,0.0,0.0060444059064614876,0.02955693134838872,0.0
4882,1.0,0.05,0.00013315068296422964,0.0,0.0060444059064614876,0.02955693134838872,0.0
4883,1.0,0.05,0.00013315068296422964,0.0,0.006026488232771351,0.02955693134838872,0.0
4884,1.0,0.05,0.00013315068296422964,0.0,0.006026488232771351,0.02955693134838872,0.0
4885,1.0,0.05,0.00013315068296422964,0.0,0.006026488232771351,0.031302636211523724,0.0
4886,1.0,0.05,0.00013315068296422964,0.0,0.006026488232771351,0.09340163288868841,0.0
4887,1.0,0.05,0.00013315068296422964,0.0,0.006026488232771351,0.09340163288868841,0.0
4888,1.0,0.05,0.00013315068296422964,0.0,0.006974718503370433,0.11858770997362796,0.0
4889,1.0,0.05,0.00013315068296422964,0.0,0.006974718503370433,0.11858770997362796,0.0
4890,1.0,0.05,0.00013315068296422964,0.0,0.006530892156940243,0.11858770997362796,0.0
4891,1.0,0.05,0.00013315068296422964,0.0,0.006530892156940243,0.11858770997362796,0.0
4892,1.0,0.05,0.00013315068296422964,0.0,0.006530892156940243,0.11858770997362796,0.0
4893,1.0,0.05,0.00013315068296422964,0.0,0.005914176525855168,0.10155701466724303,0.0
4894,1.0,0.05,0.00013315068296422964,0.0,0.005914176525855168,0.10155701466724303,0.0
4895,1.0,0.05,0.00013315068296422964,0.0,0.005914176525855168,0.10155701466724303,0.0
4896,1.0,0.05,0.00013315068296422964,0.0,0.005914176525855168,0.10155701466724303,0.0
4897,1.0,0.05,0.00013315068296422964,0.0,0.005738919960147621,0.10155701466724303,0.0
4898,1.0,0.05,0.00013315068296422964,0.0,0.005738919960147621,0.10155701466724303,0.0
4899,1.0,0.05,0.00013315068296422964,0.0,0.005730346044990336,0.0524418641139861,0.0
4900,1.0,0.05,0.00013315068296422964,0.0,0.006019833682895831,0.0524418641139861,0.0
4901,1.0,0.05,0.00013315068296422964,0.0,0.006019833682895831,0.0524418641139861,0.0
4902,1.0,0.05,0.00013893729931603035,0.0,0.006019833682895831,0.0524418641139861,0.0
4903,1.0,0.05,0.00013893729931603035,0.0,0.006019833682895831,0.0524418641139861,0.0
4904,1.0,0.05,0.00013893729931603035,0.0,0.006019833682895831,0.0524418641139861,0.0
4905,1.0,0.05,0.00013213951152466375,0.0,0.006019833682895831,0.0524418641139861,0.0
4906,1.0,0.05,0.00013213951152466375,0.0,0.006624354715113383,0.0524418641139861,0.0
4907,1.0,0.05,0.00013213951152466375,0.0,0.0067380067488722745,0.0524418641139861,0.0
4908,1.0,0.05,0.00013213951152466375,0.0,0.0067380067488722745,0.0524418641139861,0.0
4909,1.0,0.05,0.00013213951152466375,0.0,0.005701425184789637,0.1325820011086124,0.0
4910,1.0,0.05,0.00013213951152466375,0.0,0.005701425184789637,0.05078832927295235,0.0
4911,1.0,0.05,0.00013213951152466375,0.0,0.005701425184789637,0.05078832927295235,0.0
4912,1.0,0.05,0.00013213951152466375,0.0,0.005701425184789637,0.05078832927295235,0.0
4913,1.0,0.05,0.00013213951152466375,0.0,0.005701425184789637,0.07572633303451314,0.0
4914,1.0,0.05,0.00013213951152466375,0.0,0.005701425184789637,0.0588865159478625,0.0
4915,1.0,0.05,0.00013213951152466375,0.0,0.005701425184789637,0.0588865159478625,0.0
4916,1.0,0.05,0.00013213951152466375,0.0,0.005701425184789637,0.0588865159478625,0.0
4917,1.0,0.05,0.00013213951152466375,0.0,0.0070011290286146445,0.06738034763660733,0.0
4918,1.0,0.05,0.00013213951152466375,0.0,0.0070011290286146445,0.06359222186120445,0.0
4919,1.0,0.05,0.00013213951152466375,0.0,0.0070011290286146445,0.06359222186120445,0.0
4920,1.0,0.05,0.00013213951152466375,0.0,0.0070011290286146445,0.11557379539866805,0.0
4921,1.0,0.05,0.00013213951152466375,0.0,0.0070011290286146445,0.052358760210683475,0.0
4922,1.0,0.05,0.00013213951152466375,0.0,0.00627925108749267,0.0675826322101406,0.0
4923,1.0,0.05,0.00013213951152466375,0.0,0.00627925108749267,0.0675826322101406,0.0
4924,1.0,0.05,0.00013213951152466375,0.0,0.006221002585706107,0.041149260784440096,0.0
4925,1.0,0.05,0.00013213951152466375,0.0,0.006221002585706107,0.041149260784440096,0.0
4926,1.0,0.05,0.00013213951152466375,0.0,0.006221002585706107,0.041149260784440096,0.0
4927,1.0,0.05,0.00013213951152466375,0.0,0.00679337378883785,0.041149260784440096,0.0
4928,1.0,0.05,0.00013213951152466375,0.0,0.00679337378883785,0.11071071798714556,0.0
4929,1.0,0.05,0.00013213951152466375,0.0,0.00679337378883785,0.06493433201998819,0.0
4930,1.0,0.05,0.00013053962614519588,0.0,0.00679337378883785,0.056700468483482216,0.0
4931,1.0,0.05,0.00013053962614519588,0.0,0.00679337378883785,0.056700468483482216,0.0
4932,1.0,0.05,0.00013053962614519588,0.0,0.00679337378883785,0.059709720296817,0.0
4933,1.0,0.05,0.00013053962614519588,0.0,0.00679337378883785,0.049675305746197246,0.0
4934,1.0,0.05,0.00013053962614519588,0.0,0.006098255797774559,0.049675305746197246,0.0
4935,1.0,0.05,0.0001384160423050575,0.0,0.006098255797774559,0.049675305746197246,0.0
4936,1.0,0.05,0.0001384160423050575,0.0,0.006098255797774559,0.049675305746197246,0.0
4937,1.0,0.05,0.0001384160423050575,0.0,0.006098255797774559,0.03856532018962083,0.0
4938,1.0,0.05,0.0001384160423050575,0.0,0.006098255797774559,0.03856532018962083,0.0
4939,1.0,0.05,0.0001384160423050575,0.0,0.006098255797774559,0.06930265529373596,0.0
4940,1.0,0.05,0.0001384160423050575,0.0,0.005847185285726687,0.08343250295639536,0.0
4941,1.0,0.05,0.0001384160423050575,0.0,0.005732406620841271,0.08343250295639536,0.0
4942,1.0,0.05,0.0001384160423050575,0.0,0.005732406620841271,0.08144791152724759,0.0
4943,1.0,0.05,0.0001384160423050575,0.0,0.005732406620841271,0.05826851365811751,0.0
4944,1.0,0.05,0.0001384160423050575,0.0,0.005732406620841271,0.012592868375993318,0.0
4945,1.0,0.05,0.0001384160423050575,0.0,0.005732406620841271,0.012592868375993318,0.0
4946,1.0,0.05,0.0001384160423050575,0.0,0.005732406620841271,0.017900311524324572,0.0
4947,1.0,0.05,0.0001384160423050575,0.0,0.005732406620841271,0.017900311524324572,0.0
4948,1.0,0.05,0.0001384160423050575,0.0,0.005732406620841271,0.017900311524324572,0.0
4949,1.0,0.05,0.0001384160423050575,0.0,0.005732406620841271,0.02430478328237472,0.0
4950,1.0,0.05,0.0001384160423050575,0.0,0.005574085054625712,0.02430478328237472,0.0
4951,1.0,0.05,0.0001384160423050575,0.0,0.005574085054625712,0.030343501899468057,0.0
4952,1.0,0.05,0.0001384160423050575,0.0,0.005176011327152969,0.030343501899468057,0.0
4953,1.0,0.05,0.0001384160423050575,0.0,0.005176011327152969,0.019927173701792818,0.0
4954,1.0,0.05,0.0001384160423050575,0.0,0.0054681162782459405,0.01978467695220819,0.0
4955,1.0,0.05,0.0001384160423050575,0.0,0.0054681162782459405,0.0800038979232896,0.0
4956,1.0,0.05,0.0001384160423050575,0.0,0.0054681162782459405,0.08771596418901802,0.0
4957,1.0,0.05,0.0001384160423050575,0.0,0.0054681162782459405,0.08069358289566911,0.0
4958,1.0,0.05,0.0001384160423050575,0.0,0.0054681162782459405,0.08069358289566911,0.0
4959,1.0,0.05,0.0001384160423050575,0.0,0.0054681162782459405,0.08046350422761492,0.0
4960,1.0,0.05,0.0001384160423050575,0.0,0.0054681162782459405,0.060270523356655864,0.0
4961,1.0,0.05,0.0001384160423050575,0.0,0.0054681162782459405,0.060270523356655864,0.0
4962,1.0,0.05,0.0001384160423050575,0.0,0.0054681162782459405,0.04626249445820768,0.0
4963,1.0,0.05,0.0001384160423050575,0.0,0.0054681162782459405,0.03358515513032133,0.0
4964,1.0,0.05,0.0001384160423050575,0.0,0.0054681162782459405,0.050611421117566904,0.0
4965,1.0,0.05,0.0001384160423050575,0.0,0.0054681162782459405,0.09367556783788084,0.0
4966,1.0,0.05,0.0001384160423050575,0.0,0.005756947282900627,0.09367556783788084,0.0
4967,1.0,0.05,0.0001384160423050575,0.0,0.005756947282900627,0.09367556783788084,0.0
4968,1.0,0.05,0.0001384160423050575,0.0,0.005756947282900627,0.045900622049460285,0.0
4969,1.0,0.05,0.0001384160423050575,0.0,0.005756947282900627,0.045900622049460285,0.0
4970,1.0,0.05,0.0001384160423050575,0.0,0.005756947282900627,0.045900622049460285,0.0
4971,1.0,0.05,0.0001384160423050575,0.0,0.005756947282900627,0.045900622049460285,0.0
4972,1.0,0.05,0.0001384160423050575,0.0,0.005756947282900627,0.045900622049460285,0.0
4973,1.0,0.05,0.0001384160423050575,0.0,0.005756947282900627,0.02994394427223946,0.0
4974,1.0,0.05,0.000133647563459211,0.0,0.005756947282900627,0.03678853763374611,0.0
4975,1.0,0.05,0.00013083451536759075,0.0,0.005756947282900627,0.10202869765749188,0.0
4976,1.0,0.05,0.00013083451536759075,0.0,0.005756947282900627,0.10202869765749188,0.0
4977,1.0,0.05,0.00013083451536759075,0.0,0.005756947282900627,0.10202869765749188,0.0
4978,1.0,0.05,0.00013083451536759075,0.0,0.005756947282900627,0.10202869765749188,0.0
4979,1.0,0.05,0.00013083451536759075,0.0,0.005756947282900627,0.029369846416948328,0.0
4980,1.0,0.05,0.00013083451536759075,0.0,0.005756947282900627,0.05338528956034752,0.0
4981,1.0,0.05,0.00013083451536759075,0.0,0.005756947282900627,0.05338528956034752,0.0
4982,1.0,0.05,0.00013083451536759075,0.0,0.005756947282900627,0.05338528956034752,0.0
4983,1.0,0.05,0.00013083451536759075,0.0,0.005756947282900627,0.05338528956034752,0.0
4984,1.0,0.05,0.00013203846975002023,0.0,0.005756947282900627,0.09081317750751071,0.0
4985,1.0,0.05,0.00013203846975002023,0.0,0.005756947282900627,0.09081317750751071,0.0
4986,1.0,0.05,0.00013203846975002023,0.0,0.005756947282900627,0.05084411769157121,0.0
4987,1.0,0.05,0.00013203846975002023,0.0,0.005756947282900627,0.07902651372245528,0.0
4988,1.0,0.05,0.00013203846975002023,0.0,0.005756947282900627,0.07902651372245528,0.0
4989,1.0,0.05,0.00013203846975002023,0.0,0.005635115183448194,0.07902651372245528,0.0
4990,1.0,0.05,0.00013568304465382924,0.0,0.005635115183448194,0.07902651372245528,0.0
4991,1.0,0.05,0.00013568304465382924,0.0,0.005635115183448194,0.07902651372245528,0.0
4992,1.0,0.05,0.00013568304465382924,0.0,0.005635115183448194,0.07902651372245528,0.0
4993,1.0,0.05,0.00013391048787494695,0.0,0.005635115183448194,0.07902651372245528,0.0
4994,1.0,0.05,0.00013391048787494695,0.0,0.005635115183448194,0.07902651372245528,0.0
4995,1.0,0.05,0.00013391048787494695,0.0,0.005635115183448194,0.041686741572875205,0.0
4996,1.0,0.05,0.00013391048787494695,0.0,0.005635115183448194,0.05694209195575553,0.0
4997,1.0,0.05,0.00013391048787494695,0.0,0.005635115183448194,0.04402703138062066,0.0
4998,1.0,0.05,0.00013391048787494695,0.0,0.005635115183448194,0.058960529310592785,0.0
4999,1.0,0.05,0.00013391048787494695,0.0,0.005635115183448194,0.058960529310592785,0.0
5000,1.0,0.05,0.00013391048787494695,0.0,0.005635115183448194,0.058960529310592785,0.0
5001,1.0,0.05,0.0001396768863936347,0.0,0.005635115183448194,0.04344922807016871,0.0
5002,1.0,0.05,0.0001396768863936347,0.0,0.005635115183448194,0.05185610410615959,0.0
5003,1.0,0.05,0.0001396768863936347,0.0,0.005635115183448194,0.0324424926158965,0.0
5004,1.0,0.05,0.0001396768863936347,0.0,0.005635115183448194,0.0324424926158965,0.0
5005,1.0,0.05,0.0001396768863936347,0.0,0.005635115183448194,0.02402377972976934,0.0
5006,1.0,0.05,0.0001396768863936347,0.0,0.005635115183448194,0.023621544037497097,0.0
5007,1.0,0.05,0.0001396768863936347,0.0,0.005635115183448194,0.023621544037497097,0.0
5008,1.0,0.05,0.0001396768863936347,0.0,0.005635115183448194,0.03941943094354164,0.0
5009,1.0,0.05,0.0001396768863936347,0.0,0.005635115183448194,0.03941943094354164,0.0
5010,1.0,0.05,0.0001396768863936347,0.0,0.005635115183448194,0.02689551874796163,0.0
5011,1.0,0.05,0.0001396768863936347,0.0,0.005635115183448194,0.04257476440640648,0.0
5012,1.0,0.05,0.0001396768863936347,0.0,0.005635115183448194,0.04257476440640648,0.0
5013,1.0,0.05,0.0001396768863936347,0.0,0.005635115183448194,0.024845994859534856,0.0
5014,1.0,0.05,0.0001396768863936347,0.0,0.005635115183448194,0.024845994859534856,0.0
5015,1.0,0.05,0.0001396768863936347,0.0,0.005635115183448194,0.035090871669668997,0.0
5016,1.0,0.05,0.0001396768863936347,0.0,0.005635115183448194,0.0131733321128963,0.0
5017,1.0,0.05,0.0001396768863936347,0.0,0.005955664590894234,0.0131733321128963,0.0
5018,1.0,0.05,0.0001396768863936347,0.0,0.005955664590894234,0.0131733321128963,0.0
5019,1.0,0.05,0.00014504694047853388,0.0,0.005955664590894234,0.011062352446873484,0.0
5020,1.0,0.05,0.00014504694047853388,0.0,0.005955664590894234,0.00800200958619448,0.0
5021,1.0,0.05,0.00014504694047853388,0.0,0.005955664590894234,0.0028658140020861285,0.0
5022,1.0,0.05,0.00014504694047853388,0.0,0.00621650242783829,0.0022306043521734516,0.0
5023,1.0,0.05,0.00014504694047853388,0.0,0.00621650242783829,0.0009214358865300469,0.0
5024,1.0,0.05,0.00014504694047853388,0.0,0.005952005257851964,0.0009367560869355498,0.0
5025,1.0,0.05,0.00014504694047853388,0.0,0.005822915669692433,0.0009042050715612894,0.0
5026,1.0,0.05,0.00014504694047853388,0.0,0.005822915669692433,0.0009042050715612894,0.0
5027,1.0,0.05,0.00014504694047853388,0.0,0.005822915669692433,0.0011439917533967964,0.0
5028,1.0,0.05,0.00014504694047853388,0.0,0.005908054946546228,0.002357809029595958,0.0
5029,1.0,0.05,0.0001351413832659709,0.0,0.005851685207316345,0.0013907462194414995,0.0
5030,1.0,0.05,0.0001351413832659709,0.0,0.005851685207316345,0.0012982337433857364,0.0
5031,1.0,0.05,0.0001351413832659709,0.0,0.005851685207316345,0.002108695605504078,0.0
5032,1.0,0.05,0.0001351413832659709,0.0,0.005851685207316345,0.0007525129233383466,0.0
5033,1.0,0.05,0.0001351413832659709,0.0,0.005851685207316345,0.0004944818118522359,0.0
5034,1.0,0.05,0.0001351413832659709,0.0,0.005851685207316345,0.0004944818118522359,0.0
5035,1.0,0.05,0.0001351413832659709,0.0,0.005851685207316345,0.0006174069238809505,0.0
5036,1.0,0.05,0.00013907333328791008,0.0,0.005851685207316345,0.0026145602643616204,0.0
5037,1.0,0.05,0.00013907333328791008,0.0,0.005851685207316345,0.0018470166831946523,0.0
5038,1.0,0.05,0.00013907333328791008,0.0,0.005851685207316345,0.0014768999858713453,0.0
5039,1.0,0.05,0.00013907333328791008,0.0,0.005851685207316345,0.0017586507340286073,0.0
5040,1.0,0.05,0.00013907333328791008,0.0,0.005851685207316345,0.00380240557334333,0.0
5041,1.0,0.05,0.00013907333328791008,0.0,0.005851685207316345,0.00645095314815599,0.0
5042,1.0,0.05,0.00013907333328791008,0.0,0.005851685207316345,0.00645095314815599,0.0
5043,1.0,0.05,0.00013907333328791008,0.0,0.005851685207316345,0.0030227001024844685,0.0
5044,1.0,0.05,0.00013907333328791008,0.0,0.005851685207316345,0.005926521064691684,0.0
5045,1.0,0.05,0.00013907333328791008,0.0,0.005851685207316345,0.0200994799093187,0.0
5046,1.0,0.05,0.00013907333328791008,0.0,0.005851685207316345,0.08405686849580357,0.0
5047,1.0,0.05,0.00013907333328791008,0.0,0.005851685207316345,0.08405686849580357,0.0
5048,1.0,0.05,0.00013907333328791008,0.0,0.005851685207316345,0.0719423555481264,0.0
5049,1.0,0.05,0.00013907333328791008,0.0,0.005851685207316345,0.0719423555481264,0.0
5050,1.0,0.05,0.00013907333328791008,0.0,0.005851685207316345,0.0719423555481264,0.0
5051,1.0,0.05,0.00013907333328791008,0.0,0.005851685207316345,0.0719423555481264,0.0
5052,1.0,0.05,0.00013907333328791008,0.0,0.005851685207316345,0.0719423555481264,0.0
5053,1.0,0.05,0.0001445083978611657,0.0,0.005851685207316345,0.0719423555481264,0.0
5054,1.0,0.05,0.0001445083978611657,0.0,0.005851685207316345,0.0719423555481264,0.0
5055,1.0,0.05,0.0001445083978611657,0.0,0.005851685207316345,0.0719423555481264,0.0
5056,1.0,0.05,0.0001445083978611657,0.0,0.00552897196625898,0.07801068562898689,0.0
5057,1.0,0.05,0.0001445083978611657,0.0,0.00552897196625898,0.02823485623413203,0.0
5058,1.0,0.05,0.0001445083978611657,0.0,0.00552897196625898,0.025802506523237602,0.0
5059,1.0,0.05,0.0001445083978611657,0.0,0.00552897196625898,0.01015307195122345,0.0
5060,1.0,0.05,0.0001445083978611657,0.0,0.00552897196625898,0.01015307195122345,0.0
5061,1.0,0.05,0.00013722537144278198,0.0,0.00552897196625898,0.009216340062351292,0.0
5062,1.0,0.05,0.00013722537144278198,0.0,0.00552897196625898,0.08365457857997755,0.0
5063,1.0,0.05,0.00013722537144278198,0.0,0.00552897196625898,0.04543196511728227,0.0
5064,1.0,0.05,0.0001328675451026858,0.0,0.00552897196625898,0.04543196511728227,0.0
5065,1.0,0.05,0.0001328675451026858,0.0,0.005928955526944422,0.04543196511728227,0.0
5066,1.0,0.05,0.0001328675451026858,0.0,0.005928955526944422,0.04543196511728227,0.0
5067,1.0,0.05,0.0001328675451026858,0.0,0.005928955526944422,0.02874795799034543,0.0
5068,1.0,0.05,0.0001328675451026858,0.0,0.005928955526944422,0.02874795799034543,0.0
5069,1.0,0.05,0.0001328675451026858,0.0,0.005928955526944422,0.02874795799034543,0.0
5070,1.0,0.05,0.0001328675451026858,0.0,0.005928955526944422,0.0432058801486345,0.0
5071,1.0,0.05,0.0001328675451026858,0.0,0.005928955526944422,0.0432058801486345,0.0
5072,1.0,0.05,0.0001328675451026858,0.0,0.005928955526944422,0.05559925581391442,0.0
5073,1.0,0.05,0.0001328675451026858,0.0,0.0061899371636128415,0.05559925581391442,0.0
5074,1.0,0.05,0.0001328675451026858,0.0,0.0061899371636128415,0.03736273381699662,0.0
5075,1.0,0.05,0.0001328675451026858,0.0,0.0061899371636128415,0.03736273381699662,0.0
5076,1.0,0.05,0.0001328675451026858,0.0,0.0061899371636128415,0.019314462419900497,0.0
5077,1.0,0.05,0.0001328675451026858,0.0,0.0061899371636128415,0.033654511006062274,0.0
5078,1.0,0.05,0.0001328675451026858,0.0,0.0061899371636128415,0.04228219127369234,0.0
5079,1.0,0.05,0.0001328675451026858,0.0,0.0061899371636128415,0.04228219127369234,0.0
5080,1.0,0.05,0.0001328675451026858,0.0,0.0061899371636128415,0.06980406401770933,0.0
5081,1.0,0.05,0.0001328675451026858,0.0,0.0061899371636128415,0.06980406401770933,0.0
5082,1.0,0.05,0.0001328675451026858,0.0,0.006936749969553575,0.10346451925177286,0.0
5083,1.0,0.05,0.0001328675451026858,0.0,0.006936749969553575,0.10559871797230115,0.0
5084,1.0,0.05,0.0001328675451026858,0.0,0.005782111612497595,0.10559871797230115,0.0
5085,1.0,0.05,0.0001328675451026858,0.0,0.005782111612497595,0.10559871797230115,0.0
5086,1.0,0.05,0.0001328675451026858,0.0,0.005782111612497595,0.10559871797230115,0.0
5087,1.0,0.05,0.0001328675451026858,0.0,0.005782111612497595,0.0582626481500777,0.0
5088,1.0,0.05,0.0001328675451026858,0.0,0.005646736201669485,0.0582626481500777,0.0
5089,1.0,0.05,0.00013367599081416607,0.0,0.005646736201669485,0.04897587082478344,0.0
5090,1.0,0.05,0.00013367599081416607,0.0,0.005646736201669485,0.021800646540405675,0.0
5091,1.0,0.05,0.00013367599081416607,0.0,0.005646736201669485,0.03126460630801853,0.0
5092,1.0,0.05,0.00013367599081416607,0.0,0.0055096497040044495,0.02408062101437989,0.0
5093,1.0,0.05,0.00013367599081416607,0.0,0.0055096497040044495,0.015607170090189918,0.0
5094,1.0,0.05,0.00013367599081416607,0.0,0.005883576882954498,0.015607170090189918,0.0
5095,1.0,0.05,0.00013367599081416607,0.0,0.005883576882954498,0.013812708826560114,0.0
5096,1.0,0.05,0.00013367599081416607,0.0,0.00612755900066988,0.028607488605797805,0.0
5097,1.0,0.05,0.00013367599081416607,0.0,0.00612755900066988,0.028607488605797805,0.0
5098,1.0,0.05,0.00013367599081416607,0.0,0.00573306515629383,0.028607488605797805,0.0
5099,1.0,0.05,0.00013237693785038505,0.0,0.00573306515629383,0.0485193668194281,0.0
5100,1.0,0.05,0.00013237693785038505,0.0,0.00573306515629383,0.0485193668194281,0.0
5101,1.0,0.05,0.00013237693785038505,0.0,0.00573306515629383,0.09136600227963183,0.0
5102,1.0,0.05,0.00013237693785038505,0.0,0.00573306515629383,0.08753585793570329,0.0
5103,1.0,0.05,0.00013237693785038505,0.0,0.00573306515629383,0.08753585793570329,0.0
5104,1.0,0.05,0.00013237693785038505,0.0,0.00573306515629383,0.06485809726628101,0.0
5105,1.0,0.05,0.00013237693785038505,0.0,0.00573306515629383,0.06485809726628101,0.0
5106,1.0,0.05,0.00013237693785038505,0.0,0.00573306515629383,0.03072469569928227,0.0
5107,1.0,0.05,0.00013237693785038505,0.0,0.005784979385884834,0.03072469569928227,0.0
5108,1.0,0.05,0.00013237693785038505,0.0,0.005784979385884834,0.03072469569928227,0.0
5109,1.0,0.05,0.00013237693785038505,0.0,0.006324114935241122,0.032621695530837234,0.0
5110,1.0,0.05,0.00013237693785038505,0.0,0.006324114935241122,0.032621695530837234,0.0
5111,1.0,0.05,0.00013237693785038505,0.0,0.006324114935241122,0.13928797217906463,0.0
5112,1.0,0.05,0.00013237693785038505,0.0,0.006324114935241122,0.13928797217906463,0.0
5113,1.0,0.05,0.00013237693785038505,0.0,0.006324114935241122,0.13928797217906463,0.0
5114,1.0,0.05,0.00013237693785038505,0.0,0.006324114935241122,0.13928797217906463,0.0
5115,1.0,0.05,0.00013237693785038505,0.0,0.006324114935241122,0.13928797217906463,0.0
5116,1.0,0.05,0.00013237693785038505,0.0,0.006324114935241122,0.13928797217906463,0.0
5117,1.0,0.05,0.00013237693785038505,0.0,0.006324114935241122,0.04480739315435131,0.0
5118,1.0,0.05,0.00013237693785038505,0.0,0.005565694320850082,0.04480739315435131,0.0
5119,1.0,0.05,0.00013237693785038505,0.0,0.005565694320850082,0.04480739315435131,0.0
5120,1.0,0.05,0.00013237693785038505,0.0,0.005565694320850082,0.04480739315435131,0.0
5121,1.0,0.05,0.00013237693785038505,0.0,0.005565694320850082,0.04480739315435131,0.0
5122,1.0,0.05,0.00013237693785038505,0.0,0.005565694320850082,0.04480739315435131,0.0
5123,1.0,0.05,0.00013237693785038505,0.0,0.005565694320850082,0.06508344044407262,0.0
5124,1.0,0.05,0.00013237693785038505,0.0,0.0056226999960922765,0.06508344044407262,0.0
5125,1.0,0.05,0.00013237693785038505,0.0,0.0056226999960922765,0.08995055799241057,0.0
5126,1.0,0.05,0.00013237693785038505,0.0,0.0056226999960922765,0.08995055799241057,0.0
5127,1.0,0.05,0.00013237693785038505,0.0,0.0056226999960922765,0.08995055799241057,0.0
5128,1.0,0.05,0.00013237693785038505,0.0,0.0057472116400832845,0.08995055799241057,0.0
5129,1.0,0.05,0.00013237693785038505,0.0,0.0057472116400832845,0.08995055799241057,0.0
5130,1.0,0.05,0.00013237693785038505,0.0,0.0057472116400832845,0.08995055799241057,0.0
5131,1.0,0.05,0.00013237693785038505,0.0,0.0057472116400832845,0.05020077077970323,0.0
5132,1.0,0.05,0.00013237693785038505,0.0,0.0057472116400832845,0.05020077077970323,0.0
5133,1.0,0.05,0.00013237693785038505,0.0,0.006041836422168856,0.04815030250346402,0.0
5134,1.0,0.05,0.00013237693785038505,0.0,0.006395470256994592,0.04815030250346402,0.0
5135,1.0,0.05,0.00013237693785038505,0.0,0.006395470256994592,0.04925496910042151,0.0
5136,1.0,0.05,0.00013237693785038505,0.0,0.0061775025266842054,0.04925496910042151,0.0
5137,1.0,0.05,0.00013237693785038505,0.0,0.0061775025266842054,0.04925496910042151,0.0
5138,1.0,0.05,0.00013237693785038505,0.0,0.0061775025266842054,0.04925496910042151,0.0
5139,1.0,0.05,0.00013237693785038505,0.0,0.0061775025266842054,0.06642214323079053,0.0
5140,1.0,0.05,0.00013237693785038505,0.0,0.0061775025266842054,0.05616048542910103,0.0
5141,1.0,0.05,0.00013237693785038505,0.0,0.006449848900258686,0.05616048542910103,0.0
5142,1.0,0.05,0.00013237693785038505,0.0,0.006449848900258686,0.09165676131533575,0.0
5143,1.0,0.05,0.00013237693785038505,0.0,0.005397183908993043,0.09165676131533575,0.0
5144,1.0,0.05,0.00013237693785038505,0.0,0.005397183908993043,0.07003424416907131,0.0
5145,1.0,0.05,0.00013237693785038505,0.0,0.005397183908993043,0.052136233243625055,0.0
5146,1.0,0.05,0.00013237693785038505,0.0,0.005397183908993043,0.052136233243625055,0.0
5147,1.0,0.05,0.00013237693785038505,0.0,0.005397183908993043,0.052136233243625055,0.0
5148,1.0,0.05,0.00013237693785038505,0.0,0.005397183908993043,0.052136233243625055,0.0
5149,1.0,0.05,0.00013237693785038505,0.0,0.005397183908993043,0.052136233243625055,0.0
5150,1.0,0.05,0.00013237693785038505,0.0,0.00738406726480075,0.10363469185050418,0.0
5151,1.0,0.05,0.00013237693785038505,0.0,0.00738406726480075,0.10363469185050418,0.0
5152,1.0,0.05,0.00013237693785038505,0.0,0.00738406726480075,0.13186172848509012,0.0
5153,1.0,0.05,0.00013237693785038505,0.0,0.00738406726480075,0.04798838017402683,0.0
5154,1.0,0.05,0.00013237693785038505,0.0,0.00738406726480075,0.0794929763761908,0.0
5155,1.0,0.05,0.00013237693785038505,0.0,0.00738406726480075,0.0794929763761908,0.0
5156,1.0,0.05,0.00013237693785038505,0.0,0.00738406726480075,0.0794929763761908,0.0
5157,1.0,0.05,0.00013237693785038505,0.0,0.00738406726480075,0.0934963587080386,0.0
5158,1.0,0.05,0.00013237693785038505,0.0,0.00738406726480075,0.0934963587080386,0.0
5159,1.0,0.05,0.00013237693785038505,0.0,0.00738406726480075,0.09276233118180559,0.0
5160,1.0,0.05,0.00013237693785038505,0.0,0.00738406726480075,0.09276233118180559,0.0
5161,1.0,0.05,0.00013237693785038505,0.0,0.00738406726480075,0.09276233118180559,0.0
5162,1.0,0.05,0.00013237693785038505,0.0,0.006178066715056845,0.09276233118180559,0.0
5163,1.0,0.05,0.00013237693785038505,0.0,0.006178066715056845,0.09276233118180559,0.0
5164,1.0,0.05,0.00013237693785038505,0.0,0.006178066715056845,0.09276233118180559,0.0
5165,1.0,0.05,0.00013237693785038505,0.0,0.006178066715056845,0.09276233118180559,0.0
5166,1.0,0.05,0.00013237693785038505,0.0,0.006178066715056845,0.08806538448034137,0.0
5167,1.0,0.05,0.00013237693785038505,0.0,0.006178066715056845,0.08685627887091307,0.0
5168,1.0,0.05,0.00013237693785038505,0.0,0.0071560665439687685,0.019498553532345517,0.0
5169,1.0,0.05,0.00013237693785038505,0.0,0.0071560665439687685,0.03157348839837804,0.0
5170,1.0,0.05,0.00013237693785038505,0.0,0.005235254972689429,0.030920764586709157,0.0
5171,1.0,0.05,0.00013237693785038505,0.0,0.005235254972689429,0.08276410819233954,0.0
5172,1.0,0.05,0.00013237693785038505,0.0,0.005235254972689429,0.08276410819233954,0.0
5173,1.0,0.05,0.00013237693785038505,0.0,0.005235254972689429,0.08276410819233954,0.0
5174,1.0,0.05,0.00013237693785038505,0.0,0.005235254972689429,0.08276410819233954,0.0
5175,1.0,0.05,0.00013237693785038505,0.0,0.005235254972689429,0.08276410819233954,0.0
5176,1.0,0.05,0.00013237693785038505,0.0,0.005235254972689429,0.06644092065808968,0.0
5177,1.0,0.05,0.00013237693785038505,0.0,0.006399413971152667,0.06249641274408031,0.0
5178,1.0,0.05,0.00013237693785038505,0.0,0.006399413971152667,0.06249641274408031,0.0
5179,1.0,0.05,0.00013237693785038505,0.0,0.006399413971152667,0.0510802149599721,0.0
5180,1.0,0.05,0.00013237693785038505,0.0,0.006399413971152667,0.07346050963957648,0.0
5181,1.0,0.05,0.00013237693785038505,0.0,0.006399413971152667,0.07346050963957648,0.0
5182,1.0,0.05,0.00013237693785038505,0.0,0.006399413971152667,0.1022186560235931,0.0
5183,1.0,0.05,0.00013237693785038505,0.0,0.006399413971152667,0.1022186560235931,0.0
5184,1.0,0.05,0.00013237693785038505,0.0,0.006399413971152667,0.1022186560235931,0.0
5185,1.0,0.05,0.00013237693785038505,0.0,0.006399413971152667,0.1022186560235931,0.0
5186,1.0,0.05,0.00013237693785038505,0.0,0.006399413971152667,0.1022186560235931,0.0
5187,1.0,0.05,0.00013237693785038505,0.0,0.006399413971152667,0.1022186560235931,0.0
5188,1.0,0.05,0.00013237693785038505,0.0,0.006399413971152667,0.1022186560235931,0.0
5189,1.0,0.05,0.00013237693785038505,0.0,0.006195755170759221,0.1022186560235931,0.0
5190,1.0,0.05,0.00013237693785038505,0.0,0.006195755170759221,0.1022186560235931,0.0
5191,1.0,0.05,0.00013237693785038505,0.0,0.006195755170759221,0.1022186560235931,0.0
5192,1.0,0.05,0.00013237693785038505,0.0,0.006195755170759221,0.1022186560235931,0.0
5193,1.0,0.05,0.00013237693785038505,0.0,0.006195755170759221,0.1022186560235931,0.0
5194,1.0,0.05,0.00012926776442994694,0.0,0.006195755170759221,0.1022186560235931,0.0
5195,1.0,0.05,0.0001294960218161875,0.0,0.006195755170759221,0.10453903971237015,0.0
5196,1.0,0.05,0.0001294960218161875,0.0,0.006195755170759221,0.0844413695233018,0.0
5197,1.0,0.05,0.0001294960218161875,0.0,0.006195755170759221,0.06578479064567282,0.0
5198,1.0,0.05,0.0001294960218161875,0.0,0.006195755170759221,0.06031444093244075,0.0
5199,1.0,0.05,0.0001294960218161875,0.0,0.006195755170759221,0.06031444093244075,0.0
5200,1.0,0.05,0.0001294960218161875,0.0,0.006195755170759221,0.06031444093244075,0.0
5201,1.0,0.05,0.0001294960218161875,0.0,0.006195755170759221,0.06960231556683519,0.0
5202,1.0,0.05,0.0001294960218161875,0.0,0.006195755170759221,0.06960231556683519,0.0
5203,1.0,0.05,0.0001294960218161875,0.0,0.006195755170759221,0.06960231556683519,0.0
5204,1.0,0.05,0.00013735628164372849,0.0,0.006195755170759221,0.08183352592969052,0.0
5205,1.0,0.05,0.00013735628164372849,0.0,0.006195755170759221,0.08183352592969052,0.0
5206,1.0,0.05,0.00013735628164372849,0.0,0.006195755170759221,0.0746621516055422,0.0
5207,1.0,0.05,0.00013735628164372849,0.0,0.006195755170759221,0.10869110588288067,0.0
5208,1.0,0.05,0.00013735628164372849,0.0,0.006187935994029066,0.10869110588288067,0.0
5209,1.0,0.05,0.00013735628164372849,0.0,0.006187935994029066,0.043562431770453915,0.0
5210,1.0,0.05,0.00013735628164372849,0.0,0.006187935994029066,0.043562431770453915,0.0
5211,1.0,0.05,0.00013735628164372849,0.0,0.006187935994029066,0.011762105672424344,0.0
5212,1.0,0.05,0.00013735628164372849,0.0,0.006187935994029066,0.011762105672424344,0.0
5213,1.0,0.05,0.00013735628164372849,0.0,0.006187935994029066,0.011231770583806991,0.0
5214,1.0,0.05,0.00013735628164372849,0.0,0.006187935994029066,0.011231770583806991,0.0
5215,1.0,0.05,0.00013735628164372849,0.0,0.006187935994029066,0.011979830629213484,0.0
5216,1.0,0.05,0.00013735628164372849,0.0,0.006187935994029066,0.05015884410191185,0.0
5217,1.0,0.05,0.00013735628164372849,0.0,0.006187935994029066,0.03661372013413765,0.0
5218,1.0,0.05,0.00013735628164372849,0.0,0.006187935994029066,0.0501549651912491,0.0
5219,1.0,0.05,0.00013735628164372849,0.0,0.006187935994029066,0.0501549651912491,0.0
5220,1.0,0.05,0.00013735628164372849,0.0,0.006187935994029066,0.0501549651912491,0.0
5221,1.0,0.05,0.00013735628164372849,0.0,0.005911740207344829,0.0501549651912491,0.0
5222,1.0,0.05,0.00013735628164372849,0.0,0.005911740207344829,0.0501549651912491,0.0
5223,1.0,0.05,0.00013735628164372849,0.0,0.005911740207344829,0.03704848300352452,0.0
5224,1.0,0.05,0.00013735628164372849,0.0,0.005911740207344829,0.03108425994675841,0.0
5225,1.0,0.05,0.0001340610228972597,0.0,0.005911740207344829,0.03108425994675841,0.0
5226,1.0,0.05,0.0001340610228972597,0.0,0.005911740207344829,0.03108425994675841,0.0
5227,1.0,0.05,0.0001340610228972597,0.0,0.005911740207344829,0.06394879781115384,0.0
5228,1.0,0.05,0.0001340610228972597,0.0,0.005911740207344829,0.04396341301089475,0.0
5229,1.0,0.05,0.0001340610228972597,0.0,0.005911740207344829,0.04396341301089475,0.0
5230,1.0,0.05,0.0001340610228972597,0.0,0.005911740207344829,0.04000436945680131,0.0
5231,1.0,0.05,0.0001340610228972597,0.0,0.005911740207344829,0.04000436945680131,0.0
5232,1.0,0.05,0.0001340610228972597,0.0,0.005911740207344829,0.07456032989739962,0.0
5233,1.0,0.05,0.0001340610228972597,0.0,0.005911740207344829,0.013252408688013122,0.0
5234,1.0,0.05,0.0001340610228972597,0.0,0.005911740207344829,0.008709242881550214,0.0
5235,1.0,0.05,0.0001340610228972597,0.0,0.005911740207344829,0.009392383211105944,0.0
5236,1.0,0.05,0.0001329343501972835,0.0,0.005911740207344829,0.009392383211105944,0.0
5237,1.0,0.05,0.0001329343501972835,0.0,0.005911740207344829,0.011058551974497228,0.0
5238,1.0,0.05,0.0001329343501972835,0.0,0.005911740207344829,0.03536486871929667,0.0
5239,1.0,0.05,0.0001329343501972835,0.0,0.005911740207344829,0.04474068683768975,0.0
5240,1.0,0.05,0.0001352385420886044,0.0,0.005911740207344829,0.04474068683768975,0.0
5241,1.0,0.05,0.0001352385420886044,0.0,0.005911740207344829,0.04474068683768975,0.0
5242,1.0,0.05,0.0001352385420886044,0.0,0.005911740207344829,0.04474068683768975,0.0
5243,1.0,0.05,0.0001352385420886044,0.0,0.005911740207344829,0.04474068683768975,0.0
5244,1.0,0.05,0.0001352385420886044,0.0,0.005911740207344829,0.04474068683768975,0.0
5245,1.0,0.05,0.0001352385420886044,0.0,0.005911740207344829,0.04474068683768975,0.0
5246,1.0,0.05,0.0001352385420886044,0.0,0.005911740207344829,0.03991141428444993,0.0
5247,1.0,0.05,0.0001352385420886044,0.0,0.005911740207344829,0.08930408739202507,0.0
5248,1.0,0.05,0.0001352385420886044,0.0,0.005911740207344829,0.03665672056626168,0.0
5249,1.0,0.05,0.0001352385420886044,0.0,0.005911740207344829,0.03665672056626168,0.0
5250,1.0,0.05,0.0001352385420886044,0.0,0.005911740207344829,0.053736270397740885,0.0
5251,1.0,0.05,0.0001352385420886044,0.0,0.005911740207344829,0.053736270397740885,0.0
5252,1.0,0.05,0.00013997314228593143,0.0,0.005911740207344829,0.053736270397740885,0.0
5253,1.0,0.05,0.00013997314228593143,0.0,0.005911740207344829,0.0489856441594876,0.0
5254,1.0,0.05,0.00013997314228593143,0.0,0.005911740207344829,0.0489856441594876,0.0
5255,1.0,0.05,0.00013997314228593143,0.0,0.005911740207344829,0.04387736358781251,0.0
5256,1.0,0.05,0.00013997314228593143,0.0,0.005911740207344829,0.049178709205134535,0.0
5257,1.0,0.05,0.00013997314228593143,0.0,0.005911740207344829,0.03472480167349488,0.0
5258,1.0,0.05,0.00013997314228593143,0.0,0.005911740207344829,0.03472480167349488,0.0
5259,1.0,0.05,0.00013917069596914108,0.0,0.005911740207344829,0.03472480167349488,0.0
5260,1.0,0.05,0.00013917069596914108,0.0,0.005911740207344829,0.04810770254570142,0.0
5261,1.0,0.05,0.00013917069596914108,0.0,0.005911740207344829,0.042729326374544914,0.0
5262,1.0,0.05,0.00013917069596914108,0.0,0.0055863546546220475,0.036590443828773744,0.0
5263,1.0,0.05,0.00013917069596914108,0.0,0.006036052087305157,0.036590443828773744,0.0
5264,1.0,0.05,0.00013917069596914108,0.0,0.006036052087305157,0.036590443828773744,0.0
5265,1.0,0.05,0.00013917069596914108,0.0,0.006036052087305157,0.01637346274156463,0.0
5266,1.0,0.05,0.00013917069596914108,0.0,0.006036052087305157,0.01637346274156463,0.0
5267,1.0,0.05,0.00013917069596914108,0.0,0.006036052087305157,0.01637346274156463,0.0
5268,1.0,0.05,0.00013087552993797937,0.0,0.006036052087305157,0.01637346274156463,0.0
5269,1.0,0.05,0.00013087552993797937,0.0,0.006036052087305157,0.03398516386273379,0.0
5270,1.0,0.05,0.00013087552993797937,0.0,0.006036052087305157,0.03398516386273379,0.0
5271,1.0,0.05,0.00013087552993797937,0.0,0.006036052087305157,0.041953995669155975,0.0
5272,1.0,0.05,0.00013087552993797937,0.0,0.006036052087305157,0.041953995669155975,0.0
5273,1.0,0.05,0.00013087552993797937,0.0,0.006036052087305157,0.041953995669155975,0.0
5274,1.0,0.05,0.00013087552993797937,0.0,0.006036052087305157,0.03596377830699083,0.0
5275,1.0,0.05,0.00013087552993797937,0.0,0.00537085435726827,0.06391127524912299,0.0
5276,1.0,0.05,0.00013087552993797937,0.0,0.00537085435726827,0.06391127524912299,0.0
5277,1.0,0.05,0.00013087552993797937,0.0,0.00537085435726827,0.06391127524912299,0.0
5278,1.0,0.05,0.00013087552993797937,0.0,0.005429962970790112,0.06391127524912299,0.0
5279,1.0,0.05,0.00013087552993797937,0.0,0.005711940026460755,0.06391127524912299,0.0
5280,1.0,0.05,0.00013087552993797937,0.0,0.005711940026460755,0.06391127524912299,0.0
5281,1.0,0.05,0.00013087552993797937,0.0,0.005711940026460755,0.05264239168733603,0.0
5282,1.0,0.05,0.00013087552993797937,0.0,0.005711940026460755,0.05264239168733603,0.0
5283,1.0,0.05,0.00013087552993797937,0.0,0.005711940026460755,0.05264239168733603,0.0
5284,1.0,0.05,0.00013087552993797937,0.0,0.005711940026460755,0.05264239168733603,0.0
5285,1.0,0.05,0.00013087552993797937,0.0,0.005711940026460755,0.05264239168733603,0.0
5286,1.0,0.05,0.00013087552993797937,0.0,0.005711940026460755,0.05264239168733603,0.0
5287,1.0,0.05,0.00013978555330361827,0.0,0.005711940026460755,0.05264239168733603,0.0
5288,1.0,0.05,0.00013978555330361827,0.0,0.006792760214329857,0.05264239168733603,0.0
5289,1.0,0.05,0.00013978555330361827,0.0,0.0067123053951245945,0.05402580674166724,0.0
5290,1.0,0.05,0.00013978555330361827,0.0,0.0055579085810185365,0.06568767229172986,0.0
5291,1.0,0.05,0.00013978555330361827,0.0,0.005829678358122692,0.052881285293505276,0.0
5292,1.0,0.05,0.00013978555330361827,0.0,0.005829678358122692,0.052881285293505276,0.0
5293,1.0,0.05,0.00013978555330361827,0.0,0.005829678358122692,0.06728531645056232,0.0
5294,1.0,0.05,0.00013978555330361827,0.0,0.005829678358122692,0.06728531645056232,0.0
5295,1.0,0.05,0.00013978555330361827,0.0,0.005941649880201207,0.06728531645056232,0.0
5296,1.0,0.05,0.00013978555330361827,0.0,0.005941649880201207,0.06728531645056232,0.0
5297,1.0,0.05,0.00013978555330361827,0.0,0.005941649880201207,0.06728531645056232,0.0
5298,1.0,0.05,0.00013897051748328713,0.0,0.005941649880201207,0.06728531645056232,0.0
5299,1.0,0.05,0.00013897051748328713,0.0,0.005941649880201207,0.027401230925431577,0.0
5300,1.0,0.05,0.00013897051748328713,0.0,0.005941649880201207,0.026936087616357615,0.0
5301,1.0,0.05,0.00013897051748328713,0.0,0.005941649880201207,0.026936087616357615,0.0
5302,1.0,0.05,0.00013746196471412105,0.0,0.005941649880201207,0.05372155708046375,0.0
5303,1.0,0.05,0.00013746196471412105,0.0,0.005824652168524666,0.05372155708046375,0.0
5304,1.0,0.05,0.00013746196471412105,0.0,0.005824652168524666,0.04926235504730759,0.0
5305,1.0,0.05,0.00013746196471412105,0.0,0.005824652168524666,0.04926235504730759,0.0
5306,1.0,0.05,0.00013835033290796652,0.0,0.005824652168524666,0.04926235504730759,0.0
5307,1.0,0.05,0.00013835033290796652,0.0,0.005824652168524666,0.04926235504730759,0.0
5308,1.0,0.05,0.00013835033290796652,0.0,0.005824652168524666,0.04926235504730759,0.0
5309,1.0,0.05,0.00013835033290796652,0.0,0.005824652168524666,0.04926235504730759,0.0
5310,1.0,0.05,0.00013835033290796652,0.0,0.005824652168524666,0.04926235504730759,0.0
5311,1.0,0.05,0.00013835033290796652,0.0,0.005824652168524666,0.042456957091254396,0.0
5312,1.0,0.05,0.00013835033290796652,0.0,0.005824652168524666,0.045781321726066485,0.0
5313,1.0,0.05,0.00013835033290796652,0.0,0.005824652168524666,0.045781321726066485,0.0
5314,1.0,0.05,0.00013835033290796652,0.0,0.005824652168524666,0.045781321726066485,0.0
5315,1.0,0.05,0.00013835033290796652,0.0,0.005824652168524666,0.11348193446866225,0.0
5316,1.0,0.05,0.00013835033290796652,0.0,0.005824652168524666,0.11348193446866225,0.0
5317,1.0,0.05,0.0001207242040700895,0.0,0.005824652168524666,0.12171140327078193,0.0
5318,1.0,0.05,0.00012746472536958215,0.0,0.005824652168524666,0.12171140327078193,0.0
5319,1.0,0.05,0.00012746472536958215,0.0,0.005824652168524666,0.13690646910667548,0.0
5320,1.0,0.05,0.00012746472536958215,0.0,0.005824652168524666,0.13690646910667548,0.0
5321,1.0,0.05,0.00012746472536958215,0.0,0.005977685498857124,0.13690646910667548,0.0
5322,1.0,0.05,0.00012746472536958215,0.0,0.006407656354361706,0.13690646910667548,0.0
5323,1.0,0.05,0.00012746472536958215,0.0,0.006407656354361706,0.13690646910667548,0.0
5324,1.0,0.05,0.00012746472536958215,0.0,0.006407656354361706,0.06269893848350068,0.0
5325,1.0,0.05,0.00012746472536958215,0.0,0.006407656354361706,0.09603302046167335,0.0
5326,1.0,0.05,0.00012746472536958215,0.0,0.006627957664409974,0.03605982504601939,0.0
5327,1.0,0.05,0.00012746472536958215,0.0,0.006627957664409974,0.03605982504601939,0.0
5328,1.0,0.05,0.00012746472536958215,0.0,0.006627957664409974,0.03605982504601939,0.0
5329,1.0,0.05,0.00012746472536958215,0.0,0.006627957664409974,0.03605982504601939,0.0
5330,1.0,0.05,0.00012746472536958215,0.0,0.006627957664409974,0.1143091795702262,0.0
5331,1.0,0.05,0.00013215078417301313,0.0,0.006627957664409974,0.1143091795702262,0.0
5332,1.0,0.05,0.00013215078417301313,0.0,0.006627957664409974,0.1143091795702262,0.0
5333,1.0,0.05,0.00013215078417301313,0.0,0.006627957664409974,0.1143091795702262,0.0
5334,1.0,0.05,0.00013215078417301313,0.0,0.006627957664409974,0.11165767677976544,0.0
5335,1.0,0.05,0.00013215078417301313,0.0,0.006627957664409974,0.11165767677976544,0.0
5336,1.0,0.05,0.00013215078417301313,0.0,0.006627957664409974,0.11165767677976544,0.0
5337,1.0,0.05,0.00013215078417301313,0.0,0.006627957664409974,0.11165767677976544,0.0
5338,1.0,0.05,0.00013215078417301313,0.0,0.006627957664409974,0.11165767677976544,0.0
5339,1.0,0.05,0.00013215078417301313,0.0,0.006627957664409974,0.11165767677976544,0.0
5340,1.0,0.05,0.00013215078417301313,0.0,0.006627957664409974,0.11165767677976544,0.0
5341,1.0,0.05,0.00013215078417301313,0.0,0.006627957664409974,0.11165767677976544,0.0
5342,1.0,0.05,0.00013215078417301313,0.0,0.006627957664409974,0.11165767677976544,0.0
5343,1.0,0.05,0.00013215078417301313,0.0,0.006627957664409974,0.11165767677976544,0.0
5344,1.0,0.05,0.00013215078417301313,0.0,0.005673564398741854,0.11165767677976544,0.0
5345,1.0,0.05,0.00013215078417301313,0.0,0.005673564398741854,0.11165767677976544,0.0
5346,1.0,0.05,0.00013137622615131469,0.0,0.006506032230292889,0.11165767677976544,0.0
5347,1.0,0.05,0.00013137622615131469,0.0,0.006506032230292889,0.11165767677976544,0.0
5348,1.0,0.05,0.00013443254372648712,0.0,0.007842740984820113,0.029331855780312083,0.0
5349,1.0,0.05,0.00013443254372648712,0.0,0.007842740984820113,0.029331855780312083,0.0
5350,1.0,0.05,0.00013443254372648712,0.0,0.005957510365996849,0.038447620200386605,0.0
5351,1.0,0.05,0.00013122780809915092,0.0,0.005957510365996849,0.038447620200386605,0.0
5352,1.0,0.05,0.00013122780809915092,0.0,0.005957510365996849,0.12496060505260398,0.0
5353,1.0,0.05,0.00013136330512243557,0.0,0.005957510365996849,0.08237582550254313,0.0
5354,1.0,0.05,0.00013136330512243557,0.0,0.005957510365996849,0.05810424554673969,0.0
5355,1.0,0.05,0.00013136330512243557,0.0,0.005957510365996849,0.07304827517815292,0.0
5356,1.0,0.05,0.00013136330512243557,0.0,0.005794793757039814,0.07304827517815292,0.0
5357,1.0,0.05,0.00013147499891856619,0.0,0.005794793757039814,0.04733483881585261,0.0
5358,1.0,0.05,0.0001380621780479983,0.0,0.005794793757039814,0.06329872666383249,0.0
5359,1.0,0.05,0.0001380621780479983,0.0,0.005929652275316594,0.06329872666383249,0.0
5360,1.0,0.05,0.0001380621780479983,0.0,0.005929652275316594,0.06329872666383249,0.0
5361,1.0,0.05,0.0001380621780479983,0.0,0.005929652275316594,0.06212703150951067,0.0
5362,1.0,0.05,0.0001380621780479983,0.0,0.005929652275316594,0.07372664702484626,0.0
5363,1.0,0.05,0.0001380621780479983,0.0,0.005929652275316594,0.06886976533965866,0.0
5364,1.0,0.05,0.0001380621780479983,0.0,0.005929652275316594,0.06886976533965866,0.0
5365,1.0,0.05,0.0001380621780479983,0.0,0.005929652275316594,0.06886976533965866,0.0
5366,1.0,0.05,0.00012772834193366296,0.0,0.005929652275316594,0.06068793871232825,0.0
5367,1.0,0.05,0.00012772834193366296,0.0,0.005587851846816969,0.06068793871232825,0.0
5368,1.0,0.05,0.00012772834193366296,0.0,0.006257262080470602,0.06068793871232825,0.0
5369,1.0,0.05,0.00012772834193366296,0.0,0.006338957114846425,0.06068793871232825,0.0
5370,1.0,0.05,0.00012772834193366296,0.0,0.005559076399359414,0.06068793871232825,0.0
5371,1.0,0.05,0.0001319866303399301,0.0,0.005559076399359414,0.06068793871232825,0.0
5372,1.0,0.05,0.0001319866303399301,0.0,0.005995360072548747,0.06068793871232825,0.0
5373,1.0,0.05,0.0001319866303399301,0.0,0.005884717823697008,0.03584520688667158,0.0
5374,1.0,0.05,0.0001319866303399301,0.0,0.005884717823697008,0.03584520688667158,0.0
5375,1.0,0.05,0.0001319866303399301,0.0,0.005884717823697008,0.04613487060550738,0.0
5376,1.0,0.05,0.0001319866303399301,0.0,0.005884717823697008,0.04613487060550738,0.0
5377,1.0,0.05,0.0001319866303399301,0.0,0.005884717823697008,0.11281250017532037,0.0
5378,1.0,0.05,0.0001319866303399301,0.0,0.005884717823697008,0.11281250017532037,0.0
5379,1.0,0.05,0.00013082724448247422,0.0,0.005884717823697008,0.11281250017532037,0.0
5380,1.0,0.05,0.00013905392597054849,0.0,0.005884717823697008,0.03447474510173007,0.0
5381,1.0,0.05,0.00013380179588916573,0.0,0.005884717823697008,0.03447474510173007,0.0
5382,1.0,0.05,0.00013380179588916573,0.0,0.005884717823697008,0.03447474510173007,0.0
5383,1.0,0.05,0.00013380179588916573,0.0,0.005884717823697008,0.03447474510173007,0.0
5384,1.0,0.05,0.00013380179588916573,0.0,0.005884717823697008,0.03447474510173007,0.0
5385,1.0,0.05,0.00013380179588916573,0.0,0.005884717823697008,0.0312818099869895,0.0
5386,1.0,0.05,0.00013380179588916573,0.0,0.005884717823697008,0.06559999391096878,0.0
5387,1.0,0.05,0.00013380179588916573,0.0,0.005884717823697008,0.06559999391096878,0.0
5388,1.0,0.05,0.00013380179588916573,0.0,0.005884717823697008,0.06559999391096878,0.0
5389,1.0,0.05,0.00013380179588916573,0.0,0.005884717823697008,0.07279086056395764,0.0
5390,1.0,0.05,0.00013380179588916573,0.0,0.005884717823697008,0.07279086056395764,0.0
5391,1.0,0.05,0.00013380179588916573,0.0,0.005884717823697008,0.07884119532838199,0.0
5392,1.0,0.05,0.00013380179588916573,0.0,0.005884717823697008,0.05552254520866959,0.0
5393,1.0,0.05,0.00013380179588916573,0.0,0.005884717823697008,0.06772554893628381,0.0
5394,1.0,0.05,0.00013380179588916573,0.0,0.005884717823697008,0.06772554893628381,0.0
5395,1.0,0.05,0.00013380179588916573,0.0,0.005884717823697008,0.03384589746661667,0.0
5396,1.0,0.05,0.00013380179588916573,0.0,0.005884717823697008,0.03384589746661667,0.0
5397,1.0,0.05,0.00013380179588916573,0.0,0.005884717823697008,0.03384589746661667,0.0
5398,1.0,0.05,0.00013380179588916573,0.0,0.005884717823697008,0.04895345768009971,0.0
5399,1.0,0.05,0.00013380179588916573,0.0,0.005884717823697008,0.04895345768009971,0.0
5400,1.0,0.05,0.00013380179588916573,0.0,0.005884717823697008,0.027856465354525153,0.0
5401,1.0,0.05,0.00013380179588916573,0.0,0.005884717823697008,0.027856465354525153,0.0
5402,1.0,0.05,0.0001334482216432834,0.0,0.00577290054748097,0.027856465354525153,0.0
5403,1.0,0.05,0.0001334482216432834,0.0,0.00577290054748097,0.06299554091798462,0.0
5404,1.0,0.05,0.0001334482216432834,0.0,0.00577290054748097,0.06299554091798462,0.0
5405,1.0,0.05,0.0001334482216432834,0.0,0.00577290054748097,0.02086277469648366,0.0
5406,1.0,0.05,0.0001334482216432834,0.0,0.00577290054748097,0.02086277469648366,0.0
5407,1.0,0.05,0.0001334482216432834,0.0,0.00577290054748097,0.06472351563977423,0.0
5408,1.0,0.05,0.0001334482216432834,0.0,0.006169963851057606,0.06472351563977423,0.0
5409,1.0,0.05,0.0001334482216432834,0.0,0.006169963851057606,0.06472351563977423,0.0
5410,1.0,0.05,0.0001334482216432834,0.0,0.006169963851057606,0.07758233237309375,0.0
5411,1.0,0.05,0.0001334482216432834,0.0,0.006169963851057606,0.07758233237309375,0.0
5412,1.0,0.05,0.0001334482216432834,0.0,0.006169963851057606,0.07758233237309375,0.0
5413,1.0,0.05,0.0001334482216432834,0.0,0.006169963851057606,0.09069235888263452,0.0
5414,1.0,0.05,0.0001334482216432834,0.0,0.006169963851057606,0.04243087970314343,0.0
5415,1.0,0.05,0.0001334482216432834,0.0,0.0063843926632929406,0.07192111361878975,0.0
5416,1.0,0.05,0.0001334482216432834,0.0,0.0063843926632929406,0.07192111361878975,0.0
5417,1.0,0.05,0.0001334482216432834,0.0,0.0063843926632929406,0.10290160301332077,0.0
5418,1.0,0.05,0.0001334482216432834,0.0,0.0063843926632929406,0.10290160301332077,0.0
5419,1.0,0.05,0.0001334482216432834,0.0,0.0063843926632929406,0.14402413334298547,0.0
5420,1.0,0.05,0.0001334482216432834,0.0,0.0063843926632929406,0.034251692244437006,0.0
5421,1.0,0.05,0.0001334482216432834,0.0,0.0063843926632929406,0.040517253090292395,0.0
5422,1.0,0.05,0.0001334482216432834,0.0,0.0063843926632929406,0.053663341849140976,0.0
5423,1.0,0.05,0.0001334482216432834,0.0,0.006616816179049442,0.053663341849140976,0.0
5424,1.0,0.05,0.00012798615887953235,0.0,0.006616816179049442,0.05824084699923733,0.0
5425,1.0,0.05,0.00012984955046122418,0.0,0.006616816179049442,0.05824084699923733,0.0
5426,1.0,0.05,0.00011880580767553637,0.0,0.006616816179049442,0.05824084699923733,0.0
5427,1.0,0.05,0.00011880580767553637,0.0,0.006616816179049442,0.05824084699923733,0.0
5428,1.0,0.05,0.00013400153186608312,0.0,0.006616816179049442,0.05824084699923733,0.0
5429,1.0,0.05,0.00013400153186608312,0.0,0.006616816179049442,0.05824084699923733,0.0
5430,1.0,0.05,0.00013400153186608312,0.0,0.006616816179049442,0.05824084699923733,0.0
5431,1.0,0.05,0.00013400153186608312,0.0,0.006616816179049442,0.05824084699923733,0.0
5432,1.0,0.05,0.00013400153186608312,0.0,0.006433382842543692,0.02896114872181555,0.0
5433,1.0,0.05,0.00013400153186608312,0.0,0.006433382842543692,0.05838738457210385,0.0
5434,1.0,0.05,0.00013400153186608312,0.0,0.006174171352794909,0.062422808657462414,0.0
5435,1.0,0.05,0.00013400153186608312,0.0,0.006174171352794909,0.062422808657462414,0.0
5436,1.0,0.05,0.00013400153186608312,0.0,0.006174171352794909,0.08906222265763598,0.0
5437,1.0,0.05,0.00013400153186608312,0.0,0.006174171352794909,0.03595549308926558,0.0
5438,1.0,0.05,0.00013400153186608312,0.0,0.006174171352794909,0.03595549308926558,0.0
5439,1.0,0.05,0.00013400153186608312,0.0,0.006174171352794909,0.04004731650916524,0.0
5440,1.0,0.05,0.00013400153186608312,0.0,0.006174171352794909,0.07266668682590034,0.0
5441,1.0,0.05,0.00013400153186608312,0.0,0.006790765125001858,0.07266668682590034,0.0
5442,1.0,0.05,0.00013400153186608312,0.0,0.006790765125001858,0.06122644687633645,0.0
5443,1.0,0.05,0.00013400153186608312,0.0,0.006790765125001858,0.07527331283283219,0.0
5444,1.0,0.05,0.00013400153186608312,0.0,0.007007940199652757,0.07527331283283219,0.0
5445,1.0,0.05,0.00013400153186608312,0.0,0.007007940199652757,0.04597142486848212,0.0
5446,1.0,0.05,0.00013400153186608312,0.0,0.006793484296324475,0.04597142486848212,0.0
5447,1.0,0.05,0.00013400153186608312,0.0,0.005807220254833649,0.04597142486848212,0.0
5448,1.0,0.05,0.00013400153186608312,0.0,0.005807220254833649,0.04597142486848212,0.0
5449,1.0,0.05,0.00013400153186608312,0.0,0.006197878766997027,0.04597142486848212,0.0
5450,1.0,0.05,0.00013400153186608312,0.0,0.006197878766997027,0.04597142486848212,0.0
5451,1.0,0.05,0.00013400153186608312,0.0,0.005968709405001216,0.04597142486848212,0.0
5452,1.0,0.05,0.00013400153186608312,0.0,0.005968709405001216,0.04597142486848212,0.0
5453,1.0,0.05,0.00013400153186608312,0.0,0.005968709405001216,0.04597142486848212,0.0
5454,1.0,0.05,0.00013400153186608312,0.0,0.005968709405001216,0.084410949813784,0.0
5455,1.0,0.05,0.00013400153186608312,0.0,0.005968709405001216,0.084410949813784,0.0
5456,1.0,0.05,0.00013400153186608312,0.0,0.00611592837904576,0.0688903516272584,0.0
5457,1.0,0.05,0.00013534901484742916,0.0,0.00611592837904576,0.0688903516272584,0.0
5458,1.0,0.05,0.00013534901484742916,0.0,0.00611592837904576,0.0688903516272584,0.0
5459,1.0,0.05,0.00013534901484742916,0.0,0.00611592837904576,0.08411027246949077,0.0
5460,1.0,0.05,0.0001306589840820924,0.0,0.00611592837904576,0.08411027246949077,0.0
5461,1.0,0.05,0.0001306589840820924,0.0,0.00611592837904576,0.08868061116280895,0.0
5462,1.0,0.05,0.0001306589840820924,0.0,0.00611592837904576,0.08868061116280895,0.0
5463,1.0,0.05,0.0001306589840820924,0.0,0.00611592837904576,0.08868061116280895,0.0
5464,1.0,0.05,0.0001306589840820924,0.0,0.00611592837904576,0.07970806692951263,0.0
5465,1.0,0.05,0.0001306589840820924,0.0,0.005245758696093814,0.07970806692951263,0.0
5466,1.0,0.05,0.0001306589840820924,0.0,0.0052039514516933035,0.07970806692951263,0.0
5467,1.0,0.05,0.0001306589840820924,0.0,0.0052039514516933035,0.07970806692951263,0.0
5468,1.0,0.05,0.0001306589840820924,0.0,0.0052039514516933035,0.07970806692951263,0.0
5469,1.0,0.05,0.0001306589840820924,0.0,0.008558801567214919,0.07970806692951263,0.0
5470,1.0,0.05,0.0001306589840820924,0.0,0.008558801567214919,0.07970806692951263,0.0
5471,1.0,0.05,0.0001306589840820924,0.0,0.007931698469598167,0.07970806692951263,0.0
5472,1.0,0.05,0.0001306589840820924,0.0,0.007440031171009733,0.07970806692951263,0.0
5473,1.0,0.05,0.0001306589840820924,0.0,0.006504583539916951,0.07970806692951263,0.0
5474,1.0,0.05,0.0001306589840820924,0.0,0.006504583539916951,0.07970806692951263,0.0
5475,1.0,0.05,0.0001306589840820924,0.0,0.006504583539916951,0.07970806692951263,0.0
5476,1.0,0.05,0.0001306589840820924,0.0,0.006504583539916951,0.07970806692951263,0.0
5477,1.0,0.05,0.0001306589840820924,0.0,0.006504583539916951,0.062451791308882725,0.0
5478,1.0,0.05,0.0001306589840820924,0.0,0.006504583539916951,0.062451791308882725,0.0
5479,1.0,0.05,0.0001357043184169218,0.0,0.006504583539916951,0.062451791308882725,0.0
5480,1.0,0.05,0.0001357043184169218,0.0,0.006504583539916951,0.062451791308882725,0.0
5481,1.0,0.05,0.0001370966902950013,0.0,0.006504583539916951,0.062451791308882725,0.0
5482,1.0,0.05,0.0001370966902950013,0.0,0.006504583539916951,0.08447699469027956,0.0
5483,1.0,0.05,0.0001370966902950013,0.0,0.006504583539916951,0.08447699469027956,0.0
5484,1.0,0.05,0.0001370966902950013,0.0,0.006504583539916951,0.055016220679180675,0.0
5485,1.0,0.05,0.0001370966902950013,0.0,0.006504583539916951,0.055016220679180675,0.0
5486,1.0,0.05,0.0001370966902950013,0.0,0.006504583539916951,0.07282663635341952,0.0
5487,1.0,0.05,0.0001370966902950013,0.0,0.006504583539916951,0.10831461118725176,0.0
5488,1.0,0.05,0.0001325607201542055,0.0,0.006504583539916951,0.09472619260217288,0.0
5489,1.0,0.05,0.0001325607201542055,0.0,0.006504583539916951,0.09472619260217288,0.0
5490,1.0,0.05,0.0001325607201542055,0.0,0.006504583539916951,0.09472619260217288,0.0
5491,1.0,0.05,0.0001325607201542055,0.0,0.006504583539916951,0.09472619260217288,0.0
5492,1.0,0.05,0.0001325607201542055,0.0,0.006504583539916951,0.09472619260217288,0.0
5493,1.0,0.05,0.0001325607201542055,0.0,0.006504583539916951,0.09472619260217288,0.0
5494,1.0,0.05,0.0001325607201542055,0.0,0.006504583539916951,0.09472619260217288,0.0
5495,1.0,0.05,0.0001325607201542055,0.0,0.006504583539916951,0.09472619260217288,0.0
5496,1.0,0.05,0.0001325607201542055,0.0,0.006504583539916951,0.09472619260217288,0.0
5497,1.0,0.05,0.0001325607201542055,0.0,0.006504583539916951,0.09472619260217288,0.0
5498,1.0,0.05,0.0001325607201542055,0.0,0.006504583539916951,0.07114308545030473,0.0
5499,1.0,0.05,0.0001325607201542055,0.0,0.006017207629887858,0.08597924450150939,0.0
5500,1.0,0.05,0.0001325607201542055,0.0,0.006017207629887858,0.08597924450150939,0.0
5501,1.0,0.05,0.0001325607201542055,0.0,0.006017207629887858,0.08597924450150939,0.0
5502,1.0,0.05,0.00014543542443705833,0.0,0.006017207629887858,0.08597924450150939,0.0
5503,1.0,0.05,0.00014543542443705833,0.0,0.006017207629887858,0.08597924450150939,0.0
5504,1.0,0.05,0.00014543542443705833,0.0,0.006017207629887858,0.05378023147813507,0.0
5505,1.0,0.05,0.00014543542443705833,0.0,0.006017207629887858,0.05378023147813507,0.0
5506,1.0,0.05,0.00014543542443705833,0.0,0.006017207629887858,0.050395469038918936,0.0
5507,1.0,0.05,0.00014543542443705833,0.0,0.006017207629887858,0.041339144917117404,0.0
5508,1.0,0.05,0.00014543542443705833,0.0,0.006017207629887858,0.036474367394342525,0.0
5509,1.0,0.05,0.00013084789251338453,0.0,0.006017207629887858,0.031664541411720856,0.0
5510,1.0,0.05,0.00013084789251338453,0.0,0.006017207629887858,0.031664541411720856,0.0
5511,1.0,0.05,0.00013084789251338453,0.0,0.006017207629887858,0.04806703460555604,0.0
5512,1.0,0.05,0.00013327680957319008,0.0,0.006017207629887858,0.04806703460555604,0.0
5513,1.0,0.05,0.00013327680957319008,0.0,0.006017207629887858,0.04806703460555604,0.0
5514,1.0,0.05,0.00013327680957319008,0.0,0.006017207629887858,0.09332057554639754,0.0
5515,1.0,0.05,0.00013327680957319008,0.0,0.005956806253137787,0.09332057554639754,0.0
5516,1.0,0.05,0.00013327680957319008,0.0,0.005956806253137787,0.053788494222385234,0.0
5517,1.0,0.05,0.00013327680957319008,0.0,0.005956806253137787,0.053788494222385234,0.0
5518,1.0,0.05,0.00013327680957319008,0.0,0.005956806253137787,0.07546563938111849,0.0
5519,1.0,0.05,0.00013327680957319008,0.0,0.005956806253137787,0.07546563938111849,0.0
5520,1.0,0.05,0.00014033997675676343,0.0,0.006069758294169187,0.07546563938111849,0.0
5521,1.0,0.05,0.00014033997675676343,0.0,0.006069758294169187,0.06381200812899811,0.0
5522,1.0,0.05,0.00014033997675676343,0.0,0.00623215468600476,0.06381200812899811,0.0
5523,1.0,0.05,0.00014033997675676343,0.0,0.00623215468600476,0.027242034110049763,0.0
5524,1.0,0.05,0.00014033997675676343,0.0,0.00623215468600476,0.027242034110049763,0.0
5525,1.0,0.05,0.00014033997675676343,0.0,0.005782197778337465,0.027242034110049763,0.0
5526,1.0,0.05,0.00014033997675676343,0.0,0.005986940626096693,0.027242034110049763,0.0
5527,1.0,0.05,0.00014033997675676343,0.0,0.005986940626096693,0.027242034110049763,0.0
5528,1.0,0.05,0.00014033997675676343,0.0,0.005986940626096693,0.027242034110049763,0.0
5529,1.0,0.05,0.00014033997675676343,0.0,0.005296891786035983,0.020442033515922428,0.0
5530,1.0,0.05,0.00014033997675676343,0.0,0.005153107227019206,0.020442033515922428,0.0
5531,1.0,0.05,0.00014033997675676343,0.0,0.006458896172450553,0.041208880091492886,0.0
5532,1.0,0.05,0.00014033997675676343,0.0,0.006458896172450553,0.03963763150448471,0.0
5533,1.0,0.05,0.00014033997675676343,0.0,0.006458896172450553,0.03963763150448471,0.0
5534,1.0,0.05,0.00013568018475930505,0.0,0.006458896172450553,0.03963763150448471,0.0
5535,1.0,0.05,0.0001262182006633712,0.0,0.006458896172450553,0.06004338636684801,0.0
5536,1.0,0.05,0.0001262182006633712,0.0,0.006458896172450553,0.10507626353414878,0.0
5537,1.0,0.05,0.0001262182006633712,0.0,0.006458896172450553,0.10507626353414878,0.0
5538,1.0,0.05,0.0001262182006633712,0.0,0.007334779195120844,0.10234307812620827,0.0
5539,1.0,0.05,0.0001262182006633712,0.0,0.007334779195120844,0.12133698083702465,0.0
5540,1.0,0.05,0.0001262182006633712,0.0,0.007137231027845559,0.12133698083702465,0.0
5541,1.0,0.05,0.0001262182006633712,0.0,0.007137231027845559,0.06997145351758906,0.0
5542,1.0,0.05,0.0001262182006633712,0.0,0.007137231027845559,0.0584986511599174,0.0
5543,1.0,0.05,0.0001262182006633712,0.0,0.007137231027845559,0.06385462409540273,0.0
5544,1.0,0.05,0.00012769963088559254,0.0,0.007137231027845559,0.06829486833435583,0.0
5545,1.0,0.05,0.00012769963088559254,0.0,0.007137231027845559,0.05590384916112691,0.0
5546,1.0,0.05,0.00012446808896839323,0.0,0.007137231027845559,0.07058963312585932,0.0
5547,1.0,0.05,0.00012446808896839323,0.0,0.007137231027845559,0.07058963312585932,0.0
5548,1.0,0.05,0.00012446808896839323,0.0,0.007137231027845559,0.08094035036284744,0.0
5549,1.0,0.05,0.00012446808896839323,0.0,0.007137231027845559,0.11502000225938856,0.0
5550,1.0,0.05,0.00012446808896839323,0.0,0.007137231027845559,0.11502000225938856,0.0
5551,1.0,0.05,0.00012446808896839323,0.0,0.007137231027845559,0.11502000225938856,0.0
5552,1.0,0.05,0.00012446808896839323,0.0,0.007137231027845559,0.11502000225938856,0.0
5553,1.0,0.05,0.00012446808896839323,0.0,0.007137231027845559,0.12159983292759033,0.0
5554,1.0,0.05,0.00012446808896839323,0.0,0.007137231027845559,0.06668467993662966,0.0
5555,1.0,0.05,0.00012446808896839323,0.0,0.00615491498399529,0.06668467993662966,0.0
5556,1.0,0.05,0.000147004781494007,0.0,0.00615491498399529,0.06668467993662966,0.0
5557,1.0,0.05,0.00013964622713505116,0.0,0.00615491498399529,0.07371386622646994,0.0
5558,1.0,0.05,0.00013964622713505116,0.0,0.00615491498399529,0.06474794409634514,0.0
5559,1.0,0.05,0.00013525866465274793,0.0,0.00615491498399529,0.06474794409634514,0.0
5560,1.0,0.05,0.00013074754075439586,0.0,0.0061919602825276756,0.06474794409634514,0.0
5561,1.0,0.05,0.00013074754075439586,0.0,0.005600329041570178,0.06474794409634514,0.0
5562,1.0,0.05,0.00013074754075439586,0.0,0.005600329041570178,0.06474794409634514,0.0
5563,1.0,0.05,0.00013074754075439586,0.0,0.006209493278644327,0.06474794409634514,0.0
5564,1.0,0.05,0.00013074754075439586,0.0,0.006209493278644327,0.12915231688679352,0.0
5565,1.0,0.05,0.00013074754075439586,0.0,0.0063461075853663285,0.06778275060397561,0.0
5566,1.0,0.05,0.00013074754075439586,0.0,0.0063461075853663285,0.06778275060397561,0.0
5567,1.0,0.05,0.00013074754075439586,0.0,0.0063461075853663285,0.09513466305028662,0.0
5568,1.0,0.05,0.00013074754075439586,0.0,0.0063461075853663285,0.09513466305028662,0.0
5569,1.0,0.05,0.00013074754075439586,0.0,0.006051295717887552,0.07777561382651632,0.0
5570,1.0,0.05,0.00013074754075439586,0.0,0.006051295717887552,0.07777561382651632,0.0
5571,1.0,0.05,0.00013074754075439586,0.0,0.006051295717887552,0.07751140968206743,0.0
5572,1.0,0.05,0.00013195712397511065,0.0,0.006051295717887552,0.07751140968206743,0.0
5573,1.0,0.05,0.00013195712397511065,0.0,0.006051295717887552,0.06139061791321572,0.0
5574,1.0,0.05,0.00013195712397511065,0.0,0.006051295717887552,0.06139061791321572,0.0
5575,1.0,0.05,0.00013195712397511065,0.0,0.006535436362666229,0.06139061791321572,0.0
5576,1.0,0.05,0.00013195712397511065,0.0,0.006535436362666229,0.07697836521489158,0.0
5577,1.0,0.05,0.00013195712397511065,0.0,0.006535436362666229,0.11278656765384378,0.0
5578,1.0,0.05,0.00013195712397511065,0.0,0.006535436362666229,0.11278656765384378,0.0
5579,1.0,0.05,0.00013195712397511065,0.0,0.006535436362666229,0.09234155508172959,0.0
5580,1.0,0.05,0.00013195712397511065,0.0,0.006358092555751569,0.09371474899548642,0.0
5581,1.0,0.05,0.00013195712397511065,0.0,0.006358092555751569,0.09371474899548642,0.0
5582,1.0,0.05,0.00013195712397511065,0.0,0.006358092555751569,0.09371474899548642,0.0
5583,1.0,0.05,0.00013195712397511065,0.0,0.006358092555751569,0.0773700536107178,0.0
5584,1.0,0.05,0.00013195712397511065,0.0,0.007364000015102508,0.09191603897526654,0.0
5585,1.0,0.05,0.00013195712397511065,0.0,0.007364000015102508,0.09191603897526654,0.0
5586,1.0,0.05,0.00013195712397511065,0.0,0.007364000015102508,0.09191603897526654,0.0
5587,1.0,0.05,0.00013195712397511065,0.0,0.007364000015102508,0.09191603897526654,0.0
5588,1.0,0.05,0.00013195712397511065,0.0,0.005944752325001557,0.09191603897526654,0.0
5589,1.0,0.05,0.00013195712397511065,0.0,0.005944752325001557,0.09191603897526654,0.0
5590,1.0,0.05,0.00013195712397511065,0.0,0.005944752325001557,0.010934912722931118,0.0
5591,1.0,0.05,0.00013195712397511065,0.0,0.005944752325001557,0.0032392693476163163,0.0
5592,1.0,0.05,0.00013195712397511065,0.0,0.005944752325001557,0.009360157705330165,0.0
5593,1.0,0.05,0.00013195712397511065,0.0,0.005944752325001557,0.0035756951369771478,0.0
5594,1.0,0.05,0.00013195712397511065,0.0,0.005944752325001557,0.005394128823345671,0.0
5595,1.0,0.05,0.00013195712397511065,0.0,0.005944752325001557,0.007866272757493104,0.0
5596,1.0,0.05,0.00013195712397511065,0.0,0.005944752325001557,0.014099414508962974,0.0
5597,1.0,0.05,0.00013195712397511065,0.0,0.005944752325001557,0.014099414508962974,0.0
5598,1.0,0.05,0.00013195712397511065,0.0,0.005944752325001557,0.03613904517708082,0.0
5599,1.0,0.05,0.00013195712397511065,0.0,0.005944752325001557,0.04629681730466629,0.0
5600,1.0,0.05,0.00013195712397511065,0.0,0.005944752325001557,0.0639348469427861,0.0
5601,1.0,0.05,0.00013195712397511065,0.0,0.005944752325001557,0.06773847581614625,0.0
5602,1.0,0.05,0.00013195712397511065,0.0,0.006864538190414248,0.06773847581614625,0.0
5603,1.0,0.05,0.00013195712397511065,0.0,0.007926263265634798,0.055547525517421585,0.0
5604,1.0,0.05,0.00013195712397511065,0.0,0.007010985400991902,0.006876002521808658,0.0
5605,1.0,0.05,0.00012792223147885338,0.0,0.007010985400991902,0.00814546071747215,0.0
5606,1.0,0.05,0.00012792223147885338,0.0,0.008216719197350456,0.005064989323127779,0.0
5607,1.0,0.05,0.00012792223147885338,0.0,0.0077871838018553465,0.0032729744524066513,0.0
5608,1.0,0.05,0.00012792223147885338,0.0,0.006094550452680937,0.0032729744524066513,0.0
5609,1.0,0.05,0.00012792223147885338,0.0,0.006094550452680937,0.01609688053255574,0.0
5610,1.0,0.05,0.00012792223147885338,0.0,0.009058695446285278,0.005108695991303997,0.0
5611,1.0,0.05,0.00012792223147885338,0.0,0.009058695446285278,0.001547934992459152,0.0
5612,1.0,0.05,0.00012792223147885338,0.0,0.009058695446285278,0.004290185989749492,0.0
5613,1.0,0.05,0.00012767490035463724,0.0,0.005686502437990904,0.009586221340480077,0.0
5614,1.0,0.05,0.00012767490035463724,0.0,0.005686502437990904,0.011616669256011486,0.0
5615,1.0,0.05,0.00012767490035463724,0.0,0.005686502437990904,0.014738642330112694,0.0
5616,1.0,0.05,0.00012767490035463724,0.0,0.005686502437990904,0.006273879491239062,0.0
5617,1.0,0.05,0.00012767490035463724,0.0,0.005686502437990904,0.003274457826086116,0.0
5618,1.0,0.05,0.00012462633918262456,0.0,0.007273805484431084,0.0014628542522068832,0.0
5619,1.0,0.05,0.00012507232310633484,0.0,0.007273805484431084,0.0026901025991015706,0.0
5620,1.0,0.05,0.00013520471491118994,0.0,0.007273805484431084,0.024027325467513412,0.0
5621,1.0,0.05,0.00013478105979252393,0.0,0.007273805484431084,0.03560041708196979,0.0
5622,1.0,0.05,0.00013609963458976595,0.0,0.007273805484431084,0.03560041708196979,0.0
5623,1.0,0.05,0.00012622849198423537,0.0,0.007273805484431084,0.03560041708196979,0.0
5624,1.0,0.05,0.00012622849198423537,0.0,0.007273805484431084,0.03560041708196979,0.0
5625,1.0,0.05,0.00012622849198423537,0.0,0.007273805484431084,0.07452425282302291,0.0
5626,1.0,0.05,0.00012622849198423537,0.0,0.007273805484431084,0.07405957519036925,0.0
5627,1.0,0.05,0.00012622849198423537,0.0,0.007339143317030834,0.0635557614657006,0.0
5628,1.0,0.05,0.00013650078556067455,0.0,0.007339143317030834,0.0629455759649277,0.0
5629,1.0,0.05,0.0001346561398323366,0.0,0.006490159696678551,0.054204894335615976,0.0
5630,1.0,0.05,0.0001346561398323366,0.0,0.006490159696678551,0.054204894335615976,0.0
5631,1.0,0.05,0.0001346561398323366,0.0,0.006490159696678551,0.054204894335615976,0.0
5632,1.0,0.05,0.0001346561398323366,0.0,0.006490159696678551,0.05633934428267328,0.0
5633,1.0,0.05,0.00013642773783219476,0.0,0.006490159696678551,0.08912343247770865,0.0
5634,1.0,0.05,0.00013642773783219476,0.0,0.006490159696678551,0.08912343247770865,0.0
5635,1.0,0.05,0.00013642773783219476,0.0,0.006490159696678551,0.08912343247770865,0.0
5636,1.0,0.05,0.00013642773783219476,0.0,0.00639615413166643,0.08912343247770865,0.0
5637,1.0,0.05,0.00013642773783219476,0.0,0.00639615413166643,0.08912343247770865,0.0
5638,1.0,0.05,0.00013642773783219476,0.0,0.006438030943524229,0.08912343247770865,0.0
5639,1.0,0.05,0.00012907228393329383,0.0,0.006438030943524229,0.08912343247770865,0.0
5640,1.0,0.05,0.00012907228393329383,0.0,0.006438030943524229,0.08912343247770865,0.0
5641,1.0,0.05,0.00012907228393329383,0.0,0.006438030943524229,0.08912343247770865,0.0
5642,1.0,0.05,0.00012907228393329383,0.0,0.006438030943524229,0.08912343247770865,0.0
5643,1.0,0.05,0.00012907228393329383,0.0,0.005708129091740804,0.08912343247770865,0.0
5644,1.0,0.05,0.00012907228393329383,0.0,0.00595202992904768,0.08912343247770865,0.0
5645,1.0,0.05,0.00012907228393329383,0.0,0.008085053762999679,0.10839709651332474,0.0
5646,1.0,0.05,0.00012907228393329383,0.0,0.007164761756802846,0.08503828325637158,0.0
5647,1.0,0.05,0.00012907228393329383,0.0,0.007164761756802846,0.08503828325637158,0.0
5648,1.0,0.05,0.00012206448497375168,0.0,0.007164761756802846,0.08503828325637158,0.0
5649,1.0,0.05,0.00012206448497375168,0.0,0.007164761756802846,0.08503828325637158,0.0
5650,1.0,0.05,0.0001328026361147901,0.0,0.007164761756802846,0.08416693542421437,0.0
5651,1.0,0.05,0.0001328026361147901,0.0,0.007164761756802846,0.08416693542421437,0.0
5652,1.0,0.05,0.0001328026361147901,0.0,0.007164761756802846,0.08416693542421437,0.0
5653,1.0,0.05,0.0001328026361147901,0.0,0.007164761756802846,0.08416693542421437,0.0
5654,1.0,0.05,0.0001328026361147901,0.0,0.007525967031808653,0.08416693542421437,0.0
5655,1.0,0.05,0.00012635393836462843,0.0,0.007525967031808653,0.06564720916137788,0.0
5656,1.0,0.05,0.00012635393836462843,0.0,0.007120289470401143,0.10245195596681242,0.0
5657,1.0,0.05,0.00012635393836462843,0.0,0.007120289470401143,0.09389668476380353,0.0
5658,1.0,0.05,0.00012352003122066606,0.0,0.007120289470401143,0.0767061829089146,0.0
5659,1.0,0.05,0.00012352003122066606,0.0,0.007120289470401143,0.0767061829089146,0.0
5660,1.0,0.05,0.00012352003122066606,0.0,0.007120289470401143,0.0767061829089146,0.0
5661,1.0,0.05,0.00012352003122066606,0.0,0.007120289470401143,0.0767061829089146,0.0
5662,1.0,0.05,0.00012352003122066606,0.0,0.006389776454954354,0.0767061829089146,0.0
5663,1.0,0.05,0.00012352003122066606,0.0,0.0062204416273882275,0.0767061829089146,0.0
5664,1.0,0.05,0.00012352003122066606,0.0,0.007633324595576223,0.0767061829089146,0.0
5665,1.0,0.05,0.00012352003122066606,0.0,0.007633324595576223,0.11445224094980437,0.0
5666,1.0,0.05,0.00012352003122066606,0.0,0.007633324595576223,0.11015167489352586,0.0
5667,1.0,0.05,0.00012352003122066606,0.0,0.007633324595576223,0.11015167489352586,0.0
5668,1.0,0.05,0.00012352003122066606,0.0,0.007633324595576223,0.11015167489352586,0.0
5669,1.0,0.05,0.00012352003122066606,0.0,0.007994458938453509,0.11815453276729251,0.0
5670,1.0,0.05,0.00012352003122066606,0.0,0.007994458938453509,0.11815453276729251,0.0
5671,1.0,0.05,0.00012352003122066606,0.0,0.007994458938453509,0.10524779772583896,0.0
5672,1.0,0.05,0.00012352003122066606,0.0,0.007994458938453509,0.09223211224794554,0.0
5673,1.0,0.05,0.00012352003122066606,0.0,0.007994458938453509,0.09223211224794554,0.0
5674,1.0,0.05,0.0001248689567888069,0.0,0.007994458938453509,0.09223211224794554,0.0
5675,1.0,0.05,0.0001248689567888069,0.0,0.007994458938453509,0.09223211224794554,0.0
5676,1.0,0.05,0.0001248689567888069,0.0,0.007994458938453509,0.09223211224794554,0.0
5677,1.0,0.05,0.0001248689567888069,0.0,0.008101143963223388,0.044000948666315556,0.0
5678,1.0,0.05,0.0001248689567888069,0.0,0.008101143963223388,0.044000948666315556,0.0
5679,1.0,0.05,0.0001248689567888069,0.0,0.008101143963223388,0.1796668110763926,0.0
5680,1.0,0.05,0.00012252038857656325,0.0,0.008101143963223388,0.17124432610104212,0.0
5681,1.0,0.05,0.00012252038857656325,0.0,0.008101143963223388,0.07155285411387169,0.0
5682,1.0,0.05,0.00012252038857656325,0.0,0.008101143963223388,0.07155285411387169,0.0
5683,1.0,0.05,0.00012252038857656325,0.0,0.008101143963223388,0.09887343046207062,0.0
5684,1.0,0.05,0.00012252038857656325,0.0,0.008101143963223388,0.04652510282798976,0.0
5685,1.0,0.05,0.00012252038857656325,0.0,0.008101143963223388,0.01495291053077898,0.0
5686,1.0,0.05,0.00012252038857656325,0.0,0.008101143963223388,0.01495291053077898,0.0
5687,1.0,0.05,0.00012252038857656325,0.0,0.008101143963223388,0.01495291053077898,0.0
5688,1.0,0.05,0.00012252038857656325,0.0,0.008101143963223388,0.012165293813096176,0.0
5689,1.0,0.05,0.00012252038857656325,0.0,0.008101143963223388,0.03396386918826633,0.0
5690,1.0,0.05,0.00012252038857656325,0.0,0.00848261336058458,0.03756714386415803,0.0
5691,1.0,0.05,0.00012252038857656325,0.0,0.00848261336058458,0.039419994799313705,0.0
5692,1.0,0.05,0.00012252038857656325,0.0,0.007850518764464036,0.039419994799313705,0.0
5693,1.0,0.05,0.00012252038857656325,0.0,0.00768502523560274,0.06022473354858369,0.0
5694,1.0,0.05,0.00011582754206909563,0.0,0.008582297057313783,0.10804492323892465,0.0
5695,1.0,0.05,0.00011582754206909563,0.0,0.008582297057313783,0.05015121022977742,0.0
5696,1.0,0.05,0.00011582754206909563,0.0,0.008180170122585689,0.011691500233862182,0.0
5697,1.0,0.05,0.00011582754206909563,0.0,0.007497629427617823,0.012479348097840175,0.0
5698,1.0,0.05,0.00011582754206909563,0.0,0.007497629427617823,0.02283690050193627,0.0
5699,1.0,0.05,0.00011582754206909563,0.0,0.007299736764031465,0.018960538197696514,0.0
5700,1.0,0.05,0.00014107911524890472,0.0,0.007299736764031465,0.015662586179825536,0.0
5701,1.0,0.05,0.00014107911524890472,0.0,0.005885767831649218,0.015662586179825536,0.0
5702,1.0,0.05,0.00014107911524890472,0.0,0.005885767831649218,0.01394727287958074,0.0
5703,1.0,0.05,0.00014107911524890472,0.0,0.005885767831649218,0.01394727287958074,0.0
5704,1.0,0.05,0.00014107911524890472,0.0,0.005885767831649218,0.021187315086109177,0.0
5705,1.0,0.05,0.00014107911524890472,0.0,0.005176030555526203,0.022554218520750444,0.0
5706,1.0,0.05,0.00014107911524890472,0.0,0.005176030555526203,0.022554218520750444,0.0
5707,1.0,0.05,0.00013897131812117114,0.0,0.007105045493314904,0.026496084268994056,0.0
5708,1.0,0.05,0.00013693768131218758,0.0,0.007105045493314904,0.026496084268994056,0.0
5709,1.0,0.05,0.00012130479332123653,0.0,0.007105045493314904,0.038178275852102234,0.0
5710,1.0,0.05,0.00012379854027562477,0.0,0.007105045493314904,0.038796500689519384,0.0
5711,1.0,0.05,0.00012379854027562477,0.0,0.007105045493314904,0.06598983321148641,0.0
5712,1.0,0.05,0.00012379854027562477,0.0,0.007105045493314904,0.06598983321148641,0.0
5713,1.0,0.05,0.00012379854027562477,0.0,0.007105045493314904,0.06598983321148641,0.0
5714,1.0,0.05,0.00012248349781991593,0.0,0.007105045493314904,0.07475526476584773,0.0
5715,1.0,0.05,0.00012248349781991593,0.0,0.007105045493314904,0.1143223163233676,0.0
5716,1.0,0.05,0.00012248349781991593,0.0,0.007105045493314904,0.05571587862942701,0.0
5717,1.0,0.05,0.00012248349781991593,0.0,0.007105045493314904,0.05571587862942701,0.0
5718,1.0,0.05,0.00012248349781991593,0.0,0.006192710042323507,0.05571587862942701,0.0
5719,1.0,0.05,0.00012248349781991593,0.0,0.006192710042323507,0.05571587862942701,0.0
5720,1.0,0.05,0.00012248349781991593,0.0,0.006192710042323507,0.04962273540873639,0.0
5721,1.0,0.05,0.00012248349781991593,0.0,0.006192710042323507,0.04199809864754592,0.0
5722,1.0,0.05,0.00012248349781991593,0.0,0.006192710042323507,0.04199809864754592,0.0
5723,1.0,0.05,0.00012625319865194507,0.0,0.006192710042323507,0.04199809864754592,0.0
5724,1.0,0.05,0.00013589686548230232,0.0,0.005449262588070748,0.09048494267784074,0.0
5725,1.0,0.05,0.00013589686548230232,0.0,0.005449262588070748,0.061900908224630846,0.0
5726,1.0,0.05,0.00013589686548230232,0.0,0.005449262588070748,0.061900908224630846,0.0
5727,1.0,0.05,0.00013589686548230232,0.0,0.005449262588070748,0.061900908224630846,0.0
5728,1.0,0.05,0.00013589686548230232,0.0,0.005449262588070748,0.061900908224630846,0.0
5729,1.0,0.05,0.00013589686548230232,0.0,0.005449262588070748,0.09572706147119962,0.0
5730,1.0,0.05,0.00013589686548230232,0.0,0.005449262588070748,0.09572706147119962,0.0
5731,1.0,0.05,0.00013589686548230232,0.0,0.005449262588070748,0.09572706147119962,0.0
5732,1.0,0.05,0.00013589686548230232,0.0,0.005449262588070748,0.09572706147119962,0.0
5733,1.0,0.05,0.00013589686548230232,0.0,0.0074077464960664125,0.09572706147119962,0.0
5734,1.0,0.05,0.00013589686548230232,0.0,0.0074077464960664125,0.10097440740511053,0.0
5735,1.0,0.05,0.00013589686548230232,0.0,0.0074843675497258825,0.10097440740511053,0.0
5736,1.0,0.05,0.00013589686548230232,0.0,0.0065498244949706375,0.05219786702592949,0.0
5737,1.0,0.05,0.00013589686548230232,0.0,0.0065498244949706375,0.05219786702592949,0.0
5738,1.0,0.05,0.00013589686548230232,0.0,0.007900559411830235,0.05219786702592949,0.0
5739,1.0,0.05,0.00013589686548230232,0.0,0.0066872100776943656,0.05219786702592949,0.0
5740,1.0,0.05,0.00013589686548230232,0.0,0.0066872100776943656,0.05219786702592949,0.0
5741,1.0,0.05,0.00013589686548230232,0.0,0.0066872100776943656,0.03412821864754946,0.0
5742,1.0,0.05,0.00013054393563133795,0.0,0.006418811423413165,0.03412821864754946,0.0
5743,1.0,0.05,0.00013054393563133795,0.0,0.006418811423413165,0.03412821864754946,0.0
5744,1.0,0.05,0.00013054393563133795,0.0,0.005177587712702277,0.03872558943177346,0.0
5745,1.0,0.05,0.00013054393563133795,0.0,0.00634094474403874,0.07531214643658458,0.0
5746,1.0,0.05,0.00013054393563133795,0.0,0.00634094474403874,0.07531214643658458,0.0
5747,1.0,0.05,0.00013054393563133795,0.0,0.00634094474403874,0.08248119968641693,0.0
5748,1.0,0.05,0.00013054393563133795,0.0,0.00619227844061315,0.08248119968641693,0.0
5749,1.0,0.05,0.00013054393563133795,0.0,0.00619227844061315,0.05948155553395046,0.0
5750,1.0,0.05,0.00013054393563133795,0.0,0.00619227844061315,0.029619546551763812,0.0
5751,1.0,0.05,0.00013054393563133795,0.0,0.00619227844061315,0.031708345477927835,0.0
5752,1.0,0.05,0.00013054393563133795,0.0,0.00619227844061315,0.031708345477927835,0.0
5753,1.0,0.05,0.00013054393563133795,0.0,0.00619227844061315,0.031708345477927835,0.0
5754,1.0,0.05,0.00012967676128448625,0.0,0.00619227844061315,0.10892211569945047,0.0
5755,1.0,0.05,0.00012967676128448625,0.0,0.00619227844061315,0.046552323042035056,0.0
5756,1.0,0.05,0.00012967676128448625,0.0,0.007398869188149899,0.04070865398892297,0.0
5757,1.0,0.05,0.00014159512158808284,0.0,0.00620130489561116,0.04070865398892297,0.0
5758,1.0,0.05,0.00013810706080031966,0.0,0.00620130489561116,0.04070865398892297,0.0
5759,1.0,0.05,0.00013810706080031966,0.0,0.006926236502964647,0.04070865398892297,0.0
5760,1.0,0.05,0.00013810706080031966,0.0,0.006926236502964647,0.03940469012037249,0.0
5761,1.0,0.05,0.00013810706080031966,0.0,0.005896979999629056,0.058750370473745234,0.0
5762,1.0,0.05,0.00013810706080031966,0.0,0.005896979999629056,0.07791114325091894,0.0
5763,1.0,0.05,0.00013810706080031966,0.0,0.005896979999629056,0.06411281310597873,0.0
5764,1.0,0.05,0.0001369805246188585,0.0,0.005903108615868814,0.062491802499887,0.0
5765,1.0,0.05,0.0001369805246188585,0.0,0.005903108615868814,0.07175331608825357,0.0
5766,1.0,0.05,0.0001369805246188585,0.0,0.005903108615868814,0.10387590164968845,0.0
5767,1.0,0.05,0.0001369805246188585,0.0,0.006193929671702252,0.13555755368099026,0.0
5768,1.0,0.05,0.0001369805246188585,0.0,0.006193929671702252,0.13555755368099026,0.0
5769,1.0,0.05,0.0001369805246188585,0.0,0.006193929671702252,0.13555755368099026,0.0
5770,1.0,0.05,0.0001369805246188585,0.0,0.006193929671702252,0.13555755368099026,0.0
5771,1.0,0.05,0.0001369805246188585,0.0,0.006193929671702252,0.13555755368099026,0.0
5772,1.0,0.05,0.0001369805246188585,0.0,0.006193929671702252,0.13555755368099026,0.0
5773,1.0,0.05,0.0001369805246188585,0.0,0.0058862811446740585,0.07326287339452917,0.0
5774,1.0,0.05,0.0001369805246188585,0.0,0.0058862811446740585,0.056779105977327986,0.0
5775,1.0,0.05,0.0001369805246188585,0.0,0.0058862811446740585,0.07032173565717825,0.0
5776,1.0,0.05,0.0001369805246188585,0.0,0.0058862811446740585,0.07032173565717825,0.0
5777,1.0,0.05,0.0001369805246188585,0.0,0.0058862811446740585,0.07032173565717825,0.0
5778,1.0,0.05,0.00012925224549661916,0.0,0.0058862811446740585,0.07032173565717825,0.0
5779,1.0,0.05,0.00012925224549661916,0.0,0.0058862811446740585,0.07032173565717825,0.0
5780,1.0,0.05,0.00012925224549661916,0.0,0.0058862811446740585,0.07032173565717825,0.0
5781,1.0,0.05,0.00012925224549661916,0.0,0.0058862811446740585,0.07032173565717825,0.0
5782,1.0,0.05,0.00012925224549661916,0.0,0.0068287928674923325,0.07032173565717825,0.0
5783,1.0,0.05,0.00012925224549661916,0.0,0.0068287928674923325,0.07032173565717825,0.0
5784,1.0,0.05,0.00012925224549661916,0.0,0.006220589330608543,0.1278494188240746,0.0
5785,1.0,0.05,0.00013445456567400321,0.0,0.006220589330608543,0.061779647462787454,0.0
5786,1.0,0.05,0.00013445456567400321,0.0,0.005770574039990662,0.0411638898672967,0.0
5787,1.0,0.05,0.00013445456567400321,0.0,0.006022406880368729,0.0411638898672967,0.0
5788,1.0,0.05,0.00013445456567400321,0.0,0.0059164775944669,0.04225811548060253,0.0
5789,1.0,0.05,0.00013445456567400321,0.0,0.0059164775944669,0.04225811548060253,0.0
5790,1.0,0.05,0.00013445456567400321,0.0,0.0059164775944669,0.07412090670545536,0.0
5791,1.0,0.05,0.00013445456567400321,0.0,0.0059164775944669,0.06988126254347107,0.0
5792,1.0,0.05,0.00013391740543589913,0.0,0.0059164775944669,0.05897465765092541,0.0
5793,1.0,0.05,0.00013391740543589913,0.0,0.0059164775944669,0.050362989828580194,0.0
5794,1.0,0.05,0.00013391740543589913,0.0,0.006308962473131989,0.06523887778452005,0.0
5795,1.0,0.05,0.00013391740543589913,0.0,0.006308962473131989,0.04848465988837896,0.0
5796,1.0,0.05,0.00013391740543589913,0.0,0.006308962473131989,0.04848465988837896,0.0
5797,1.0,0.05,0.00013391740543589913,0.0,0.005323191880017092,0.04848465988837896,0.0
5798,1.0,0.05,0.00013391740543589913,0.0,0.005323191880017092,0.018560244550095802,0.0
5799,1.0,0.05,0.00013391740543589913,0.0,0.005323191880017092,0.018115179416835287,0.0
5800,1.0,0.05,0.0001406748179953269,0.0,0.005323191880017092,0.030720130656981127,0.0
5801,1.0,0.05,0.0001406748179953269,0.0,0.005323191880017092,0.030720130656981127,0.0
5802,1.0,0.05,0.00013484843532969427,0.0,0.005323191880017092,0.033954929759733105,0.0
5803,1.0,0.05,0.00013484843532969427,0.0,0.005323191880017092,0.033954929759733105,0.0
5804,1.0,0.05,0.0001327790944152447,0.0,0.005323191880017092,0.033954929759733105,0.0
5805,1.0,0.05,0.0001327790944152447,0.0,0.005323191880017092,0.0964639367827935,0.0
5806,1.0,0.05,0.0001327790944152447,0.0,0.00678335240073636,0.05726205007157095,0.0
5807,1.0,0.05,0.0001327790944152447,0.0,0.00678335240073636,0.05726205007157095,0.0
5808,1.0,0.05,0.0001327790944152447,0.0,0.00678335240073636,0.05726205007157095,0.0
5809,1.0,0.05,0.0001327790944152447,0.0,0.00678335240073636,0.05726205007157095,0.0
5810,1.0,0.05,0.0001327790944152447,0.0,0.006429748614275615,0.0166965534990021,0.0
5811,1.0,0.05,0.0001327790944152447,0.0,0.006429748614275615,0.036751732867500456,0.0
5812,1.0,0.05,0.0001327790944152447,0.0,0.006429748614275615,0.047145646530849114,0.0
5813,1.0,0.05,0.0001327790944152447,0.0,0.005442445632041188,0.047145646530849114,0.0
5814,1.0,0.05,0.0001327790944152447,0.0,0.005442445632041188,0.047427621982780416,0.0
5815,1.0,0.05,0.0001327790944152447,0.0,0.005442445632041188,0.047427621982780416,0.0
5816,1.0,0.05,0.0001327790944152447,0.0,0.005442445632041188,0.07803653794346198,0.0
5817,1.0,0.05,0.0001327790944152447,0.0,0.00717816862699193,0.10229880156056284,0.0
5818,1.0,0.05,0.0001327790944152447,0.0,0.00717816862699193,0.10229880156056284,0.0
5819,1.0,0.05,0.0001327790944152447,0.0,0.00717816862699193,0.057588804226662,0.0
5820,1.0,0.05,0.0001327790944152447,0.0,0.0057040018954428486,0.057588804226662,0.0
5821,1.0,0.05,0.0001327790944152447,0.0,0.0057040018954428486,0.09541640488817027,0.0
5822,1.0,0.05,0.0001327790944152447,0.0,0.005767086490127293,0.09541640488817027,0.0
5823,1.0,0.05,0.0001327790944152447,0.0,0.005767086490127293,0.053768904722567776,0.0
5824,1.0,0.05,0.0001327790944152447,0.0,0.005767086490127293,0.053768904722567776,0.0
5825,1.0,0.05,0.0001327790944152447,0.0,0.005767086490127293,0.08648720823504319,0.0
5826,1.0,0.05,0.0001327790944152447,0.0,0.005767086490127293,0.08648720823504319,0.0
5827,1.0,0.05,0.0001327790944152447,0.0,0.005767086490127293,0.05572743031524276,0.0
5828,1.0,0.05,0.0001327790944152447,0.0,0.006064910804161561,0.10718875466809477,0.0
5829,1.0,0.05,0.0001327790944152447,0.0,0.006410875784715824,0.12428485548665699,0.0
5830,1.0,0.05,0.0001327790944152447,0.0,0.0064003057408525375,0.054818867342148137,0.0
5831,1.0,0.05,0.00013464950356540506,0.0,0.0064003057408525375,0.054818867342148137,0.0
5832,1.0,0.05,0.00013464950356540506,0.0,0.0064003057408525375,0.054818867342148137,0.0
5833,1.0,0.05,0.00013464950356540506,0.0,0.0064003057408525375,0.054818867342148137,0.0
5834,1.0,0.05,0.000136915205820916,0.0,0.0064003057408525375,0.044223525145913184,0.0
5835,1.0,0.05,0.000136915205820916,0.0,0.0064003057408525375,0.04857957084061272,0.0
5836,1.0,0.05,0.000136915205820916,0.0,0.0064003057408525375,0.10497735864363139,0.0
5837,1.0,0.05,0.000136915205820916,0.0,0.006073426381245292,0.10497735864363139,0.0
5838,1.0,0.05,0.000136915205820916,0.0,0.006073426381245292,0.10497735864363139,0.0
5839,1.0,0.05,0.00012835657855263884,0.0,0.006073426381245292,0.10497735864363139,0.0
5840,1.0,0.05,0.00012835657855263884,0.0,0.006073426381245292,0.10497735864363139,0.0
5841,1.0,0.05,0.00012835657855263884,0.0,0.006073426381245292,0.10497735864363139,0.0
5842,1.0,0.05,0.00012835657855263884,0.0,0.006073426381245292,0.10497735864363139,0.0
5843,1.0,0.05,0.00012835657855263884,0.0,0.005916437034831095,0.05722645142866758,0.0
5844,1.0,0.05,0.00012835657855263884,0.0,0.007272967258215714,0.024679327566215162,0.0
5845,1.0,0.05,0.00012835657855263884,0.0,0.007272967258215714,0.01748277565223516,0.0
5846,1.0,0.05,0.00012835657855263884,0.0,0.007272967258215714,0.016158801941527072,0.0
5847,1.0,0.05,0.00012835657855263884,0.0,0.006805430083103902,0.02112833511635454,0.0
5848,1.0,0.05,0.00012835657855263884,0.0,0.006805430083103902,0.02112833511635454,0.0
5849,1.0,0.05,0.00012835657855263884,0.0,0.006805430083103902,0.016721196271000167,0.0
5850,1.0,0.05,0.00012835657855263884,0.0,0.007209869449337747,0.016721196271000167,0.0
5851,1.0,0.05,0.00012835657855263884,0.0,0.007209869449337747,0.0668061978146223,0.0
5852,1.0,0.05,0.00012835657855263884,0.0,0.007209869449337747,0.06560611573355535,0.0
5853,1.0,0.05,0.00012835657855263884,0.0,0.007209869449337747,0.06560611573355535,0.0
5854,1.0,0.05,0.00012835657855263884,0.0,0.007209869449337747,0.06560611573355535,0.0
5855,1.0,0.05,0.00012835657855263884,0.0,0.007209869449337747,0.06560611573355535,0.0
5856,1.0,0.05,0.00012835657855263884,0.0,0.007209869449337747,0.10837995724362774,0.0
5857,1.0,0.05,0.00012835657855263884,0.0,0.005867083236739408,0.026847149509902826,0.0
5858,1.0,0.05,0.00012835657855263884,0.0,0.005867083236739408,0.026847149509902826,0.0
5859,1.0,0.05,0.00012835657855263884,0.0,0.005867083236739408,0.052289332319046256,0.0
5860,1.0,0.05,0.00012835657855263884,0.0,0.005867083236739408,0.04159850651084547,0.0
5861,1.0,0.05,0.00012835657855263884,0.0,0.005867083236739408,0.04159850651084547,0.0
5862,1.0,0.05,0.00012835657855263884,0.0,0.005867083236739408,0.04159850651084547,0.0
5863,1.0,0.05,0.00012835657855263884,0.0,0.005867083236739408,0.04159850651084547,0.0
5864,1.0,0.05,0.00012816853983439147,0.0,0.005867083236739408,0.04159850651084547,0.0
5865,1.0,0.05,0.0001374292934770117,0.0,0.005867083236739408,0.040769316103496614,0.0
5866,1.0,0.05,0.0001374292934770117,0.0,0.005867083236739408,0.0527395565588049,0.0
5867,1.0,0.05,0.0001374292934770117,0.0,0.005867083236739408,0.0527395565588049,0.0
5868,1.0,0.05,0.0001374292934770117,0.0,0.0057171554450398485,0.050688919597749314,0.0
5869,1.0,0.05,0.0001374292934770117,0.0,0.006261671028645168,0.03625494663989139,0.0
5870,1.0,0.05,0.0001374292934770117,0.0,0.006261671028645168,0.050676959181241835,0.0
5871,1.0,0.05,0.0001374292934770117,0.0,0.006261671028645168,0.06906377050656057,0.0
5872,1.0,0.05,0.0001374292934770117,0.0,0.006261671028645168,0.06906377050656057,0.0
5873,1.0,0.05,0.0001374292934770117,0.0,0.005332408145385084,0.06693103407742801,0.0
5874,1.0,0.05,0.0001374292934770117,0.0,0.005332408145385084,0.06693103407742801,0.0
5875,1.0,0.05,0.0001374292934770117,0.0,0.005332408145385084,0.04512113087849154,0.0
5876,1.0,0.05,0.0001374292934770117,0.0,0.005332408145385084,0.04238097707861063,0.0
5877,1.0,0.05,0.0001374292934770117,0.0,0.005332408145385084,0.037901406641706936,0.0
5878,1.0,0.05,0.00013626811362989362,0.0,0.005332408145385084,0.021568695106072008,0.0
5879,1.0,0.05,0.00013626811362989362,0.0,0.005332408145385084,0.03537249670430439,0.0
5880,1.0,0.05,0.00013092629517461087,0.0,0.006263353367806329,0.03894813005916431,0.0
5881,1.0,0.05,0.00013092629517461087,0.0,0.006263353367806329,0.06244726359158187,0.0
5882,1.0,0.05,0.00013092629517461087,0.0,0.006263353367806329,0.034208482539918664,0.0
5883,1.0,0.05,0.00013092629517461087,0.0,0.006263353367806329,0.034208482539918664,0.0
5884,1.0,0.05,0.00013092629517461087,0.0,0.006263353367806329,0.020914669003816624,0.0
5885,1.0,0.05,0.00013131724092237893,0.0,0.006263353367806329,0.1554714105602339,0.0
5886,1.0,0.05,0.00013131724092237893,0.0,0.006263353367806329,0.1554714105602339,0.0
5887,1.0,0.05,0.00013131724092237893,0.0,0.006263353367806329,0.14270994060718734,0.0
5888,1.0,0.05,0.00013131724092237893,0.0,0.006263353367806329,0.14270994060718734,0.0
5889,1.0,0.05,0.00013131724092237893,0.0,0.006263353367806329,0.10078673093090755,0.0
5890,1.0,0.05,0.00013131724092237893,0.0,0.006263353367806329,0.10078673093090755,0.0
5891,1.0,0.05,0.00012591454205139883,0.0,0.008521629511151771,0.10078673093090755,0.0
5892,1.0,0.05,0.00012591454205139883,0.0,0.008521629511151771,0.09312133398612249,0.0
5893,1.0,0.05,0.00012314373453337947,0.0,0.008521629511151771,0.1444164946950744,0.0
5894,1.0,0.05,0.00012314373453337947,0.0,0.008521629511151771,0.1444164946950744,0.0
5895,1.0,0.05,0.0001315236181186248,0.0,0.008521629511151771,0.10903150850920304,0.0
5896,1.0,0.05,0.0001315236181186248,0.0,0.006352804938288834,0.10903150850920304,0.0
5897,1.0,0.05,0.0001315236181186248,0.0,0.006352804938288834,0.10903150850920304,0.0
5898,1.0,0.05,0.00013546916287375063,0.0,0.006352804938288834,0.10903150850920304,0.0
5899,1.0,0.05,0.00013546916287375063,0.0,0.006352804938288834,0.056318356366947334,0.0
5900,1.0,0.05,0.00013546916287375063,0.0,0.006352804938288834,0.13698138546106303,0.0
5901,1.0,0.05,0.00013546916287375063,0.0,0.006352804938288834,0.10094721384102744,0.0
5902,1.0,0.05,0.00013546916287375063,0.0,0.006352804938288834,0.09615440299030256,0.0
5903,1.0,0.05,0.00013208179203769952,0.0,0.005291379419046765,0.09615440299030256,0.0
5904,1.0,0.05,0.00013208179203769952,0.0,0.005291379419046765,0.019839930196387832,0.0
5905,1.0,0.05,0.00013208179203769952,0.0,0.005291379419046765,0.019839930196387832,0.0
5906,1.0,0.05,0.00013208179203769952,0.0,0.005291379419046765,0.008147346589103484,0.0
5907,1.0,0.05,0.00013208179203769952,0.0,0.005291379419046765,0.008147346589103484,0.0
5908,1.0,0.05,0.00013208179203769952,0.0,0.004854629550837957,0.04713026586799788,0.0
5909,1.0,0.05,0.00013208179203769952,0.0,0.004854629550837957,0.04713026586799788,0.0
5910,1.0,0.05,0.00013208179203769952,0.0,0.005778893437148963,0.08202378917954493,0.0
5911,1.0,0.05,0.00013208179203769952,0.0,0.005778893437148963,0.08202378917954493,0.0
5912,1.0,0.05,0.00013208179203769952,0.0,0.005778893437148963,0.08202378917954493,0.0
5913,1.0,0.05,0.00013208179203769952,0.0,0.005778893437148963,0.08202378917954493,0.0
5914,1.0,0.05,0.00013208179203769952,0.0,0.005778893437148963,0.08202378917954493,0.0
5915,1.0,0.05,0.00013208179203769952,0.0,0.005778893437148963,0.08060189162142758,0.0
5916,1.0,0.05,0.00013664816992918903,0.0,0.005778893437148963,0.08060189162142758,0.0
5917,1.0,0.05,0.00013664816992918903,0.0,0.005778893437148963,0.08060189162142758,0.0
5918,1.0,0.05,0.00013664816992918903,0.0,0.005778893437148963,0.08060189162142758,0.0
5919,1.0,0.05,0.00013450295725138953,0.0,0.005778893437148963,0.08060189162142758,0.0
5920,1.0,0.05,0.00013450295725138953,0.0,0.005778893437148963,0.1352325508718063,0.0
5921,1.0,0.05,0.00013450295725138953,0.0,0.005778893437148963,0.1352325508718063,0.0
5922,1.0,0.05,0.00013450295725138953,0.0,0.005778893437148963,0.12213957262234953,0.0
5923,1.0,0.05,0.00013450295725138953,0.0,0.005778893437148963,0.07715474488061798,0.0
5924,1.0,0.05,0.00013450295725138953,0.0,0.005778893437148963,0.08524907143293507,0.0
5925,1.0,0.05,0.00013450295725138953,0.0,0.005778893437148963,0.08524907143293507,0.0
5926,1.0,0.05,0.00013450295725138953,0.0,0.005778893437148963,0.08524907143293507,0.0
5927,1.0,0.05,0.00013450295725138953,0.0,0.005530556865282312,0.08524907143293507,0.0
5928,1.0,0.05,0.00013450295725138953,0.0,0.005530556865282312,0.08524907143293507,0.0
5929,1.0,0.05,0.00013450295725138953,0.0,0.005530556865282312,0.08524907143293507,0.0
5930,1.0,0.05,0.00013450295725138953,0.0,0.005530556865282312,0.07418930878784463,0.0
5931,1.0,0.05,0.00013178961598450924,0.0,0.006556791274725907,0.07418930878784463,0.0
5932,1.0,0.05,0.00013178961598450924,0.0,0.006586881058565423,0.07418930878784463,0.0
5933,1.0,0.05,0.00013178961598450924,0.0,0.006586881058565423,0.07418930878784463,0.0
5934,1.0,0.05,0.00013178961598450924,0.0,0.006586881058565423,0.07418930878784463,0.0
5935,1.0,0.05,0.00013178961598450924,0.0,0.006586881058565423,0.07418930878784463,0.0
5936,1.0,0.05,0.00013178961598450924,0.0,0.006586881058565423,0.07418930878784463,0.0
5937,1.0,0.05,0.00013178961598450924,0.0,0.006586881058565423,0.07418930878784463,0.0
5938,1.0,0.05,0.00013178961598450924,0.0,0.004897680470996615,0.04806918986023462,0.0
5939,1.0,0.05,0.0001378255059969338,0.0,0.004897680470996615,0.04806918986023462,0.0
5940,1.0,0.05,0.0001378255059969338,0.0,0.004897680470996615,0.04806918986023462,0.0
5941,1.0,0.05,0.00013726782179584047,0.0,0.004897680470996615,0.04282179267145008,0.0
5942,1.0,0.05,0.00013726782179584047,0.0,0.004897680470996615,0.04282179267145008,0.0
5943,1.0,0.05,0.00013726782179584047,0.0,0.004897680470996615,0.07430502483901226,0.0
5944,1.0,0.05,0.00013726782179584047,0.0,0.004897680470996615,0.07430502483901226,0.0
5945,1.0,0.05,0.00013726782179584047,0.0,0.004897680470996615,0.07430502483901226,0.0
5946,1.0,0.05,0.00013195024843049504,0.0,0.006040273194912496,0.07430502483901226,0.0
5947,1.0,0.05,0.00013195024843049504,0.0,0.006040273194912496,0.05710121471579414,0.0
5948,1.0,0.05,0.00013195024843049504,0.0,0.006040273194912496,0.05710121471579414,0.0
5949,1.0,0.05,0.00013195024843049504,0.0,0.006040273194912496,0.09645551182847838,0.0
5950,1.0,0.05,0.00013882799717735965,0.0,0.006040273194912496,0.057293232888612905,0.0
5951,1.0,0.05,0.00013882799717735965,0.0,0.006040273194912496,0.07564451909220514,0.0
5952,1.0,0.05,0.00013882799717735965,0.0,0.006040273194912496,0.06452681568768531,0.0
5953,1.0,0.05,0.00013882799717735965,0.0,0.00620223532835605,0.06452681568768531,0.0
5954,1.0,0.05,0.00013882799717735965,0.0,0.00620223532835605,0.06452681568768531,0.0
5955,1.0,0.05,0.00013882799717735965,0.0,0.00620223532835605,0.06452681568768531,0.0
5956,1.0,0.05,0.00013882799717735965,0.0,0.00620223532835605,0.05040764055621539,0.0
5957,1.0,0.05,0.00013882799717735965,0.0,0.00620223532835605,0.022700789756739323,0.0
5958,1.0,0.05,0.00013882799717735965,0.0,0.00620223532835605,0.048133400069070756,0.0
5959,1.0,0.05,0.00013882799717735965,0.0,0.005894980252112091,0.048133400069070756,0.0
5960,1.0,0.05,0.00013882799717735965,0.0,0.005894980252112091,0.048133400069070756,0.0
5961,1.0,0.05,0.00013882799717735965,0.0,0.005894980252112091,0.04604307375786858,0.0
5962,1.0,0.05,0.00013882799717735965,0.0,0.005894980252112091,0.04604307375786858,0.0
5963,1.0,0.05,0.00013882799717735965,0.0,0.005894980252112091,0.03169086247120679,0.0
5964,1.0,0.05,0.00013882799717735965,0.0,0.005894980252112091,0.023141791240130948,0.0
5965,1.0,0.05,0.00013882799717735965,0.0,0.005894980252112091,0.021962724784555552,0.0
5966,1.0,0.05,0.00013151488056397325,0.0,0.005894980252112091,0.046375246764390025,0.0
5967,1.0,0.05,0.00013969343153513486,0.0,0.005894980252112091,0.10472932096022203,0.0
5968,1.0,0.05,0.00013969343153513486,0.0,0.005894980252112091,0.10472932096022203,0.0
5969,1.0,0.05,0.00013969343153513486,0.0,0.005894980252112091,0.05488665188575284,0.0
5970,1.0,0.05,0.00013969343153513486,0.0,0.005894980252112091,0.05797891595195116,0.0
5971,1.0,0.05,0.00013969343153513486,0.0,0.005894980252112091,0.05797891595195116,0.0
5972,1.0,0.05,0.00013969343153513486,0.0,0.005710778524674355,0.05797891595195116,0.0
5973,1.0,0.05,0.00013969343153513486,0.0,0.005710778524674355,0.05797891595195116,0.0
5974,1.0,0.05,0.00013969343153513486,0.0,0.005710778524674355,0.05797891595195116,0.0
5975,1.0,0.05,0.00013969343153513486,0.0,0.005710778524674355,0.03616499608615277,0.0
5976,1.0,0.05,0.00013969343153513486,0.0,0.005710778524674355,0.03616499608615277,0.0
5977,1.0,0.05,0.00013969343153513486,0.0,0.005710778524674355,0.09839057265660386,0.0
5978,1.0,0.05,0.00013969343153513486,0.0,0.005710778524674355,0.09839057265660386,0.0
5979,1.0,0.05,0.00013969343153513486,0.0,0.005710778524674355,0.09839057265660386,0.0
5980,1.0,0.05,0.00013969343153513486,0.0,0.005710778524674355,0.09839057265660386,0.0
5981,1.0,0.05,0.00013969343153513486,0.0,0.005710778524674355,0.055343809483924256,0.0
5982,1.0,0.05,0.00013969343153513486,0.0,0.005710778524674355,0.055343809483924256,0.0
5983,1.0,0.05,0.00013969343153513486,0.0,0.005710778524674355,0.037334851578843066,0.0
5984,1.0,0.05,0.00013969343153513486,0.0,0.005710778524674355,0.10698273857919796,0.0
5985,1.0,0.05,0.00013969343153513486,0.0,0.006647798023111139,0.06425907510193515,0.0
5986,1.0,0.05,0.00013969343153513486,0.0,0.006236077050071592,0.06425907510193515,0.0
5987,1.0,0.05,0.00013969343153513486,0.0,0.006236077050071592,0.06386313904152172,0.0
5988,1.0,0.05,0.00013969343153513486,0.0,0.005298199021701638,0.04734018817861661,0.0
5989,1.0,0.05,0.00013969343153513486,0.0,0.00607869699019462,0.04734018817861661,0.0
5990,1.0,0.05,0.00013969343153513486,0.0,0.00607869699019462,0.04734018817861661,0.0
5991,1.0,0.05,0.00012958213778192226,0.0,0.00607869699019462,0.04734018817861661,0.0
5992,1.0,0.05,0.00012958213778192226,0.0,0.00607869699019462,0.04734018817861661,0.0
5993,1.0,0.05,0.00012958213778192226,0.0,0.00607869699019462,0.05633627028636492,0.0
5994,1.0,0.05,0.00012958213778192226,0.0,0.00607869699019462,0.02585643211770036,0.0
5995,1.0,0.05,0.00012958213778192226,0.0,0.00607869699019462,0.02585643211770036,0.0
5996,1.0,0.05,0.00012958213778192226,0.0,0.00607869699019462,0.04502904341260115,0.0
5997,1.0,0.05,0.00014041188374484234,0.0,0.00607869699019462,0.04502904341260115,0.0
5998,1.0,0.05,0.00014041188374484234,0.0,0.00607869699019462,0.04888795015176307,0.0
5999,1.0,0.05,0.00014041188374484234,0.0,0.00607869699019462,0.02072959582735456,0.0
6000,1.0,0.05,0.00014041188374484234,0.0,0.00607869699019462,0.02072959582735456,0.0
6001,1.0,0.05,0.00014041188374484234,0.0,0.00607869699019462,0.02072959582735456,0.0
6002,1.0,0.05,0.00014041188374484234,0.0,0.006181160491509866,0.02097601528399519,0.0
6003,1.0,0.05,0.00013393197371978262,0.0,0.006181160491509866,0.016110302145359783,0.0
6004,1.0,0.05,0.00013393197371978262,0.0,0.006181160491509866,0.03454447195139748,0.0
6005,1.0,0.05,0.00013393197371978262,0.0,0.006181160491509866,0.04289184196194466,0.0
6006,1.0,0.05,0.00013393197371978262,0.0,0.006292348926726925,0.04289184196194466,0.0
6007,1.0,0.05,0.00013393197371978262,0.0,0.006292348926726925,0.04289184196194466,0.0
6008,1.0,0.05,0.00014081605131046387,0.0,0.006292348926726925,0.04289184196194466,0.0
6009,1.0,0.05,0.00014081605131046387,0.0,0.006292348926726925,0.027906412204804807,0.0
6010,1.0,0.05,0.00013752223412108212,0.0,0.006292348926726925,0.02681236749098835,0.0
6011,1.0,0.05,0.00013752223412108212,0.0,0.006292348926726925,0.0687699758143869,0.0
6012,1.0,0.05,0.00013431162726214047,0.0,0.006292348926726925,0.07721681627162034,0.0
6013,1.0,0.05,0.00013431162726214047,0.0,0.006292348926726925,0.07721681627162034,0.0
6014,1.0,0.05,0.00013431162726214047,0.0,0.006292348926726925,0.07721681627162034,0.0
6015,1.0,0.05,0.00013431162726214047,0.0,0.006292348926726925,0.09447965754090815,0.0
6016,1.0,0.05,0.00013431162726214047,0.0,0.006292348926726925,0.09447965754090815,0.0
6017,1.0,0.05,0.00013431162726214047,0.0,0.006292348926726925,0.11278008733928269,0.0
6018,1.0,0.05,0.00013431162726214047,0.0,0.006292348926726925,0.11278008733928269,0.0
6019,1.0,0.05,0.00013431162726214047,0.0,0.006292348926726925,0.11278008733928269,0.0
6020,1.0,0.05,0.00013431162726214047,0.0,0.006292348926726925,0.11278008733928269,0.0
6021,1.0,0.05,0.00013431162726214047,0.0,0.006292348926726925,0.047315477793143906,0.0
6022,1.0,0.05,0.00013431162726214047,0.0,0.006393596756058092,0.047315477793143906,0.0
6023,1.0,0.05,0.00013431162726214047,0.0,0.0063267996882192595,0.047315477793143906,0.0
6024,1.0,0.05,0.00013431162726214047,0.0,0.0063267996882192595,0.028596783171638482,0.0
6025,1.0,0.05,0.00013431162726214047,0.0,0.0063267996882192595,0.028596783171638482,0.0
6026,1.0,0.05,0.00013431162726214047,0.0,0.0063267996882192595,0.05481703621931942,0.0
6027,1.0,0.05,0.00013431162726214047,0.0,0.005813958683014983,0.03646502404479536,0.0
6028,1.0,0.05,0.00013431162726214047,0.0,0.007014683573692835,0.03646502404479536,0.0
6029,1.0,0.05,0.00012324942364442943,0.0,0.007014683573692835,0.03646502404479536,0.0
6030,1.0,0.05,0.00012324942364442943,0.0,0.005945702310297636,0.05482147220053469,0.0
6031,1.0,0.05,0.00012324942364442943,0.0,0.006541331477602377,0.10432160117531367,0.0
6032,1.0,0.05,0.00012324942364442943,0.0,0.006541331477602377,0.10432160117531367,0.0
6033,1.0,0.05,0.00012324942364442943,0.0,0.006541331477602377,0.10432160117531367,0.0
6034,1.0,0.05,0.00014378711380179891,0.0,0.006541331477602377,0.08450949482245435,0.0
6035,1.0,0.05,0.00011803089659601562,0.0,0.006541331477602377,0.08450949482245435,0.0
6036,1.0,0.05,0.00011803089659601562,0.0,0.006818322599931662,0.08450949482245435,0.0
6037,1.0,0.05,0.00011803089659601562,0.0,0.00813796323043759,0.08450949482245435,0.0
6038,1.0,0.05,0.00011803089659601562,0.0,0.00813796323043759,0.08450949482245435,0.0
6039,1.0,0.05,0.00011803089659601562,0.0,0.00813796323043759,0.08450949482245435,0.0
6040,1.0,0.05,0.00011803089659601562,0.0,0.00758656685259304,0.08450949482245435,0.0
6041,1.0,0.05,0.00011803089659601562,0.0,0.00758656685259304,0.07289667380393736,0.0
6042,1.0,0.05,0.00011803089659601562,0.0,0.00758656685259304,0.11885707570261063,0.0
6043,1.0,0.05,0.00011803089659601562,0.0,0.00758656685259304,0.11885707570261063,0.0
6044,1.0,0.05,0.00011803089659601562,0.0,0.008475976992113277,0.11885707570261063,0.0
6045,1.0,0.05,0.0001128449044452029,0.0,0.008475976992113277,0.11885707570261063,0.0
6046,1.0,0.05,0.0001128449044452029,0.0,0.008475976992113277,0.08919161519830746,0.0
6047,1.0,0.05,0.0001128449044452029,0.0,0.008475976992113277,0.10058473539597589,0.0
6048,1.0,0.05,0.0001119803196529998,0.0,0.008475976992113277,0.10058473539597589,0.0
6049,1.0,0.05,0.0001119803196529998,0.0,0.008475976992113277,0.10058473539597589,0.0
6050,1.0,0.05,0.00012247748647013418,0.0,0.008475976992113277,0.10058473539597589,0.0
6051,1.0,0.05,0.00012247748647013418,0.0,0.007695124477739044,0.10712805013503877,0.0
6052,1.0,0.05,0.00012247748647013418,0.0,0.006098847243300713,0.08835439395458589,0.0
6053,1.0,0.05,0.00012247748647013418,0.0,0.006098847243300713,0.08835439395458589,0.0
6054,1.0,0.05,0.00012247748647013418,0.0,0.006098847243300713,0.08835439395458589,0.0
6055,1.0,0.05,0.00012549233619816482,0.0,0.006098847243300713,0.10634408379534943,0.0
6056,1.0,0.05,0.00012549233619816482,0.0,0.006098847243300713,0.10634408379534943,0.0
6057,1.0,0.05,0.00012549233619816482,0.0,0.006098847243300713,0.10634408379534943,0.0
6058,1.0,0.05,0.00012549233619816482,0.0,0.006098847243300713,0.10634408379534943,0.0
6059,1.0,0.05,0.00012549233619816482,0.0,0.006098847243300713,0.10634408379534943,0.0
6060,1.0,0.05,0.00012549233619816482,0.0,0.006098847243300713,0.10634408379534943,0.0
6061,1.0,0.05,0.00012549233619816482,0.0,0.006098847243300713,0.10634408379534943,0.0
6062,1.0,0.05,0.00012549233619816482,0.0,0.006098847243300713,0.10634408379534943,0.0
6063,1.0,0.05,0.00012549233619816482,0.0,0.006098847243300713,0.10634408379534943,0.0
6064,1.0,0.05,0.00012549233619816482,0.0,0.006098847243300713,0.06797227830777167,0.0
6065,1.0,0.05,0.00012549233619816482,0.0,0.006098847243300713,0.06797227830777167,0.0
6066,1.0,0.05,0.00012549233619816482,0.0,0.006032400099908584,0.06797227830777167,0.0
6067,1.0,0.05,0.00012549233619816482,0.0,0.006032400099908584,0.06797227830777167,0.0
6068,1.0,0.05,0.00011724775716181079,0.0,0.00848973848383918,0.15639787438737135,0.0
6069,1.0,0.05,0.00011724775716181079,0.0,0.00848973848383918,0.11141129676774758,0.0
6070,1.0,0.05,0.00011724775716181079,0.0,0.00848973848383918,0.11141129676774758,0.0
6071,1.0,0.05,0.00011724775716181079,0.0,0.00848973848383918,0.11141129676774758,0.0
6072,1.0,0.05,0.00011724775716181079,0.0,0.00848973848383918,0.11141129676774758,0.0
6073,1.0,0.05,0.00011724775716181079,0.0,0.00848973848383918,0.11141129676774758,0.0
6074,1.0,0.05,0.00011724775716181079,0.0,0.00848973848383918,0.11141129676774758,0.0
6075,1.0,0.05,0.00011724775716181079,0.0,0.006966267089800069,0.11141129676774758,0.0
6076,1.0,0.05,0.00011812018082872977,0.0,0.007906700150417972,0.09482553071299019,0.0
6077,1.0,0.05,0.00011812018082872977,0.0,0.007906700150417972,0.09482553071299019,0.0
6078,1.0,0.05,0.00013642565817433935,0.0,0.007906700150417972,0.09482553071299019,0.0
6079,1.0,0.05,0.00013642565817433935,0.0,0.007906700150417972,0.09482553071299019,0.0
6080,1.0,0.05,0.00011685109505572205,0.0,0.007867150418908597,0.0487824854834329,0.0
6081,1.0,0.05,0.00011685109505572205,0.0,0.007867150418908597,0.04657970953876464,0.0
6082,1.0,0.05,0.00013008498095489626,0.0,0.007867150418908597,0.04657970953876464,0.0
6083,1.0,0.05,0.00013606183623858672,0.0,0.007867150418908597,0.03893234694418979,0.0
6084,1.0,0.05,0.00013606183623858672,0.0,0.007867150418908597,0.07887339014887329,0.0
6085,1.0,0.05,0.00013562400746294925,0.0,0.007079508795542123,0.06494907202926806,0.0
6086,1.0,0.05,0.00013562400746294925,0.0,0.005958005026683701,0.06494907202926806,0.0
6087,1.0,0.05,0.00013562400746294925,0.0,0.005958005026683701,0.06494907202926806,0.0
6088,1.0,0.05,0.00013562400746294925,0.0,0.005958005026683701,0.06494907202926806,0.0
6089,1.0,0.05,0.00013562400746294925,0.0,0.005958005026683701,0.07509150159775833,0.0
6090,1.0,0.05,0.00013562400746294925,0.0,0.005958005026683701,0.07509150159775833,0.0
6091,1.0,0.05,0.00013562400746294925,0.0,0.005958005026683701,0.07509150159775833,0.0
6092,1.0,0.05,0.00013562400746294925,0.0,0.005958005026683701,0.08502994767459746,0.0
6093,1.0,0.05,0.00013364640682410922,0.0,0.005958005026683701,0.08502994767459746,0.0
6094,1.0,0.05,0.00013364640682410922,0.0,0.005958005026683701,0.08502994767459746,0.0
6095,1.0,0.05,0.00013364640682410922,0.0,0.005958005026683701,0.08502994767459746,0.0
6096,1.0,0.05,0.00013364640682410922,0.0,0.005958005026683701,0.08502994767459746,0.0
6097,1.0,0.05,0.00013364640682410922,0.0,0.005958005026683701,0.08502994767459746,0.0
6098,1.0,0.05,0.00013364640682410922,0.0,0.005958005026683701,0.08502994767459746,0.0
6099,1.0,0.05,0.00013364640682410922,0.0,0.005958005026683701,0.11968057454991718,0.0
6100,1.0,0.05,0.00013364640682410922,0.0,0.005958005026683701,0.11968057454991718,0.0
6101,1.0,0.05,0.00013364640682410922,0.0,0.005958005026683701,0.08120147058787117,0.0
6102,1.0,0.05,0.00013364640682410922,0.0,0.005958005026683701,0.08120147058787117,0.0
6103,1.0,0.05,0.00013364640682410922,0.0,0.005958005026683701,0.08120147058787117,0.0
6104,1.0,0.05,0.00013364640682410922,0.0,0.005958005026683701,0.09639171691747807,0.0
6105,1.0,0.05,0.00013364640682410922,0.0,0.005958005026683701,0.06301695735330407,0.0
6106,1.0,0.05,0.00013364640682410922,0.0,0.005958005026683701,0.02121021851558503,0.0
6107,1.0,0.05,0.00013364640682410922,0.0,0.005870745156867022,0.02121021851558503,0.0
6108,1.0,0.05,0.00013364640682410922,0.0,0.005870745156867022,0.02121021851558503,0.0
6109,1.0,0.05,0.00013364640682410922,0.0,0.005870745156867022,0.02121021851558503,0.0
6110,1.0,0.05,0.00013364640682410922,0.0,0.005870745156867022,0.014577874076464842,0.0
6111,1.0,0.05,0.00013364640682410922,0.0,0.005870745156867022,0.01896152376254126,0.0
6112,1.0,0.05,0.00013364640682410922,0.0,0.005870745156867022,0.03667001521361987,0.0
6113,1.0,0.05,0.00013364640682410922,0.0,0.0056821335912889005,0.04703185442381777,0.0
6114,1.0,0.05,0.00013364640682410922,0.0,0.0056821335912889005,0.07371646430276962,0.0
6115,1.0,0.05,0.00013364640682410922,0.0,0.0056821335912889005,0.07371646430276962,0.0
6116,1.0,0.05,0.00013364640682410922,0.0,0.0056821335912889005,0.07371646430276962,0.0
6117,1.0,0.05,0.00013364640682410922,0.0,0.0056821335912889005,0.09381468180394169,0.0
6118,1.0,0.05,0.00013364640682410922,0.0,0.0057467666147262885,0.09381468180394169,0.0
6119,1.0,0.05,0.00013364640682410922,0.0,0.0057467666147262885,0.09381468180394169,0.0
6120,1.0,0.05,0.00013364640682410922,0.0,0.0057467666147262885,0.09381468180394169,0.0
6121,1.0,0.05,0.00013364640682410922,0.0,0.0057467666147262885,0.09381468180394169,0.0
6122,1.0,0.05,0.00013364640682410922,0.0,0.0057467666147262885,0.09381468180394169,0.0
6123,1.0,0.05,0.00013364640682410922,0.0,0.0057467666147262885,0.04992941236548083,0.0
6124,1.0,0.05,0.00013364640682410922,0.0,0.0057467666147262885,0.06739791547525938,0.0
6125,1.0,0.05,0.00013364640682410922,0.0,0.0057467666147262885,0.07360828845913293,0.0
6126,1.0,0.05,0.00013364640682410922,0.0,0.0057467666147262885,0.07360828845913293,0.0
6127,1.0,0.05,0.00013364640682410922,0.0,0.0057467666147262885,0.07360828845913293,0.0
6128,1.0,0.05,0.00013364640682410922,0.0,0.0057467666147262885,0.07360828845913293,0.0
6129,1.0,0.05,0.00013364640682410922,0.0,0.0057467666147262885,0.0862282754903297,0.0
6130,1.0,0.05,0.00013364640682410922,0.0,0.0057467666147262885,0.0862282754903297,0.0
6131,1.0,0.05,0.00013364640682410922,0.0,0.0057467666147262885,0.10282957956059302,0.0
6132,1.0,0.05,0.00013364640682410922,0.0,0.0057467666147262885,0.10282957956059302,0.0
6133,1.0,0.05,0.00013364640682410922,0.0,0.0057467666147262885,0.03821722808159257,0.0
6134,1.0,0.05,0.00013364640682410922,0.0,0.0057467666147262885,0.03821722808159257,0.0
6135,1.0,0.05,0.00013364640682410922,0.0,0.0057467666147262885,0.05112524028437998,0.0
6136,1.0,0.05,0.00013364640682410922,0.0,0.0057467666147262885,0.05602519994354903,0.0
6137,1.0,0.05,0.00013364640682410922,0.0,0.006205900342114983,0.07531409120480366,0.0
6138,1.0,0.05,0.00013364640682410922,0.0,0.006205900342114983,0.07531409120480366,0.0
6139,1.0,0.05,0.00013364640682410922,0.0,0.0058160003096098594,0.07531409120480366,0.0
6140,1.0,0.05,0.00013364640682410922,0.0,0.0058160003096098594,0.06995135804374808,0.0
6141,1.0,0.05,0.00013364640682410922,0.0,0.0058160003096098594,0.09907898081502177,0.0
6142,1.0,0.05,0.00013364640682410922,0.0,0.0058160003096098594,0.04415914465889351,0.0
6143,1.0,0.05,0.00013364640682410922,0.0,0.0058160003096098594,0.04415914465889351,0.0
6144,1.0,0.05,0.00013364640682410922,0.0,0.0058160003096098594,0.05183580354932923,0.0
6145,1.0,0.05,0.00013364640682410922,0.0,0.0058160003096098594,0.05183580354932923,0.0
6146,1.0,0.05,0.00013364640682410922,0.0,0.0058160003096098594,0.1047215568067683,0.0
6147,1.0,0.05,0.00013364640682410922,0.0,0.005961049863912676,0.1047215568067683,0.0
6148,1.0,0.05,0.00013364640682410922,0.0,0.007078837045502093,0.1047215568067683,0.0
6149,1.0,0.05,0.00013342792706504892,0.0,0.007078837045502093,0.1047215568067683,0.0
6150,1.0,0.05,0.00013342792706504892,0.0,0.005931194831690947,0.020971974492218715,0.0
6151,1.0,0.05,0.00014323653985409148,0.0,0.005931194831690947,0.021037100021431013,0.0
6152,1.0,0.05,0.00014323653985409148,0.0,0.005931194831690947,0.02959214424606164,0.0
6153,1.0,0.05,0.00014323653985409148,0.0,0.006286404861488232,0.02959214424606164,0.0
6154,1.0,0.05,0.00014323653985409148,0.0,0.006286404861488232,0.02959214424606164,0.0
6155,1.0,0.05,0.00014323653985409148,0.0,0.006286404861488232,0.08386918680228361,0.0
6156,1.0,0.05,0.00014323653985409148,0.0,0.006286404861488232,0.08525337345742638,0.0
6157,1.0,0.05,0.00014323653985409148,0.0,0.006286404861488232,0.049398306434695095,0.0
6158,1.0,0.05,0.00014323653985409148,0.0,0.006286404861488232,0.049398306434695095,0.0
6159,1.0,0.05,0.00014323653985409148,0.0,0.006286404861488232,0.049398306434695095,0.0
6160,1.0,0.05,0.00012880010230003716,0.0,0.006286404861488232,0.08158615829861585,0.0
6161,1.0,0.05,0.00012880010230003716,0.0,0.006790572269371951,0.08158615829861585,0.0
6162,1.0,0.05,0.00012880010230003716,0.0,0.006203852252789759,0.08158615829861585,0.0
6163,1.0,0.05,0.00012880010230003716,0.0,0.006203852252789759,0.08158615829861585,0.0
6164,1.0,0.05,0.00012880010230003716,0.0,0.006203852252789759,0.08158615829861585,0.0
6165,1.0,0.05,0.00012880010230003716,0.0,0.006203852252789759,0.08158615829861585,0.0
6166,1.0,0.05,0.00012880010230003716,0.0,0.006203852252789759,0.08158615829861585,0.0
6167,1.0,0.05,0.00012880010230003716,0.0,0.006203852252789759,0.08158615829861585,0.0
6168,1.0,0.05,0.00012880010230003716,0.0,0.006203852252789759,0.08158615829861585,0.0
6169,1.0,0.05,0.00012880010230003716,0.0,0.006203852252789759,0.0968194065369749,0.0
6170,1.0,0.05,0.00012880010230003716,0.0,0.006203852252789759,0.0968194065369749,0.0
6171,1.0,0.05,0.00012880010230003716,0.0,0.006203852252789759,0.0968194065369749,0.0
6172,1.0,0.05,0.00012880010230003716,0.0,0.006203852252789759,0.07793936764129963,0.0
6173,1.0,0.05,0.00012880010230003716,0.0,0.006203852252789759,0.04104121966624296,0.0
6174,1.0,0.05,0.00012880010230003716,0.0,0.006203852252789759,0.04104121966624296,0.0
6175,1.0,0.05,0.00012880010230003716,0.0,0.006203852252789759,0.04104121966624296,0.0
6176,1.0,0.05,0.00012880010230003716,0.0,0.006203852252789759,0.0642729840601931,0.0
6177,1.0,0.05,0.0001388584024715062,0.0,0.006203852252789759,0.062106578570840267,0.0
6178,1.0,0.05,0.0001388584024715062,0.0,0.006203852252789759,0.062106578570840267,0.0
6179,1.0,0.05,0.0001388584024715062,0.0,0.006203852252789759,0.062106578570840267,0.0
6180,1.0,0.05,0.0001388584024715062,0.0,0.005096660366123857,0.062106578570840267,0.0
6181,1.0,0.05,0.0001388584024715062,0.0,0.005096660366123857,0.062106578570840267,0.0
6182,1.0,0.05,0.0001388584024715062,0.0,0.005096660366123857,0.062106578570840267,0.0
6183,1.0,0.05,0.00013853912545903443,0.0,0.005096660366123857,0.062106578570840267,0.0
6184,1.0,0.05,0.00013853912545903443,0.0,0.005096660366123857,0.046888266230889805,0.0
6185,1.0,0.05,0.00014170569302743944,0.0,0.005096660366123857,0.04988899347621421,0.0
6186,1.0,0.05,0.00014202945558353447,0.0,0.006136900727654721,0.05514578413986227,0.0
6187,1.0,0.05,0.00014202945558353447,0.0,0.005504383240074287,0.08815824221586302,0.0
6188,1.0,0.05,0.00014202945558353447,0.0,0.007922583337777643,0.038823481525597406,0.0
6189,1.0,0.05,0.00012425209099058712,0.0,0.007922583337777643,0.03839160384313349,0.0
6190,1.0,0.05,0.00012425209099058712,0.0,0.007922583337777643,0.03839160384313349,0.0
6191,1.0,0.05,0.00012425209099058712,0.0,0.007238853101997817,0.0533178259264287,0.0
6192,1.0,0.05,0.00012425209099058712,0.0,0.007238853101997817,0.0533178259264287,0.0
6193,1.0,0.05,0.00012425209099058712,0.0,0.007238853101997817,0.10083662463535849,0.0
6194,1.0,0.05,0.00012425209099058712,0.0,0.007238853101997817,0.048909898865465394,0.0
6195,1.0,0.05,0.00012425209099058712,0.0,0.007238853101997817,0.03660938989021595,0.0
6196,1.0,0.05,0.00012425209099058712,0.0,0.0070097195598352565,0.03660938989021595,0.0
6197,1.0,0.05,0.00012425209099058712,0.0,0.006670672396308939,0.009799171851236282,0.0
6198,1.0,0.05,0.00012425209099058712,0.0,0.006670672396308939,0.007211523583674456,0.0
6199,1.0,0.05,0.0001351467352087866,0.0,0.006670672396308939,0.012959153933783076,0.0
6200,1.0,0.05,0.0001351467352087866,0.0,0.006670672396308939,0.012959153933783076,0.0
6201,1.0,0.05,0.0001351467352087866,0.0,0.006533421883069169,0.012959153933783076,0.0
6202,1.0,0.05,0.0001351467352087866,0.0,0.006533421883069169,0.015705668065948752,0.0
6203,1.0,0.05,0.0001351467352087866,0.0,0.006533421883069169,0.016997436818577728,0.0
6204,1.0,0.05,0.0001351467352087866,0.0,0.006533421883069169,0.01628151408624724,0.0
6205,1.0,0.05,0.0001351467352087866,0.0,0.005741040238907496,0.012643837125482543,0.0
6206,1.0,0.05,0.0001351467352087866,0.0,0.005741040238907496,0.055795774480132496,0.0
6207,1.0,0.05,0.0001351467352087866,0.0,0.005741040238907496,0.07913892102993114,0.0
6208,1.0,0.05,0.0001351467352087866,0.0,0.005741040238907496,0.1008201164047577,0.0
6209,1.0,0.05,0.0001351467352087866,0.0,0.005741040238907496,0.1008201164047577,0.0
6210,1.0,0.05,0.0001351467352087866,0.0,0.005741040238907496,0.1008201164047577,0.0
6211,1.0,0.05,0.0001351467352087866,0.0,0.005741040238907496,0.1008201164047577,0.0
6212,1.0,0.05,0.0001351467352087866,0.0,0.005741040238907496,0.05141571260406693,0.0
6213,1.0,0.05,0.0001351467352087866,0.0,0.005741040238907496,0.0370657708078862,0.0
6214,1.0,0.05,0.0001351467352087866,0.0,0.005741040238907496,0.03626509284001363,0.0
6215,1.0,0.05,0.0001351467352087866,0.0,0.005741040238907496,0.03626509284001363,0.0
6216,1.0,0.05,0.0001351467352087866,0.0,0.005741040238907496,0.09508684161563849,0.0
6217,1.0,0.05,0.0001351467352087866,0.0,0.005741040238907496,0.09508684161563849,0.0
6218,1.0,0.05,0.000132097485565071,0.0,0.005741040238907496,0.09508684161563849,0.0
6219,1.0,0.05,0.000132097485565071,0.0,0.005741040238907496,0.06509834755393447,0.0
6220,1.0,0.05,0.00012678132674723776,0.0,0.005741040238907496,0.08583598019994668,0.0
6221,1.0,0.05,0.00012678132674723776,0.0,0.005741040238907496,0.0677166186917645,0.0
6222,1.0,0.05,0.00012678132674723776,0.0,0.005741040238907496,0.0838839990311411,0.0
6223,1.0,0.05,0.00012678132674723776,0.0,0.005700051214969406,0.06586760597805488,0.0
6224,1.0,0.05,0.00012678132674723776,0.0,0.005700051214969406,0.047818750118575004,0.0
6225,1.0,0.05,0.00012678132674723776,0.0,0.006671302976267756,0.047818750118575004,0.0
6226,1.0,0.05,0.00012678132674723776,0.0,0.006671302976267756,0.06531471094617247,0.0
6227,1.0,0.05,0.00012678132674723776,0.0,0.006671302976267756,0.06534598847069041,0.0
6228,1.0,0.05,0.00012678132674723776,0.0,0.007361421708333246,0.06534598847069041,0.0
6229,1.0,0.05,0.00012678132674723776,0.0,0.007135416752518899,0.10929052777738293,0.0
6230,1.0,0.05,0.00012678132674723776,0.0,0.0067097537013126405,0.10929052777738293,0.0
6231,1.0,0.05,0.0001152335195494083,0.0,0.007838107583075012,0.10929052777738293,0.0
6232,1.0,0.05,0.0001152335195494083,0.0,0.007838107583075012,0.13936635313352994,0.0
6233,1.0,0.05,0.0001292615874132395,0.0,0.007838107583075012,0.13936635313352994,0.0
6234,1.0,0.05,0.0001292615874132395,0.0,0.007838107583075012,0.13936635313352994,0.0
6235,1.0,0.05,0.0001292615874132395,0.0,0.007838107583075012,0.13936635313352994,0.0
6236,1.0,0.05,0.0001292615874132395,0.0,0.007838107583075012,0.13936635313352994,0.0
6237,1.0,0.05,0.0001292615874132395,0.0,0.007500061457735922,0.059403498179891115,0.0
6238,1.0,0.05,0.00012875577334285743,0.0,0.007500061457735922,0.059403498179891115,0.0
6239,1.0,0.05,0.00012875577334285743,0.0,0.007500061457735922,0.059403498179891115,0.0
6240,1.0,0.05,0.00012875577334285743,0.0,0.007500061457735922,0.07605392846311303,0.0
6241,1.0,0.05,0.00012875577334285743,0.0,0.007500061457735922,0.07605392846311303,0.0
6242,1.0,0.05,0.00012875577334285743,0.0,0.007500061457735922,0.07605392846311303,0.0
6243,1.0,0.05,0.00012875577334285743,0.0,0.007500061457735922,0.07605392846311303,0.0
6244,1.0,0.05,0.00012875577334285743,0.0,0.007774421070453469,0.07605392846311303,0.0
6245,1.0,0.05,0.00012875577334285743,0.0,0.007774421070453469,0.07605392846311303,0.0
6246,1.0,0.05,0.00012875577334285743,0.0,0.007774421070453469,0.03221061380272463,0.0
6247,1.0,0.05,0.00012875577334285743,0.0,0.006995988767300345,0.03221061380272463,0.0
6248,1.0,0.05,0.0001313447306525544,0.0,0.006995988767300345,0.04032864877826449,0.0
6249,1.0,0.05,0.00013225412935405885,0.0,0.006995988767300345,0.04032864877826449,0.0
6250,1.0,0.05,0.00013225412935405885,0.0,0.006995988767300345,0.06902833086768384,0.0
6251,1.0,0.05,0.00013225412935405885,0.0,0.0071219457836580015,0.06902833086768384,0.0
6252,1.0,0.05,0.00013225412935405885,0.0,0.0071219457836580015,0.08846563460352967,0.0
6253,1.0,0.05,0.00013225412935405885,0.0,0.0071219457836580015,0.0639646502920667,0.0
6254,1.0,0.05,0.00012533270788629805,0.0,0.0071219457836580015,0.0639646502920667,0.0
6255,1.0,0.05,0.00012533270788629805,0.0,0.0071219457836580015,0.07584737939572676,0.0
6256,1.0,0.05,0.00012533270788629805,0.0,0.0071219457836580015,0.08430186753933183,0.0
6257,1.0,0.05,0.00012533270788629805,0.0,0.0071219457836580015,0.07064820746411121,0.0
6258,1.0,0.05,0.00012533270788629805,0.0,0.0071219457836580015,0.1209953828327549,0.0
6259,1.0,0.05,0.00012533270788629805,0.0,0.0071219457836580015,0.1209953828327549,0.0
6260,1.0,0.05,0.00012938781603871527,0.0,0.0071219457836580015,0.1209953828327549,0.0
6261,1.0,0.05,0.00012938781603871527,0.0,0.0071219457836580015,0.16551789508104536,0.0
6262,1.0,0.05,0.00012938781603871527,0.0,0.0071219457836580015,0.009107374479988597,0.0
6263,1.0,0.05,0.00012938781603871527,0.0,0.0068905537350720065,0.009107374479988597,0.0
6264,1.0,0.05,0.00012938781603871527,0.0,0.007869391402635342,0.008315545121139576,0.0
6265,1.0,0.05,0.00012938781603871527,0.0,0.008309201502409928,0.0021166359387117333,0.0
6266,1.0,0.05,0.00012938781603871527,0.0,0.005529234163687691,0.0029475668538549936,0.0
6267,1.0,0.05,0.00012938781603871527,0.0,0.005529234163687691,0.0015602200479556002,0.0
6268,1.0,0.05,0.00012938781603871527,0.0,0.005529234163687691,0.0013615479078018708,0.0
6269,1.0,0.05,0.00012938781603871527,0.0,0.007388722109797027,0.0021187139138761617,0.0
6270,1.0,0.05,0.00012938781603871527,0.0,0.007367229862769515,0.002275854876250672,0.0
6271,1.0,0.05,0.00012938781603871527,0.0,0.007367229862769515,0.0016229382068862963,0.0
6272,1.0,0.05,0.00012938781603871527,0.0,0.007367229862769515,0.0009629073118227908,0.0
6273,1.0,0.05,0.00012938781603871527,0.0,0.007367229862769515,0.002526596314814387,0.0
6274,1.0,0.05,0.00012938781603871527,0.0,0.00683787304810899,0.009429694995110345,0.0
6275,1.0,0.05,0.00012938781603871527,0.0,0.00683787304810899,0.009313039136917492,0.0
6276,1.0,0.05,0.00012938781603871527,0.0,0.00683787304810899,0.010760514686012003,0.0
6277,1.0,0.05,0.00012938781603871527,0.0,0.00683787304810899,0.010760514686012003,0.0
6278,1.0,0.05,0.00012938781603871527,0.0,0.005499057677829157,0.010760514686012003,0.0
6279,1.0,0.05,0.00012938781603871527,0.0,0.005499057677829157,0.010760514686012003,0.0
6280,1.0,0.05,0.00012938781603871527,0.0,0.007580318439827429,0.02797872431698947,0.0
6281,1.0,0.05,0.00012938781603871527,0.0,0.007008142111243257,0.03660610361520658,0.0
6282,1.0,0.05,0.00012938781603871527,0.0,0.005383625275191818,0.03660610361520658,0.0
6283,1.0,0.05,0.00012938781603871527,0.0,0.005383625275191818,0.06731372734120522,0.0
6284,1.0,0.05,0.00014090805692464992,0.0,0.005383625275191818,0.06731372734120522,0.0
6285,1.0,0.05,0.00014090805692464992,0.0,0.005383625275191818,0.06731372734120522,0.0
6286,1.0,0.05,0.00014090805692464992,0.0,0.005185851106876448,0.0505891343508922,0.0
6287,1.0,0.05,0.00014090805692464992,0.0,0.006253422283117782,0.0505891343508922,0.0
6288,1.0,0.05,0.00014090805692464992,0.0,0.006253422283117782,0.0505891343508922,0.0
6289,1.0,0.05,0.00014090805692464992,0.0,0.006253422283117782,0.0505891343508922,0.0
6290,1.0,0.05,0.00014090805692464992,0.0,0.006253422283117782,0.025253852247511088,0.0
6291,1.0,0.05,0.00014090805692464992,0.0,0.006253422283117782,0.025253852247511088,0.0
6292,1.0,0.05,0.00014090805692464992,0.0,0.006253422283117782,0.02542578206272742,0.0
6293,1.0,0.05,0.00014090805692464992,0.0,0.006253422283117782,0.03643832500539112,0.0
6294,1.0,0.05,0.00014090805692464992,0.0,0.006253422283117782,0.02157704285122109,0.0
6295,1.0,0.05,0.00014090805692464992,0.0,0.006253422283117782,0.02157704285122109,0.0
6296,1.0,0.05,0.00014090805692464992,0.0,0.006253422283117782,0.02157704285122109,0.0
6297,1.0,0.05,0.00014090805692464992,0.0,0.006253422283117782,0.04960563077130908,0.0
6298,1.0,0.05,0.00014090805692464992,0.0,0.006253422283117782,0.04960563077130908,0.0
6299,1.0,0.05,0.00014090805692464992,0.0,0.006253422283117782,0.04960563077130908,0.0
6300,1.0,0.05,0.00014090805692464992,0.0,0.006253422283117782,0.04960563077130908,0.0
6301,1.0,0.05,0.00013569761970783835,0.0,0.006253422283117782,0.04960563077130908,0.0
6302,1.0,0.05,0.00013569761970783835,0.0,0.006253422283117782,0.047749947614992495,0.0
6303,1.0,0.05,0.00013569761970783835,0.0,0.006253422283117782,0.074367381968398,0.0
6304,1.0,0.05,0.00013569761970783835,0.0,0.006253422283117782,0.074367381968398,0.0
6305,1.0,0.05,0.00013569761970783835,0.0,0.005985274145452757,0.07403306499386532,0.0
6306,1.0,0.05,0.00013569761970783835,0.0,0.005985274145452757,0.12760290096732543,0.0
6307,1.0,0.05,0.00013569761970783835,0.0,0.005985274145452757,0.03996758890581423,0.0
6308,1.0,0.05,0.00013569761970783835,0.0,0.005985274145452757,0.024963919792280017,0.0
6309,1.0,0.05,0.00013569761970783835,0.0,0.005985274145452757,0.05409792201814727,0.0
6310,1.0,0.05,0.00013569761970783835,0.0,0.006161679184372607,0.05409792201814727,0.0
6311,1.0,0.05,0.00013569761970783835,0.0,0.006161679184372607,0.062157331209808,0.0
6312,1.0,0.05,0.00013569761970783835,0.0,0.006161679184372607,0.062157331209808,0.0
6313,1.0,0.05,0.00013569761970783835,0.0,0.006161679184372607,0.062157331209808,0.0
6314,1.0,0.05,0.00013569761970783835,0.0,0.006161679184372607,0.062157331209808,0.0
6315,1.0,0.05,0.0001260105646804637,0.0,0.006161679184372607,0.062157331209808,0.0
6316,1.0,0.05,0.0001260105646804637,0.0,0.006411795219727483,0.062157331209808,0.0
6317,1.0,0.05,0.0001260105646804637,0.0,0.006411795219727483,0.07130749723055065,0.0
6318,1.0,0.05,0.0001260105646804637,0.0,0.007825756950515352,0.12770708372719572,0.0
6319,1.0,0.05,0.0001260105646804637,0.0,0.006119058124413853,0.11486186531856052,0.0
6320,1.0,0.05,0.0001260105646804637,0.0,0.005617946838793055,0.11486186531856052,0.0
6321,1.0,0.05,0.0001335581643740312,0.0,0.005617946838793055,0.11486186531856052,0.0
6322,1.0,0.05,0.0001335581643740312,0.0,0.005617946838793055,0.14943994257143245,0.0
6323,1.0,0.05,0.0001335581643740312,0.0,0.005617946838793055,0.14943994257143245,0.0
6324,1.0,0.05,0.0001335581643740312,0.0,0.005617946838793055,0.038964693447894,0.0
6325,1.0,0.05,0.0001335581643740312,0.0,0.005414830640474234,0.038964693447894,0.0
6326,1.0,0.05,0.0001335581643740312,0.0,0.005414830640474234,0.038964693447894,0.0
6327,1.0,0.05,0.0001335581643740312,0.0,0.005414830640474234,0.04177457825012293,0.0
6328,1.0,0.05,0.0001335581643740312,0.0,0.005414830640474234,0.06871239038576524,0.0
6329,1.0,0.05,0.0001335581643740312,0.0,0.005414830640474234,0.08041765575651387,0.0
6330,1.0,0.05,0.0001335581643740312,0.0,0.005414830640474234,0.08041765575651387,0.0
6331,1.0,0.05,0.0001335581643740312,0.0,0.007127724593853679,0.08041765575651387,0.0
6332,1.0,0.05,0.00012782161501381713,0.0,0.007127724593853679,0.048079011918466814,0.0
6333,1.0,0.05,0.00012782161501381713,0.0,0.007127724593853679,0.048079011918466814,0.0
6334,1.0,0.05,0.00012782161501381713,0.0,0.00599667490560257,0.035273182379549205,0.0
6335,1.0,0.05,0.00013657860250212772,0.0,0.00599667490560257,0.022417732181497615,0.0
6336,1.0,0.05,0.00013657860250212772,0.0,0.00599667490560257,0.030964336841256913,0.0
6337,1.0,0.05,0.00013657860250212772,0.0,0.00599667490560257,0.030964336841256913,0.0
6338,1.0,0.05,0.00013657860250212772,0.0,0.00599667490560257,0.04762536004042514,0.0
6339,1.0,0.05,0.00013657860250212772,0.0,0.00599667490560257,0.033069683178154716,0.0
6340,1.0,0.05,0.00013657860250212772,0.0,0.00599667490560257,0.025260610461582407,0.0
6341,1.0,0.05,0.00013657860250212772,0.0,0.00599667490560257,0.025260610461582407,0.0
6342,1.0,0.05,0.00013657860250212772,0.0,0.00599667490560257,0.025260610461582407,0.0
6343,1.0,0.05,0.00013051886333244,0.0,0.00599667490560257,0.016409298336486397,0.0
6344,1.0,0.05,0.0001281032188007164,0.0,0.00599667490560257,0.016409298336486397,0.0
6345,1.0,0.05,0.00013283920330222292,0.0,0.00599667490560257,0.10493296442293652,0.0
6346,1.0,0.05,0.00013283920330222292,0.0,0.00599667490560257,0.04070060339598864,0.0
6347,1.0,0.05,0.00013283920330222292,0.0,0.00599667490560257,0.04070060339598864,0.0
6348,1.0,0.05,0.00013283920330222292,0.0,0.00599667490560257,0.04070060339598864,0.0
6349,1.0,0.05,0.00013283920330222292,0.0,0.005593895843643516,0.04070060339598864,0.0
6350,1.0,0.05,0.00013283920330222292,0.0,0.005593895843643516,0.04093185073432293,0.0
6351,1.0,0.05,0.00013283920330222292,0.0,0.005593895843643516,0.04093185073432293,0.0
6352,1.0,0.05,0.00013283920330222292,0.0,0.005593895843643516,0.04093185073432293,0.0
6353,1.0,0.05,0.00013283920330222292,0.0,0.005593895843643516,0.030949547925104414,0.0
6354,1.0,0.05,0.00013283920330222292,0.0,0.005593895843643516,0.04717969185460655,0.0
6355,1.0,0.05,0.00013283920330222292,0.0,0.005593895843643516,0.02836197364619541,0.0
6356,1.0,0.05,0.00013283920330222292,0.0,0.005593895843643516,0.03964451223678684,0.0
6357,1.0,0.05,0.00013283920330222292,0.0,0.005593895843643516,0.023181683851479628,0.0
6358,1.0,0.05,0.00013283920330222292,0.0,0.005593895843643516,0.023181683851479628,0.0
6359,1.0,0.05,0.00013283920330222292,0.0,0.005593895843643516,0.023181683851479628,0.0
6360,1.0,0.05,0.00013283920330222292,0.0,0.005834969812763495,0.06360725324518415,0.0
6361,1.0,0.05,0.00013283920330222292,0.0,0.005834969812763495,0.06360725324518415,0.0
6362,1.0,0.05,0.00013283920330222292,0.0,0.005067480190628992,0.06360725324518415,0.0
6363,1.0,0.05,0.00013283920330222292,0.0,0.005067480190628992,0.06360725324518415,0.0
6364,1.0,0.05,0.00013283920330222292,0.0,0.005067480190628992,0.06360725324518415,0.0
6365,1.0,0.05,0.00013283920330222292,0.0,0.005067480190628992,0.06360725324518415,0.0
6366,1.0,0.05,0.0001368749487527235,0.0,0.0049826310653277505,0.0757408556258518,0.0
6367,1.0,0.05,0.0001368749487527235,0.0,0.0049826310653277505,0.0757408556258518,0.0
6368,1.0,0.05,0.0001368749487527235,0.0,0.0049826310653277505,0.0757408556258518,0.0
6369,1.0,0.05,0.0001368749487527235,0.0,0.0049826310653277505,0.0757408556258518,0.0
6370,1.0,0.05,0.0001368749487527235,0.0,0.004865298562952206,0.0467834286937162,0.0
6371,1.0,0.05,0.0001368749487527235,0.0,0.004865298562952206,0.0467834286937162,0.0
6372,1.0,0.05,0.0001368749487527235,0.0,0.006751389249349114,0.0467834286937162,0.0
6373,1.0,0.05,0.0001368749487527235,0.0,0.006751389249349114,0.0467834286937162,0.0
6374,1.0,0.05,0.0001368749487527235,0.0,0.006751389249349114,0.0467834286937162,0.0
6375,1.0,0.05,0.0001368749487527235,0.0,0.006749310077645761,0.0467834286937162,0.0
6376,1.0,0.05,0.0001368749487527235,0.0,0.006749310077645761,0.05635239969298509,0.0
6377,1.0,0.05,0.0001368749487527235,0.0,0.006749310077645761,0.05635239969298509,0.0
6378,1.0,0.05,0.0001368749487527235,0.0,0.006749310077645761,0.06471229406507246,0.0
6379,1.0,0.05,0.0001368749487527235,0.0,0.006749310077645761,0.06471229406507246,0.0
6380,1.0,0.05,0.0001368749487527235,0.0,0.006749310077645761,0.06471229406507246,0.0
6381,1.0,0.05,0.0001368749487527235,0.0,0.005064571436658839,0.06471229406507246,0.0
6382,1.0,0.05,0.0001368749487527235,0.0,0.005064571436658839,0.06471229406507246,0.0
6383,1.0,0.05,0.0001368749487527235,0.0,0.005064571436658839,0.06471229406507246,0.0
6384,1.0,0.05,0.0001368749487527235,0.0,0.0053735274032454036,0.06471229406507246,0.0
6385,1.0,0.05,0.0001368749487527235,0.0,0.0053735274032454036,0.06187604642895503,0.0
6386,1.0,0.05,0.00013961248702282225,0.0,0.0053735274032454036,0.06187604642895503,0.0
6387,1.0,0.05,0.00013961248702282225,0.0,0.0053735274032454036,0.06187604642895503,0.0
6388,1.0,0.05,0.00013961248702282225,0.0,0.0055813960946764765,0.06187604642895503,0.0
6389,1.0,0.05,0.00013961248702282225,0.0,0.0055813960946764765,0.06187604642895503,0.0
6390,1.0,0.05,0.00013961248702282225,0.0,0.005863207838293549,0.039367781545662645,0.0
6391,1.0,0.05,0.00013961248702282225,0.0,0.005863207838293549,0.03823749939381752,0.0
6392,1.0,0.05,0.00013961248702282225,0.0,0.005863207838293549,0.056255443043040074,0.0
6393,1.0,0.05,0.00013961248702282225,0.0,0.006404598971743628,0.056255443043040074,0.0
6394,1.0,0.05,0.00013961248702282225,0.0,0.006404598971743628,0.07526058325268559,0.0
6395,1.0,0.05,0.00013961248702282225,0.0,0.006404598971743628,0.07914221474311273,0.0
6396,1.0,0.05,0.00013961248702282225,0.0,0.006404598971743628,0.12419171621838711,0.0
6397,1.0,0.05,0.0001382656694114927,0.0,0.00534181312761455,0.038916492479681,0.0
6398,1.0,0.05,0.00012975223223587624,0.0,0.00534181312761455,0.038916492479681,0.0
6399,1.0,0.05,0.00012975223223587624,0.0,0.0052667947213008845,0.04262510517500104,0.0
6400,1.0,0.05,0.00012975223223587624,0.0,0.0052667947213008845,0.07404116718863196,0.0
6401,1.0,0.05,0.00012975223223587624,0.0,0.0052667947213008845,0.07316831303928695,0.0
6402,1.0,0.05,0.00012975223223587624,0.0,0.0052667947213008845,0.07316831303928695,0.0
6403,1.0,0.05,0.00012975223223587624,0.0,0.008157175990800115,0.07316831303928695,0.0
6404,1.0,0.05,0.00012975223223587624,0.0,0.008005171673710471,0.0945387256772162,0.0
6405,1.0,0.05,0.00012975223223587624,0.0,0.007393821023397182,0.0945387256772162,0.0
6406,1.0,0.05,0.00012975223223587624,0.0,0.00613012276584089,0.0945387256772162,0.0
6407,1.0,0.05,0.00013758852869584528,0.0,0.006009520611581901,0.0945387256772162,0.0
6408,1.0,0.05,0.00013758852869584528,0.0,0.006009520611581901,0.027506327775072573,0.0
6409,1.0,0.05,0.00013758852869584528,0.0,0.006009520611581901,0.027506327775072573,0.0
6410,1.0,0.05,0.00013758852869584528,0.0,0.006009520611581901,0.11168689869707363,0.0
6411,1.0,0.05,0.00013758852869584528,0.0,0.006009520611581901,0.11168689869707363,0.0
6412,1.0,0.05,0.00013758852869584528,0.0,0.007371591571459966,0.10869779234108792,0.0
6413,1.0,0.05,0.00013758852869584528,0.0,0.007371591571459966,0.03563916495155135,0.0
6414,1.0,0.05,0.0001347221422388053,0.0,0.007371591571459966,0.06012626139427658,0.0
6415,1.0,0.05,0.0001347221422388053,0.0,0.0062545465733771025,0.06012626139427658,0.0
6416,1.0,0.05,0.00013204909486353627,0.0,0.0062545465733771025,0.06012626139427658,0.0
6417,1.0,0.05,0.00013204909486353627,0.0,0.0062545465733771025,0.06012626139427658,0.0
6418,1.0,0.05,0.00013204909486353627,0.0,0.0062545465733771025,0.06012626139427658,0.0
6419,1.0,0.05,0.00013204909486353627,0.0,0.0062545465733771025,0.06012626139427658,0.0
6420,1.0,0.05,0.00013204909486353627,0.0,0.0062545465733771025,0.06012626139427658,0.0
6421,1.0,0.05,0.00013204909486353627,0.0,0.0062545465733771025,0.06012626139427658,0.0
6422,1.0,0.05,0.00013204909486353627,0.0,0.0062545465733771025,0.031702576002210894,0.0
6423,1.0,0.05,0.00013204909486353627,0.0,0.007996198993051713,0.020195978578982417,0.0
6424,1.0,0.05,0.00013204909486353627,0.0,0.007908805971273242,0.0979187454070991,0.0
6425,1.0,0.05,0.00013204909486353627,0.0,0.007908805971273242,0.08348458382340687,0.0
6426,1.0,0.05,0.00013204909486353627,0.0,0.007908805971273242,0.09887612164305415,0.0
6427,1.0,0.05,0.00013204909486353627,0.0,0.007908805971273242,0.09887612164305415,0.0
6428,1.0,0.05,0.00013204909486353627,0.0,0.005241414713460069,0.11942065183273816,0.0
6429,1.0,0.05,0.00012323273657120572,0.0,0.005865180982348682,0.11942065183273816,0.0
6430,1.0,0.05,0.00012323273657120572,0.0,0.005865180982348682,0.030531364465635966,0.0
6431,1.0,0.05,0.00012323273657120572,0.0,0.006226481561593666,0.03500944112313854,0.0
6432,1.0,0.05,0.00013723858013040392,0.0,0.006226481561593666,0.040598976903699895,0.0
6433,1.0,0.05,0.00013723858013040392,0.0,0.006226481561593666,0.040598976903699895,0.0
6434,1.0,0.05,0.00013087726797204825,0.0,0.006226481561593666,0.059815581479241875,0.0
6435,1.0,0.05,0.0001273004623368465,0.0,0.006226481561593666,0.07265505351330691,0.0
6436,1.0,0.05,0.0001273004623368465,0.0,0.006226481561593666,0.07265505351330691,0.0
6437,1.0,0.05,0.0001273004623368465,0.0,0.00606396247632102,0.07265505351330691,0.0
6438,1.0,0.05,0.00013971038340331116,0.0,0.00606396247632102,0.07265505351330691,0.0
6439,1.0,0.05,0.00013971038340331116,0.0,0.006042105562835566,0.07265505351330691,0.0
6440,1.0,0.05,0.00013971038340331116,0.0,0.006042105562835566,0.07265505351330691,0.0
6441,1.0,0.05,0.00013971038340331116,0.0,0.006042105562835566,0.07265505351330691,0.0
6442,1.0,0.05,0.00013971038340331116,0.0,0.006042105562835566,0.07265505351330691,0.0
6443,1.0,0.05,0.00013971038340331116,0.0,0.006042105562835566,0.06696406537542963,0.0
6444,1.0,0.05,0.00013971038340331116,0.0,0.006042105562835566,0.06696406537542963,0.0
6445,1.0,0.05,0.00013971038340331116,0.0,0.00769078024925534,0.06696406537542963,0.0
6446,1.0,0.05,0.00013971038340331116,0.0,0.006456991573677385,0.11413702134910803,0.0
6447,1.0,0.05,0.00013971038340331116,0.0,0.005325100977363894,0.051087491978988354,0.0
6448,1.0,0.05,0.00013971038340331116,0.0,0.005325100977363894,0.05510840069311339,0.0
6449,1.0,0.05,0.00013971038340331116,0.0,0.005325100977363894,0.05510840069311339,0.0
6450,1.0,0.05,0.00013971038340331116,0.0,0.005325100977363894,0.043240380149902606,0.0
6451,1.0,0.05,0.00013971038340331116,0.0,0.005325100977363894,0.07299980319166667,0.0
6452,1.0,0.05,0.00013971038340331116,0.0,0.005325100977363894,0.04115806870558962,0.0
6453,1.0,0.05,0.00013971038340331116,0.0,0.005325100977363894,0.06956462854742979,0.0
6454,1.0,0.05,0.00013046709760578646,0.0,0.005325100977363894,0.08474825048553944,0.0
6455,1.0,0.05,0.00013046709760578646,0.0,0.005325100977363894,0.028949266810387876,0.0
6456,1.0,0.05,0.00013046709760578646,0.0,0.005325100977363894,0.028946483068434878,0.0
6457,1.0,0.05,0.00013046709760578646,0.0,0.005325100977363894,0.018893726628398652,0.0
6458,1.0,0.05,0.00013046709760578646,0.0,0.005325100977363894,0.030623666236814003,0.0
6459,1.0,0.05,0.00013046709760578646,0.0,0.005325100977363894,0.03574683529207867,0.0
6460,1.0,0.05,0.00013046709760578646,0.0,0.005325100977363894,0.06627307639325318,0.0
6461,1.0,0.05,0.00013046709760578646,0.0,0.0054665315094910355,0.06627307639325318,0.0
6462,1.0,0.05,0.00013046709760578646,0.0,0.0054665315094910355,0.06627307639325318,0.0
6463,1.0,0.05,0.00013046709760578646,0.0,0.0054665315094910355,0.06627307639325318,0.0
6464,1.0,0.05,0.00013347840636559766,0.0,0.0054665315094910355,0.06627307639325318,0.0
6465,1.0,0.05,0.00013347840636559766,0.0,0.0054665315094910355,0.06627307639325318,0.0
6466,1.0,0.05,0.00013347840636559766,0.0,0.0054665315094910355,0.04617656600852706,0.0
6467,1.0,0.05,0.00013830211249661937,0.0,0.0054665315094910355,0.04617656600852706,0.0
6468,1.0,0.05,0.00013830211249661937,0.0,0.0054665315094910355,0.02070933316084394,0.0
6469,1.0,0.05,0.00013381006960981603,0.0,0.006017367560128454,0.027612299317133084,0.0
6470,1.0,0.05,0.00013381006960981603,0.0,0.006017367560128454,0.06748830959289844,0.0
6471,1.0,0.05,0.00013381006960981603,0.0,0.006017367560128454,0.07405143074139543,0.0
6472,1.0,0.05,0.00013381006960981603,0.0,0.006017367560128454,0.07405143074139543,0.0
6473,1.0,0.05,0.00013381006960981603,0.0,0.006017367560128454,0.019241439653863025,0.0
6474,1.0,0.05,0.00013381006960981603,0.0,0.006017367560128454,0.019241439653863025,0.0
6475,1.0,0.05,0.00013423422427342912,0.0,0.006017367560128454,0.016350227055299232,0.0
6476,1.0,0.05,0.00013423422427342912,0.0,0.006017367560128454,0.015641725231729416,0.0
6477,1.0,0.05,0.00013423422427342912,0.0,0.006017367560128454,0.016505684759390488,0.0
6478,1.0,0.05,0.00013423422427342912,0.0,0.006017367560128454,0.016505684759390488,0.0
6479,1.0,0.05,0.00013423422427342912,0.0,0.006017367560128454,0.058082192001941674,0.0
6480,1.0,0.05,0.00013423422427342912,0.0,0.006017367560128454,0.058082192001941674,0.0
6481,1.0,0.05,0.00013419336714592828,0.0,0.006017367560128454,0.058082192001941674,0.0
6482,1.0,0.05,0.00013419336714592828,0.0,0.006017367560128454,0.058082192001941674,0.0
6483,1.0,0.05,0.00013419336714592828,0.0,0.006017367560128454,0.07260661737690417,0.0
6484,1.0,0.05,0.00013419336714592828,0.0,0.006017367560128454,0.07260661737690417,0.0
6485,1.0,0.05,0.00013419336714592828,0.0,0.006017367560128454,0.07260661737690417,0.0
6486,1.0,0.05,0.00013419336714592828,0.0,0.005511185658117372,0.07260661737690417,0.0
6487,1.0,0.05,0.00013419336714592828,0.0,0.005511185658117372,0.07260661737690417,0.0
6488,1.0,0.05,0.00013419336714592828,0.0,0.005511185658117372,0.07260661737690417,0.0
6489,1.0,0.05,0.00013419336714592828,0.0,0.005511185658117372,0.07260661737690417,0.0
6490,1.0,0.05,0.0001295628459918354,0.0,0.005511185658117372,0.07260661737690417,0.0
6491,1.0,0.05,0.0001295628459918354,0.0,0.005511185658117372,0.07260661737690417,0.0
6492,1.0,0.05,0.0001295628459918354,0.0,0.005511185658117372,0.07260661737690417,0.0
6493,1.0,0.05,0.0001295628459918354,0.0,0.005511185658117372,0.07260661737690417,0.0
6494,1.0,0.05,0.0001295628459918354,0.0,0.005511185658117372,0.07260661737690417,0.0
6495,1.0,0.05,0.0001295628459918354,0.0,0.005511185658117372,0.0701451488058004,0.0
6496,1.0,0.05,0.0001295628459918354,0.0,0.005511185658117372,0.0701451488058004,0.0
6497,1.0,0.05,0.0001295628459918354,0.0,0.005511185658117372,0.0701451488058004,0.0
6498,1.0,0.05,0.0001295628459918354,0.0,0.005511185658117372,0.0701451488058004,0.0
6499,1.0,0.05,0.0001295628459918354,0.0,0.005511185658117372,0.0701451488058004,0.0
6500,1.0,0.05,0.0001295628459918354,0.0,0.005511185658117372,0.0701451488058004,0.0
6501,1.0,0.05,0.0001295628459918354,0.0,0.007291243658318025,0.0701451488058004,0.0
6502,1.0,0.05,0.0001295628459918354,0.0,0.006672170307081112,0.0701451488058004,0.0
6503,1.0,0.05,0.0001295628459918354,0.0,0.006672170307081112,0.0701451488058004,0.0
6504,1.0,0.05,0.0001295628459918354,0.0,0.006672170307081112,0.0701451488058004,0.0
6505,1.0,0.05,0.0001295628459918354,0.0,0.008490396798042959,0.11963220851005482,0.0
6506,1.0,0.05,0.0001295628459918354,0.0,0.0072010197291213305,0.11963220851005482,0.0
6507,1.0,0.05,0.0001295628459918354,0.0,0.0072010197291213305,0.06301818619772066,0.0
6508,1.0,0.05,0.00012807534548043192,0.0,0.0072010197291213305,0.06301818619772066,0.0
6509,1.0,0.05,0.00012807534548043192,0.0,0.0072010197291213305,0.07458590514343452,0.0
6510,1.0,0.05,0.00012807534548043192,0.0,0.0072010197291213305,0.07458590514343452,0.0
6511,1.0,0.05,0.00012807534548043192,0.0,0.005962585129055983,0.07458590514343452,0.0
6512,1.0,0.05,0.00012807534548043192,0.0,0.005962585129055983,0.07458590514343452,0.0
6513,1.0,0.05,0.00012807534548043192,0.0,0.005962585129055983,0.07458590514343452,0.0
6514,1.0,0.05,0.00012807534548043192,0.0,0.005962585129055983,0.052882230131090495,0.0
6515,1.0,0.05,0.00012321065713134463,0.0,0.005962585129055983,0.10900660346850702,0.0
6516,1.0,0.05,0.00012321065713134463,0.0,0.005962585129055983,0.04558232738840018,0.0
6517,1.0,0.05,0.00012321065713134463,0.0,0.005962585129055983,0.08205005532193455,0.0
6518,1.0,0.05,0.00012321065713134463,0.0,0.005962585129055983,0.08205005532193455,0.0
6519,1.0,0.05,0.00012321065713134463,0.0,0.005906408601250585,0.03330368557865037,0.0
6520,1.0,0.05,0.00012321065713134463,0.0,0.007242781541466416,0.02673692035154355,0.0
6521,1.0,0.05,0.00012321065713134463,0.0,0.007242781541466416,0.022039297027711797,0.0
6522,1.0,0.05,0.00012321065713134463,0.0,0.007242781541466416,0.022039297027711797,0.0
6523,1.0,0.05,0.00012321065713134463,0.0,0.007242781541466416,0.018071391831065747,0.0
6524,1.0,0.05,0.00012321065713134463,0.0,0.007242781541466416,0.02805937536013837,0.0
6525,1.0,0.05,0.00012321065713134463,0.0,0.007242781541466416,0.04853897917997559,0.0
6526,1.0,0.05,0.00012321065713134463,0.0,0.007242781541466416,0.07588441765575962,0.0
6527,1.0,0.05,0.00012321065713134463,0.0,0.007242781541466416,0.10143143410428876,0.0
6528,1.0,0.05,0.00012321065713134463,0.0,0.007242781541466416,0.10143143410428876,0.0
6529,1.0,0.05,0.00012321065713134463,0.0,0.007242781541466416,0.1066129939053449,0.0
6530,1.0,0.05,0.00012321065713134463,0.0,0.007242781541466416,0.07865914371756573,0.0
6531,1.0,0.05,0.00012321065713134463,0.0,0.00797082779008637,0.07865914371756573,0.0
6532,1.0,0.05,0.00012321065713134463,0.0,0.00797082779008637,0.11932552134493514,0.0
6533,1.0,0.05,0.00012321065713134463,0.0,0.00797082779008637,0.11932552134493514,0.0
6534,1.0,0.05,0.00012321065713134463,0.0,0.00797082779008637,0.11932552134493514,0.0
6535,1.0,0.05,0.00012321065713134463,0.0,0.0067139501894256,0.11932552134493514,0.0
6536,1.0,0.05,0.00012283267247580924,0.0,0.0067139501894256,0.08497732408228974,0.0
6537,1.0,0.05,0.00012283267247580924,0.0,0.0067139501894256,0.08497732408228974,0.0
6538,1.0,0.05,0.00012283267247580924,0.0,0.0067139501894256,0.10318453924527735,0.0
6539,1.0,0.05,0.00012283267247580924,0.0,0.0067139501894256,0.10318453924527735,0.0
6540,1.0,0.05,0.00012283267247580924,0.0,0.0067139501894256,0.10318453924527735,0.0
6541,1.0,0.05,0.0001377669514872835,0.0,0.0067139501894256,0.0706755639850724,0.0
6542,1.0,0.05,0.0001377669514872835,0.0,0.0067139501894256,0.037226023923681156,0.0
6543,1.0,0.05,0.00013103941708254713,0.0,0.0067139501894256,0.037226023923681156,0.0
6544,1.0,0.05,0.00013103941708254713,0.0,0.0067139501894256,0.037226023923681156,0.0
6545,1.0,0.05,0.00013103941708254713,0.0,0.0067139501894256,0.037226023923681156,0.0
6546,1.0,0.05,0.00012922151455826384,0.0,0.0067139501894256,0.037226023923681156,0.0
6547,1.0,0.05,0.00012922151455826384,0.0,0.0056847797774556025,0.037226023923681156,0.0
6548,1.0,0.05,0.00012922151455826384,0.0,0.0056847797774556025,0.037226023923681156,0.0
6549,1.0,0.05,0.00014025123685828386,0.0,0.0056847797774556025,0.037226023923681156,0.0
6550,1.0,0.05,0.00014025123685828386,0.0,0.0056847797774556025,0.037226023923681156,0.0
6551,1.0,0.05,0.00013003624559487626,0.0,0.0056847797774556025,0.09077565474506469,0.0
6552,1.0,0.05,0.00013003624559487626,0.0,0.0056847797774556025,0.09077565474506469,0.0
6553,1.0,0.05,0.00013003624559487626,0.0,0.0056847797774556025,0.04757789631323407,0.0
6554,1.0,0.05,0.00013003624559487626,0.0,0.0056847797774556025,0.04757789631323407,0.0
6555,1.0,0.05,0.00013003624559487626,0.0,0.0056847797774556025,0.04757789631323407,0.0
6556,1.0,0.05,0.00013440827363141498,0.0,0.0056847797774556025,0.04757789631323407,0.0
6557,1.0,0.05,0.00013440827363141498,0.0,0.0056847797774556025,0.04305291427694122,0.0
6558,1.0,0.05,0.00013440827363141498,0.0,0.0056847797774556025,0.05345502849753197,0.0
6559,1.0,0.05,0.00013440827363141498,0.0,0.0056847797774556025,0.06310399205345875,0.0
6560,1.0,0.05,0.00013440827363141498,0.0,0.0056847797774556025,0.06310399205345875,0.0
6561,1.0,0.05,0.00013440827363141498,0.0,0.0056847797774556025,0.04607397457921326,0.0
6562,1.0,0.05,0.00013440827363141498,0.0,0.0056847797774556025,0.024648558541677853,0.0
6563,1.0,0.05,0.00013440827363141498,0.0,0.0056847797774556025,0.024648558541677853,0.0
6564,1.0,0.05,0.00013485812964657425,0.0,0.0056847797774556025,0.024648558541677853,0.0
6565,1.0,0.05,0.00013485812964657425,0.0,0.0056847797774556025,0.04982924585835749,0.0
6566,1.0,0.05,0.00013485812964657425,0.0,0.0061549679963313,0.029799862099828572,0.0
6567,1.0,0.05,0.00013485812964657425,0.0,0.0061549679963313,0.03185080312432952,0.0
6568,1.0,0.05,0.00013485812964657425,0.0,0.005093216663183742,0.03185080312432952,0.0
6569,1.0,0.05,0.00013485812964657425,0.0,0.006013280537449475,0.033179882162088004,0.0
6570,1.0,0.05,0.00013485812964657425,0.0,0.006013280537449475,0.04730274924263821,0.0
6571,1.0,0.05,0.00013485812964657425,0.0,0.006013280537449475,0.04730274924263821,0.0
6572,1.0,0.05,0.00013485812964657425,0.0,0.006013280537449475,0.04730274924263821,0.0
6573,1.0,0.05,0.00013485812964657425,0.0,0.006013280537449475,0.0555840352382162,0.0
6574,1.0,0.05,0.00012734404701251998,0.0,0.006614816694123121,0.06729967603810964,0.0
6575,1.0,0.05,0.00014118527268301294,0.0,0.005362871031967969,0.06729967603810964,0.0
6576,1.0,0.05,0.00014118527268301294,0.0,0.005362871031967969,0.05882510664009913,0.0
6577,1.0,0.05,0.00013184816251718515,0.0,0.005362871031967969,0.05882510664009913,0.0
6578,1.0,0.05,0.00013184816251718515,0.0,0.005362871031967969,0.05445528863223589,0.0
6579,1.0,0.05,0.00013184816251718515,0.0,0.006172444713190294,0.0721077910007166,0.0
6580,1.0,0.05,0.00013184816251718515,0.0,0.006172444713190294,0.0721077910007166,0.0
6581,1.0,0.05,0.00013184816251718515,0.0,0.006172444713190294,0.0721077910007166,0.0
6582,1.0,0.05,0.00013184816251718515,0.0,0.005476429990422386,0.0721077910007166,0.0
6583,1.0,0.05,0.00013184816251718515,0.0,0.005476429990422386,0.09712440254626845,0.0
6584,1.0,0.05,0.00013184816251718515,0.0,0.005476429990422386,0.07178612584776443,0.0
6585,1.0,0.05,0.00013184816251718515,0.0,0.005957149498559374,0.07178612584776443,0.0
6586,1.0,0.05,0.00013184816251718515,0.0,0.005957149498559374,0.07178612584776443,0.0
6587,1.0,0.05,0.00013184816251718515,0.0,0.007068867778956339,0.09937783565921557,0.0
6588,1.0,0.05,0.00012895930016947624,0.0,0.007068867778956339,0.06746334076696359,0.0
6589,1.0,0.05,0.00012895930016947624,0.0,0.007068867778956339,0.06746334076696359,0.0
6590,1.0,0.05,0.00012895930016947624,0.0,0.007068867778956339,0.06746334076696359,0.0
6591,1.0,0.05,0.00012895930016947624,0.0,0.007068867778956339,0.06964372026411719,0.0
6592,1.0,0.05,0.00012895930016947624,0.0,0.007068867778956339,0.07996718906508926,0.0
6593,1.0,0.05,0.00012895930016947624,0.0,0.007068867778956339,0.07996718906508926,0.0
6594,1.0,0.05,0.00012895930016947624,0.0,0.007068867778956339,0.07996718906508926,0.0
6595,1.0,0.05,0.00012895930016947624,0.0,0.007068867778956339,0.02779271038412201,0.0
6596,1.0,0.05,0.00012891311080159303,0.0,0.007068867778956339,0.02779271038412201,0.0
6597,1.0,0.05,0.00012891311080159303,0.0,0.007068867778956339,0.02779271038412201,0.0
6598,1.0,0.05,0.00012891311080159303,0.0,0.007068867778956339,0.056741197196701905,0.0
6599,1.0,0.05,0.00012305986968328585,0.0,0.005795185028215014,0.10307472662571723,0.0
6600,1.0,0.05,0.00012305986968328585,0.0,0.005795185028215014,0.10307472662571723,0.0
6601,1.0,0.05,0.00012305986968328585,0.0,0.005795185028215014,0.10307472662571723,0.0
6602,1.0,0.05,0.00012305986968328585,0.0,0.005795185028215014,0.0932720851111986,0.0
6603,1.0,0.05,0.0001422652897586623,0.0,0.005795185028215014,0.0932720851111986,0.0
6604,1.0,0.05,0.0001422652897586623,0.0,0.005795185028215014,0.0932720851111986,0.0
6605,1.0,0.05,0.0001422652897586623,0.0,0.006410798383545337,0.0639128859749982,0.0
6606,1.0,0.05,0.00013321472045414482,0.0,0.006410798383545337,0.0639128859749982,0.0
6607,1.0,0.05,0.00013321472045414482,0.0,0.006410798383545337,0.0639128859749982,0.0
6608,1.0,0.05,0.00013321472045414482,0.0,0.006410798383545337,0.07273259813252334,0.0
6609,1.0,0.05,0.00013321472045414482,0.0,0.006410798383545337,0.07471305179630144,0.0
6610,1.0,0.05,0.00013321472045414482,0.0,0.006410798383545337,0.07471305179630144,0.0
6611,1.0,0.05,0.00013321472045414482,0.0,0.006410798383545337,0.07471305179630144,0.0
6612,1.0,0.05,0.00013321472045414482,0.0,0.006273881192029859,0.07471305179630144,0.0
6613,1.0,0.05,0.00013321472045414482,0.0,0.006980831939726728,0.07177232596737068,0.0
6614,1.0,0.05,0.00013321472045414482,0.0,0.006980831939726728,0.07177232596737068,0.0
6615,1.0,0.05,0.00013321472045414482,0.0,0.005329101737533757,0.07177232596737068,0.0
6616,1.0,0.05,0.00011835863394759262,0.0,0.008211683796316314,0.12770581180409027,0.0
6617,1.0,0.05,0.00011835863394759262,0.0,0.008211683796316314,0.12770581180409027,0.0
6618,1.0,0.05,0.00011835863394759262,0.0,0.0070734783002237255,0.12770581180409027,0.0
6619,1.0,0.05,0.00011835863394759262,0.0,0.007203448013333307,0.06796820330169513,0.0
6620,1.0,0.05,0.00011835863394759262,0.0,0.007203448013333307,0.0878460311542923,0.0
6621,1.0,0.05,0.00011835863394759262,0.0,0.007203448013333307,0.09803404778347877,0.0
6622,1.0,0.05,0.00011835863394759262,0.0,0.006875423340966584,0.09803404778347877,0.0
6623,1.0,0.05,0.00011835863394759262,0.0,0.00631301415990864,0.12977012366785046,0.0
6624,1.0,0.05,0.00011835863394759262,0.0,0.00631301415990864,0.11290044703312097,0.0
6625,1.0,0.05,0.00010305987936199693,0.0,0.010201618200713568,0.11290044703312097,0.0
6626,1.0,0.05,0.00010305987936199693,0.0,0.010201618200713568,0.10942419590538607,0.0
6627,1.0,0.05,0.00012836600038585846,0.0,0.010201618200713568,0.168904563981851,0.0
6628,1.0,0.05,0.00012836600038585846,0.0,0.010201618200713568,0.168904563981851,0.0
6629,1.0,0.05,0.00012836600038585846,0.0,0.010201618200713568,0.12055170053180456,0.0
6630,1.0,0.05,0.00012836600038585846,0.0,0.009995559787875084,0.12055170053180456,0.0
6631,1.0,0.05,0.0001223201588581522,0.0,0.007593946947302757,0.12055170053180456,0.0
6632,1.0,0.05,0.0001223201588581522,0.0,0.007593946947302757,0.12055170053180456,0.0
6633,1.0,0.05,0.0001223201588581522,0.0,0.0074719381922558285,0.08330226107561453,0.0
6634,1.0,0.05,0.00013697545946523605,0.0,0.0074719381922558285,0.08423808250902347,0.0
6635,1.0,0.05,0.00013697545946523605,0.0,0.0074719381922558285,0.08423808250902347,0.0
6636,1.0,0.05,0.00013697545946523605,0.0,0.007242114311566791,0.055013159498989384,0.0
6637,1.0,0.05,0.00013697545946523605,0.0,0.007242114311566791,0.07370342685766611,0.0
6638,1.0,0.05,0.00013169340640041508,0.0,0.007242114311566791,0.07370342685766611,0.0
6639,1.0,0.05,0.00013169340640041508,0.0,0.007242114311566791,0.1281403883619647,0.0
6640,1.0,0.05,0.00013169340640041508,0.0,0.007242114311566791,0.1281403883619647,0.0
6641,1.0,0.05,0.00013169340640041508,0.0,0.007242114311566791,0.1281403883619647,0.0
6642,1.0,0.05,0.00013169340640041508,0.0,0.007242114311566791,0.1281403883619647,0.0
6643,1.0,0.05,0.00013169340640041508,0.0,0.006951604926295263,0.08490541358943497,0.0
6644,1.0,0.05,0.00013169340640041508,0.0,0.0070671359747182996,0.04707599393855639,0.0
6645,1.0,0.05,0.00013169340640041508,0.0,0.007782583884762546,0.08864611768064756,0.0
6646,1.0,0.05,0.00012164156565365976,0.0,0.007789853992310837,0.08864611768064756,0.0
6647,1.0,0.05,0.00012164156565365976,0.0,0.007456557056335324,0.08864611768064756,0.0
6648,1.0,0.05,0.00013287229224729434,0.0,0.007456557056335324,0.08864611768064756,0.0
6649,1.0,0.05,0.00013287229224729434,0.0,0.006203425861482284,0.08864611768064756,0.0
6650,1.0,0.05,0.00013287229224729434,0.0,0.006203425861482284,0.08864611768064756,0.0
6651,1.0,0.05,0.00013287229224729434,0.0,0.006203425861482284,0.08864611768064756,0.0
6652,1.0,0.05,0.00013287229224729434,0.0,0.006203425861482284,0.08864611768064756,0.0
6653,1.0,0.05,0.00013287229224729434,0.0,0.0059858900884562334,0.0590472595043753,0.0
6654,1.0,0.05,0.00013287229224729434,0.0,0.005859033135291569,0.0590472595043753,0.0
6655,1.0,0.05,0.00013287229224729434,0.0,0.005859033135291569,0.0590472595043753,0.0
6656,1.0,0.05,0.00013287229224729434,0.0,0.005859033135291569,0.0590472595043753,0.0
6657,1.0,0.05,0.00013287229224729434,0.0,0.005859033135291569,0.06539456359688649,0.0
6658,1.0,0.05,0.00013287229224729434,0.0,0.005859033135291569,0.06539456359688649,0.0
6659,1.0,0.05,0.00013287229224729434,0.0,0.005859033135291569,0.06539456359688649,0.0
6660,1.0,0.05,0.00013287229224729434,0.0,0.005859033135291569,0.06539456359688649,0.0
6661,1.0,0.05,0.00013287229224729434,0.0,0.005859033135291569,0.06539456359688649,0.0
6662,1.0,0.05,0.00013287229224729434,0.0,0.005859033135291569,0.06539456359688649,0.0
6663,1.0,0.05,0.00013287229224729434,0.0,0.005859033135291569,0.06539456359688649,0.0
6664,1.0,0.05,0.00013569833748120405,0.0,0.005859033135291569,0.06539456359688649,0.0
6665,1.0,0.05,0.00013569833748120405,0.0,0.005859033135291569,0.047081654394754924,0.0
6666,1.0,0.05,0.00013569833748120405,0.0,0.005859033135291569,0.04665565723029301,0.0
6667,1.0,0.05,0.00013569833748120405,0.0,0.005859033135291569,0.06423256222324267,0.0
6668,1.0,0.05,0.00013569833748120405,0.0,0.005859033135291569,0.06423256222324267,0.0
6669,1.0,0.05,0.00013569833748120405,0.0,0.005859033135291569,0.06423256222324267,0.0
6670,1.0,0.05,0.00013569833748120405,0.0,0.005859033135291569,0.06423256222324267,0.0
6671,1.0,0.05,0.00013569833748120405,0.0,0.005859033135291569,0.06423256222324267,0.0
6672,1.0,0.05,0.00013569833748120405,0.0,0.005859033135291569,0.06423256222324267,0.0
6673,1.0,0.05,0.0001314665992193101,0.0,0.005859033135291569,0.06423256222324267,0.0
6674,1.0,0.05,0.0001314665992193101,0.0,0.005859033135291569,0.06423256222324267,0.0
6675,1.0,0.05,0.0001314665992193101,0.0,0.005859033135291569,0.06423256222324267,0.0
6676,1.0,0.05,0.0001314665992193101,0.0,0.005859033135291569,0.07911365200830593,0.0
6677,1.0,0.05,0.0001314665992193101,0.0,0.005859033135291569,0.07295288967875684,0.0
6678,1.0,0.05,0.0001314665992193101,0.0,0.005859033135291569,0.10944868055500252,0.0
6679,1.0,0.05,0.0001314665992193101,0.0,0.005859033135291569,0.09909789257018665,0.0
6680,1.0,0.05,0.00013758319953759948,0.0,0.005859033135291569,0.02003365823643917,0.0
6681,1.0,0.05,0.00013758319953759948,0.0,0.006265003997030704,0.03871940850446694,0.0
6682,1.0,0.05,0.00013758319953759948,0.0,0.006265003997030704,0.03871940850446694,0.0
6683,1.0,0.05,0.00013758319953759948,0.0,0.006265003997030704,0.040177202288748166,0.0
6684,1.0,0.05,0.00013822009373272033,0.0,0.006265003997030704,0.040177202288748166,0.0
6685,1.0,0.05,0.00013822009373272033,0.0,0.006265003997030704,0.040177202288748166,0.0
6686,1.0,0.05,0.00012821086057676794,0.0,0.006265003997030704,0.040177202288748166,0.0
6687,1.0,0.05,0.00012821086057676794,0.0,0.007083007767061769,0.040177202288748166,0.0
6688,1.0,0.05,0.00013886541165939232,0.0,0.007083007767061769,0.040177202288748166,0.0
6689,1.0,0.05,0.00013886541165939232,0.0,0.007083007767061769,0.040177202288748166,0.0
6690,1.0,0.05,0.00013886541165939232,0.0,0.007083007767061769,0.040177202288748166,0.0
6691,1.0,0.05,0.00013886541165939232,0.0,0.007083007767061769,0.040177202288748166,0.0
6692,1.0,0.05,0.00013886541165939232,0.0,0.007083007767061769,0.105543415068339,0.0
6693,1.0,0.05,0.00013886541165939232,0.0,0.007083007767061769,0.105543415068339,0.0
6694,1.0,0.05,0.00013886541165939232,0.0,0.007083007767061769,0.105543415068339,0.0
6695,1.0,0.05,0.00013886541165939232,0.0,0.007083007767061769,0.08857953280242262,0.0
6696,1.0,0.05,0.00013886541165939232,0.0,0.007083007767061769,0.02333344985561096,0.0
6697,1.0,0.05,0.00013886541165939232,0.0,0.007083007767061769,0.0675465548461864,0.0
6698,1.0,0.05,0.00013886541165939232,0.0,0.007083007767061769,0.0675465548461864,0.0
6699,1.0,0.05,0.00013886541165939232,0.0,0.007083007767061769,0.0675465548461864,0.0
6700,1.0,0.05,0.00013886541165939232,0.0,0.007083007767061769,0.06736223239127542,0.0
6701,1.0,0.05,0.00012606816898572725,0.0,0.005538148653337042,0.05457619095110007,0.0
6702,1.0,0.05,0.00012606816898572725,0.0,0.005538148653337042,0.10625769601912122,0.0
6703,1.0,0.05,0.00012606816898572725,0.0,0.007218711461572955,0.10625769601912122,0.0
6704,1.0,0.05,0.00012606816898572725,0.0,0.006677631215858744,0.10625769601912122,0.0
6705,1.0,0.05,0.00012606816898572725,0.0,0.006677631215858744,0.10625769601912122,0.0
6706,1.0,0.05,0.00012606816898572725,0.0,0.006677631215858744,0.10625769601912122,0.0
6707,1.0,0.05,0.00012606816898572725,0.0,0.007373983525402754,0.0805551265241883,0.0
6708,1.0,0.05,0.00012606816898572725,0.0,0.007373983525402754,0.06869391255361847,0.0
6709,1.0,0.05,0.00012606816898572725,0.0,0.007121277939679199,0.11902797461827191,0.0
6710,1.0,0.05,0.00012979136122848628,0.0,0.007121277939679199,0.07885630496448899,0.0
6711,1.0,0.05,0.00012979136122848628,0.0,0.007121277939679199,0.07885630496448899,0.0
6712,1.0,0.05,0.00012979136122848628,0.0,0.007121277939679199,0.07885630496448899,0.0
6713,1.0,0.05,0.00012979136122848628,0.0,0.007121277939679199,0.07885630496448899,0.0
6714,1.0,0.05,0.00012979136122848628,0.0,0.0062042603156889035,0.07885630496448899,0.0
6715,1.0,0.05,0.00012979136122848628,0.0,0.0062042603156889035,0.05438219291783744,0.0
6716,1.0,0.05,0.0001235816127552801,0.0,0.0062042603156889035,0.05438219291783744,0.0
6717,1.0,0.05,0.00014034146091599492,0.0,0.0062042603156889035,0.05438219291783744,0.0
6718,1.0,0.05,0.00012990221626900373,0.0,0.005377989434027008,0.07367390708947455,0.0
6719,1.0,0.05,0.00012990221626900373,0.0,0.005377989434027008,0.07367390708947455,0.0
6720,1.0,0.05,0.00012990221626900373,0.0,0.00670235387320937,0.07367390708947455,0.0
6721,1.0,0.05,0.00012990221626900373,0.0,0.007185863865863564,0.07050332056687501,0.0
6722,1.0,0.05,0.00012990221626900373,0.0,0.007185863865863564,0.07050332056687501,0.0
6723,1.0,0.05,0.00012990221626900373,0.0,0.007805452804496313,0.06938072776320413,0.0
6724,1.0,0.05,0.00012990221626900373,0.0,0.006266347237851247,0.06938072776320413,0.0
6725,1.0,0.05,0.00012990221626900373,0.0,0.006266347237851247,0.08002789650151029,0.0
6726,1.0,0.05,0.00012990221626900373,0.0,0.006266347237851247,0.06175155555410275,0.0
6727,1.0,0.05,0.00012990221626900373,0.0,0.006266347237851247,0.08850702681382877,0.0
6728,1.0,0.05,0.00012990221626900373,0.0,0.006266347237851247,0.08850702681382877,0.0
6729,1.0,0.05,0.00012990221626900373,0.0,0.006266347237851247,0.08850702681382877,0.0
6730,1.0,0.05,0.00012990221626900373,0.0,0.006266347237851247,0.08850702681382877,0.0
6731,1.0,0.05,0.00012990221626900373,0.0,0.006266347237851247,0.08850702681382877,0.0
6732,1.0,0.05,0.00012990221626900373,0.0,0.006266347237851247,0.08850702681382877,0.0
6733,1.0,0.05,0.00013718844075996187,0.0,0.006266347237851247,0.08850702681382877,0.0
6734,1.0,0.05,0.00013718844075996187,0.0,0.006888995202148875,0.08850702681382877,0.0
6735,1.0,0.05,0.00013718844075996187,0.0,0.0047629369007115155,0.08850702681382877,0.0
6736,1.0,0.05,0.00013718844075996187,0.0,0.0047629369007115155,0.042237265686305016,0.0
6737,1.0,0.05,0.00013718844075996187,0.0,0.007328424778377798,0.02783420306207811,0.0
6738,1.0,0.05,0.00013549528099938358,0.0,0.007328424778377798,0.02783420306207811,0.0
6739,1.0,0.05,0.00013549528099938358,0.0,0.005673398546418994,0.02783420306207811,0.0
6740,1.0,0.05,0.00013549528099938358,0.0,0.006302491828863998,0.0452057592765973,0.0
6741,1.0,0.05,0.00013549528099938358,0.0,0.006302491828863998,0.030096199876454816,0.0
6742,1.0,0.05,0.00013549528099938358,0.0,0.006302491828863998,0.0826239129348425,0.0
6743,1.0,0.05,0.00013549528099938358,0.0,0.006302491828863998,0.04554332568913549,0.0
6744,1.0,0.05,0.00013549528099938358,0.0,0.007573208062144252,0.04554332568913549,0.0
6745,1.0,0.05,0.00013549528099938358,0.0,0.007178702182409555,0.1206095376078044,0.0
6746,1.0,0.05,0.00013380595099604206,0.0,0.007178702182409555,0.09514639363445285,0.0
6747,1.0,0.05,0.00013380595099604206,0.0,0.007178702182409555,0.09514639363445285,0.0
6748,1.0,0.05,0.00013380595099604206,0.0,0.007600174461120363,0.09514639363445285,0.0
6749,1.0,0.05,0.00013380595099604206,0.0,0.005573855093145774,0.09514639363445285,0.0
6750,1.0,0.05,0.00013380595099604206,0.0,0.005573855093145774,0.09514639363445285,0.0
6751,1.0,0.05,0.00013380595099604206,0.0,0.005573855093145774,0.05983619077840159,0.0
6752,1.0,0.05,0.00013380595099604206,0.0,0.005573855093145774,0.05790397757808128,0.0
6753,1.0,0.05,0.00013380595099604206,0.0,0.005573855093145774,0.05790397757808128,0.0
6754,1.0,0.05,0.00013380595099604206,0.0,0.006115804516747767,0.05790397757808128,0.0
6755,1.0,0.05,0.00013380595099604206,0.0,0.006115804516747767,0.05790397757808128,0.0
6756,1.0,0.05,0.00013380595099604206,0.0,0.006115804516747767,0.05790397757808128,0.0
6757,1.0,0.05,0.00013380595099604206,0.0,0.006596509374024074,0.05790397757808128,0.0
6758,1.0,0.05,0.00013380595099604206,0.0,0.006596509374024074,0.05790397757808128,0.0
6759,1.0,0.05,0.00013380595099604206,0.0,0.006596509374024074,0.044853369159343334,0.0
6760,1.0,0.05,0.00013380595099604206,0.0,0.006596509374024074,0.044853369159343334,0.0
6761,1.0,0.05,0.00013380595099604206,0.0,0.006596509374024074,0.044853369159343334,0.0
6762,1.0,0.05,0.00013380595099604206,0.0,0.006320900628688875,0.044853369159343334,0.0
6763,1.0,0.05,0.0001376917135897359,0.0,0.006095092994584984,0.11802256588591276,0.0
6764,1.0,0.05,0.0001376917135897359,0.0,0.006095092994584984,0.11802256588591276,0.0
6765,1.0,0.05,0.00012802892449665263,0.0,0.006095092994584984,0.11802256588591276,0.0
6766,1.0,0.05,0.00012802892449665263,0.0,0.006095092994584984,0.11802256588591276,0.0
6767,1.0,0.05,0.00013590712115296963,0.0,0.006101862052950476,0.033245086599436285,0.0
6768,1.0,0.05,0.00013590712115296963,0.0,0.006101862052950476,0.04544638197670964,0.0
6769,1.0,0.05,0.00013590712115296963,0.0,0.005864533840856457,0.059829669992742356,0.0
6770,1.0,0.05,0.0001346803386786906,0.0,0.005864533840856457,0.059829669992742356,0.0
6771,1.0,0.05,0.0001346803386786906,0.0,0.005864533840856457,0.09033262704890277,0.0
6772,1.0,0.05,0.0001346803386786906,0.0,0.005864533840856457,0.09033262704890277,0.0
6773,1.0,0.05,0.0001346803386786906,0.0,0.005864533840856457,0.07515044133964767,0.0
6774,1.0,0.05,0.0001346803386786906,0.0,0.005734066653936073,0.07515044133964767,0.0
6775,1.0,0.05,0.0001346803386786906,0.0,0.005734066653936073,0.07515044133964767,0.0
6776,1.0,0.05,0.0001346803386786906,0.0,0.005734066653936073,0.10483178080331484,0.0
6777,1.0,0.05,0.0001346803386786906,0.0,0.005734066653936073,0.10483178080331484,0.0
6778,1.0,0.05,0.0001346803386786906,0.0,0.00584851133970046,0.10483178080331484,0.0
6779,1.0,0.05,0.0001346803386786906,0.0,0.00584851133970046,0.10483178080331484,0.0
6780,1.0,0.05,0.00013146627522711457,0.0,0.00584851133970046,0.04142124208060431,0.0
6781,1.0,0.05,0.00013146627522711457,0.0,0.006502679305613822,0.11028313402886103,0.0
6782,1.0,0.05,0.00013130073435821374,0.0,0.006502679305613822,0.11028313402886103,0.0
6783,1.0,0.05,0.00013130073435821374,0.0,0.006393792830922281,0.11028313402886103,0.0
6784,1.0,0.05,0.00013130073435821374,0.0,0.006393792830922281,0.03472033664909691,0.0
6785,1.0,0.05,0.00013130073435821374,0.0,0.006393792830922281,0.13803629120977912,0.0
6786,1.0,0.05,0.00013130073435821374,0.0,0.006393792830922281,0.1035634077820318,0.0
6787,1.0,0.05,0.00013130073435821374,0.0,0.006393792830922281,0.07334489592910262,0.0
6788,1.0,0.05,0.0001330159839988097,0.0,0.006393792830922281,0.08791922400187566,0.0
6789,1.0,0.05,0.0001330159839988097,0.0,0.006393792830922281,0.08791922400187566,0.0
6790,1.0,0.05,0.0001330159839988097,0.0,0.006393792830922281,0.08791922400187566,0.0
6791,1.0,0.05,0.0001330159839988097,0.0,0.006393792830922281,0.08791922400187566,0.0
6792,1.0,0.05,0.0001330159839988097,0.0,0.007318610154964329,0.08791922400187566,0.0
6793,1.0,0.05,0.0001330159839988097,0.0,0.007318610154964329,0.08791922400187566,0.0
6794,1.0,0.05,0.0001330159839988097,0.0,0.007318610154964329,0.11351084618716449,0.0
6795,1.0,0.05,0.0001330159839988097,0.0,0.007318610154964329,0.05852302136476717,0.0
6796,1.0,0.05,0.0001330159839988097,0.0,0.007318610154964329,0.05852302136476717,0.0
6797,1.0,0.05,0.0001330159839988097,0.0,0.006873144225388741,0.05852302136476717,0.0
6798,1.0,0.05,0.0001330159839988097,0.0,0.005256924283919084,0.05852302136476717,0.0
6799,1.0,0.05,0.0001330159839988097,0.0,0.005660471603862174,0.05852302136476717,0.0
6800,1.0,0.05,0.0001330159839988097,0.0,0.005660471603862174,0.05852302136476717,0.0
6801,1.0,0.05,0.00012823347442638943,0.0,0.005660471603862174,0.05852302136476717,0.0
6802,1.0,0.05,0.00012823347442638943,0.0,0.005660471603862174,0.05852302136476717,0.0
6803,1.0,0.05,0.00012823347442638943,0.0,0.005660471603862174,0.05852302136476717,0.0
6804,1.0,0.05,0.00014028885112782297,0.0,0.005441551022722213,0.05852302136476717,0.0
6805,1.0,0.05,0.00014028885112782297,0.0,0.005441551022722213,0.05852302136476717,0.0
6806,1.0,0.05,0.00014028885112782297,0.0,0.005441551022722213,0.05852302136476717,0.0
6807,1.0,0.05,0.00014028885112782297,0.0,0.005441551022722213,0.061453995284789925,0.0
6808,1.0,0.05,0.00014028885112782297,0.0,0.005441551022722213,0.061453995284789925,0.0
6809,1.0,0.05,0.00014028885112782297,0.0,0.005441551022722213,0.061453995284789925,0.0
6810,1.0,0.05,0.00014028885112782297,0.0,0.005441551022722213,0.06458646712644524,0.0
6811,1.0,0.05,0.00013610387493670064,0.0,0.005441551022722213,0.06544261225906645,0.0
6812,1.0,0.05,0.00013610387493670064,0.0,0.005441551022722213,0.05759022712124909,0.0
6813,1.0,0.05,0.00013610387493670064,0.0,0.005441551022722213,0.05759022712124909,0.0
6814,1.0,0.05,0.00013610387493670064,0.0,0.005441551022722213,0.05759022712124909,0.0
6815,1.0,0.05,0.00013610387493670064,0.0,0.005441551022722213,0.05759022712124909,0.0
6816,1.0,0.05,0.00013610387493670064,0.0,0.005441551022722213,0.05759022712124909,0.0
6817,1.0,0.05,0.00013610387493670064,0.0,0.005441551022722213,0.05759022712124909,0.0
6818,1.0,0.05,0.00013610387493670064,0.0,0.005441551022722213,0.05759022712124909,0.0
6819,1.0,0.05,0.00013610387493670064,0.0,0.005506501090124981,0.05759022712124909,0.0
6820,1.0,0.05,0.00013610387493670064,0.0,0.005506501090124981,0.05759022712124909,0.0
6821,1.0,0.05,0.00013610387493670064,0.0,0.005636887079887931,0.12544490970504812,0.0
6822,1.0,0.05,0.00013610387493670064,0.0,0.005636887079887931,0.08872643788649574,0.0
6823,1.0,0.05,0.00013605561713733372,0.0,0.005636887079887931,0.090948215154838,0.0
6824,1.0,0.05,0.00013605561713733372,0.0,0.0066323423470975255,0.090948215154838,0.0
6825,1.0,0.05,0.00013605561713733372,0.0,0.007848457701549894,0.090948215154838,0.0
6826,1.0,0.05,0.00014062750048895726,0.0,0.007848457701549894,0.05877758736726285,0.0
6827,1.0,0.05,0.00014062750048895726,0.0,0.004856513757330382,0.05877758736726285,0.0
6828,1.0,0.05,0.00014062750048895726,0.0,0.00689642602711254,0.05877758736726285,0.0
6829,1.0,0.05,0.00014062750048895726,0.0,0.005652725085801197,0.05877758736726285,0.0
6830,1.0,0.05,0.00014062750048895726,0.0,0.005652725085801197,0.10362340919265284,0.0
6831,1.0,0.05,0.00014062750048895726,0.0,0.005652725085801197,0.044863417731802246,0.0
6832,1.0,0.05,0.00014062750048895726,0.0,0.005652725085801197,0.02819188045043169,0.0
6833,1.0,0.05,0.00014062750048895726,0.0,0.006672458619435294,0.02819188045043169,0.0
6834,1.0,0.05,0.00014062750048895726,0.0,0.006672458619435294,0.0721393184910627,0.0
6835,1.0,0.05,0.00014062750048895726,0.0,0.006672458619435294,0.0721393184910627,0.0
6836,1.0,0.05,0.00014062750048895726,0.0,0.006672458619435294,0.06626025158810353,0.0
6837,1.0,0.05,0.00013498995056335835,0.0,0.006672458619435294,0.06626025158810353,0.0
6838,1.0,0.05,0.00013498995056335835,0.0,0.006672458619435294,0.06626025158810353,0.0
6839,1.0,0.05,0.00013498995056335835,0.0,0.006672458619435294,0.1108394104152308,0.0
6840,1.0,0.05,0.00013498995056335835,0.0,0.0065378669288172556,0.1108394104152308,0.0
6841,1.0,0.05,0.00013498995056335835,0.0,0.0065378669288172556,0.09576224521901142,0.0
6842,1.0,0.05,0.00013498995056335835,0.0,0.0065378669288172556,0.09576224521901142,0.0
6843,1.0,0.05,0.00013498995056335835,0.0,0.0065378669288172556,0.09576224521901142,0.0
6844,1.0,0.05,0.00013498995056335835,0.0,0.0065378669288172556,0.05157812032007033,0.0
6845,1.0,0.05,0.00013498995056335835,0.0,0.0065378669288172556,0.05157812032007033,0.0
6846,1.0,0.05,0.00013498995056335835,0.0,0.006071222144581666,0.05157812032007033,0.0
6847,1.0,0.05,0.00013498995056335835,0.0,0.006071222144581666,0.05157812032007033,0.0
6848,1.0,0.05,0.0001347537324711686,0.0,0.006071222144581666,0.0843244723732803,0.0
6849,1.0,0.05,0.0001347537324711686,0.0,0.006071222144581666,0.03766726075904753,0.0
6850,1.0,0.05,0.0001347537324711686,0.0,0.006071222144581666,0.022667888440827857,0.0
6851,1.0,0.05,0.0001347537324711686,0.0,0.006071222144581666,0.09989647825736477,0.0
6852,1.0,0.05,0.0001347537324711686,0.0,0.00629208796403191,0.09989647825736477,0.0
6853,1.0,0.05,0.0001347537324711686,0.0,0.00629208796403191,0.0806423635231587,0.0
6854,1.0,0.05,0.0001347537324711686,0.0,0.00629208796403191,0.0465999428180188,0.0
6855,1.0,0.05,0.00013924601909974974,0.0,0.00629208796403191,0.0465999428180188,0.0
6856,1.0,0.05,0.00013924601909974974,0.0,0.004837446508357284,0.0465999428180188,0.0
6857,1.0,0.05,0.00013924601909974974,0.0,0.006827899197808442,0.0465999428180188,0.0
6858,1.0,0.05,0.00012125873622722253,0.0,0.006827899197808442,0.0465999428180188,0.0
6859,1.0,0.05,0.0001289942682673863,0.0,0.006827899197808442,0.0465999428180188,0.0
6860,1.0,0.05,0.0001289942682673863,0.0,0.006827899197808442,0.0465999428180188,0.0
6861,1.0,0.05,0.0001289942682673863,0.0,0.006827899197808442,0.038935664181048255,0.0
6862,1.0,0.05,0.0001289942682673863,0.0,0.006416549673304585,0.038935664181048255,0.0
6863,1.0,0.05,0.0001289942682673863,0.0,0.006416549673304585,0.038935664181048255,0.0
6864,1.0,0.05,0.0001289942682673863,0.0,0.006416549673304585,0.11508522840324915,0.0
6865,1.0,0.05,0.0001289942682673863,0.0,0.006416549673304585,0.11508522840324915,0.0
6866,1.0,0.05,0.0001308191110465913,0.0,0.005866612953744713,0.11508522840324915,0.0
6867,1.0,0.05,0.0001308191110465913,0.0,0.005866612953744713,0.11508522840324915,0.0
6868,1.0,0.05,0.0001308191110465913,0.0,0.005866612953744713,0.11508522840324915,0.0
6869,1.0,0.05,0.0001308191110465913,0.0,0.005866612953744713,0.11508522840324915,0.0
6870,1.0,0.05,0.0001308191110465913,0.0,0.005866612953744713,0.03476785438164996,0.0
6871,1.0,0.05,0.0001308191110465913,0.0,0.005866612953744713,0.03476785438164996,0.0
6872,1.0,0.05,0.0001308191110465913,0.0,0.005866612953744713,0.09865196857877097,0.0
6873,1.0,0.05,0.0001308191110465913,0.0,0.005866612953744713,0.029481545433682994,0.0
6874,1.0,0.05,0.0001367932876727871,0.0,0.0060275387079697625,0.029481545433682994,0.0
6875,1.0,0.05,0.0001367932876727871,0.0,0.0060275387079697625,0.012313790513266568,0.0
6876,1.0,0.05,0.0001367932876727871,0.0,0.0060275387079697625,0.03376159576258087,0.0
6877,1.0,0.05,0.0001367932876727871,0.0,0.0060275387079697625,0.033806615438013894,0.0
6878,1.0,0.05,0.0001367932876727871,0.0,0.0060275387079697625,0.033806615438013894,0.0
6879,1.0,0.05,0.0001311612395147385,0.0,0.0060275387079697625,0.03826285480054428,0.0
6880,1.0,0.05,0.0001311612395147385,0.0,0.0060275387079697625,0.055955842250291425,0.0
6881,1.0,0.05,0.0001311612395147385,0.0,0.0060275387079697625,0.055955842250291425,0.0
6882,1.0,0.05,0.0001311612395147385,0.0,0.0060275387079697625,0.05659328379698694,0.0
6883,1.0,0.05,0.0001311612395147385,0.0,0.0060275387079697625,0.05659328379698694,0.0
6884,1.0,0.05,0.0001311612395147385,0.0,0.0060275387079697625,0.1190850918332881,0.0
6885,1.0,0.05,0.0001311612395147385,0.0,0.0060275387079697625,0.05244957288911959,0.0
6886,1.0,0.05,0.0001311612395147385,0.0,0.0060275387079697625,0.033164064140059395,0.0
6887,1.0,0.05,0.0001311612395147385,0.0,0.006910483069617927,0.056148882454383965,0.0
6888,1.0,0.05,0.0001311612395147385,0.0,0.006910483069617927,0.056148882454383965,0.0
6889,1.0,0.05,0.0001311612395147385,0.0,0.006910483069617927,0.056148882454383965,0.0
6890,1.0,0.05,0.0001311612395147385,0.0,0.006910483069617927,0.05189695341242233,0.0
6891,1.0,0.05,0.0001311612395147385,0.0,0.006910483069617927,0.06869799701435529,0.0
6892,1.0,0.05,0.0001311612395147385,0.0,0.006910483069617927,0.08002281299672649,0.0
6893,1.0,0.05,0.0001311612395147385,0.0,0.006717587192695724,0.08002281299672649,0.0
6894,1.0,0.05,0.0001311612395147385,0.0,0.006717587192695724,0.08002281299672649,0.0
6895,1.0,0.05,0.0001311612395147385,0.0,0.006717587192695724,0.08002281299672649,0.0
6896,1.0,0.05,0.0001311612395147385,0.0,0.006717587192695724,0.08002281299672649,0.0
6897,1.0,0.05,0.0001311612395147385,0.0,0.006717587192695724,0.08002281299672649,0.0
6898,1.0,0.05,0.0001311612395147385,0.0,0.006717587192695724,0.08002281299672649,0.0
6899,1.0,0.05,0.0001311612395147385,0.0,0.006717587192695724,0.08002281299672649,0.0
6900,1.0,0.05,0.0001311612395147385,0.0,0.006717587192695724,0.05273246810691645,0.0
6901,1.0,0.05,0.0001311612395147385,0.0,0.006717587192695724,0.06221369686548875,0.0
6902,1.0,0.05,0.0001311612395147385,0.0,0.005484697951868875,0.06221369686548875,0.0
6903,1.0,0.05,0.0001311612395147385,0.0,0.005484697951868875,0.05427090793874372,0.0
6904,1.0,0.05,0.0001311612395147385,0.0,0.005484697951868875,0.05427090793874372,0.0
6905,1.0,0.05,0.0001311612395147385,0.0,0.005484697951868875,0.06883139897398449,0.0
6906,1.0,0.05,0.0001311612395147385,0.0,0.005484697951868875,0.06883139897398449,0.0
6907,1.0,0.05,0.0001311612395147385,0.0,0.005604926211879575,0.0680606522308145,0.0
6908,1.0,0.05,0.0001311612395147385,0.0,0.006299586670998491,0.0344669704515338,0.0
6909,1.0,0.05,0.0001311612395147385,0.0,0.006299586670998491,0.0344669704515338,0.0
6910,1.0,0.05,0.0001311612395147385,0.0,0.006299586670998491,0.0344669704515338,0.0
6911,1.0,0.05,0.0001311612395147385,0.0,0.006299586670998491,0.0344669704515338,0.0
6912,1.0,0.05,0.00012909945470634214,0.0,0.006299586670998491,0.07009646134896017,0.0
6913,1.0,0.05,0.00012966251119208774,0.0,0.006939971956304725,0.08364737276691137,0.0
6914,1.0,0.05,0.00012966251119208774,0.0,0.006939971956304725,0.05655677247683565,0.0
6915,1.0,0.05,0.00012966251119208774,0.0,0.006939971956304725,0.05655677247683565,0.0
6916,1.0,0.05,0.00012966251119208774,0.0,0.006939971956304725,0.05655677247683565,0.0
6917,1.0,0.05,0.00012966251119208774,0.0,0.006939971956304725,0.05655677247683565,0.0
6918,1.0,0.05,0.00012966251119208774,0.0,0.006939971956304725,0.05655677247683565,0.0
6919,1.0,0.05,0.00012966251119208774,0.0,0.006939971956304725,0.05655677247683565,0.0
6920,1.0,0.05,0.00012966251119208774,0.0,0.006939971956304725,0.11699373526975697,0.0
6921,1.0,0.05,0.00012966251119208774,0.0,0.006339995571496105,0.11575000608420219,0.0
6922,1.0,0.05,0.00012966251119208774,0.0,0.006227051716005072,0.11575000608420219,0.0
6923,1.0,0.05,0.00012966251119208774,0.0,0.006227051716005072,0.11575000608420219,0.0
6924,1.0,0.05,0.00012966251119208774,0.0,0.006630259138775676,0.041523599826072045,0.0
6925,1.0,0.05,0.00012966251119208774,0.0,0.006630259138775676,0.041523599826072045,0.0
6926,1.0,0.05,0.00012966251119208774,0.0,0.006630259138775676,0.03496844995894233,0.0
6927,1.0,0.05,0.00012966251119208774,0.0,0.0064811017986346085,0.06335614285639128,0.0
6928,1.0,0.05,0.00012966251119208774,0.0,0.0064811017986346085,0.07284485526136357,0.0
6929,1.0,0.05,0.00012966251119208774,0.0,0.0064811017986346085,0.08927889414880849,0.0
6930,1.0,0.05,0.00012966251119208774,0.0,0.006805469460066196,0.08927889414880849,0.0
6931,1.0,0.05,0.00012466722459542133,0.0,0.007423316691581534,0.08444887623581063,0.0
6932,1.0,0.05,0.0001260435739894589,0.0,0.007423316691581534,0.038464154098248125,0.0
6933,1.0,0.05,0.0001260435739894589,0.0,0.007423316691581534,0.13624873884955974,0.0
6934,1.0,0.05,0.0001260435739894589,0.0,0.007397409826386888,0.13624873884955974,0.0
6935,1.0,0.05,0.0001260435739894589,0.0,0.007397409826386888,0.06470057854814582,0.0
6936,1.0,0.05,0.0001260435739894589,0.0,0.007397409826386888,0.06470057854814582,0.0
6937,1.0,0.05,0.0001260435739894589,0.0,0.007397409826386888,0.06470057854814582,0.0
6938,1.0,0.05,0.0001260435739894589,0.0,0.007397409826386888,0.06470057854814582,0.0
6939,1.0,0.05,0.0001260435739894589,0.0,0.007397409826386888,0.06470057854814582,0.0
6940,1.0,0.05,0.0001260435739894589,0.0,0.007397409826386888,0.06470057854814582,0.0
6941,1.0,0.05,0.0001260435739894589,0.0,0.007397409826386888,0.06470057854814582,0.0
6942,1.0,0.05,0.0001260435739894589,0.0,0.007397409826386888,0.12166868834546804,0.0
6943,1.0,0.05,0.0001260435739894589,0.0,0.007325769619059393,0.14923918008449738,0.0
6944,1.0,0.05,0.0001260435739894589,0.0,0.007325769619059393,0.10947253489095961,0.0
6945,1.0,0.05,0.0001260435739894589,0.0,0.007325769619059393,0.10947253489095961,0.0
6946,1.0,0.05,0.0001260435739894589,0.0,0.007325769619059393,0.03247186615351473,0.0
6947,1.0,0.05,0.0001260435739894589,0.0,0.006856229955815152,0.0688123077964972,0.0
6948,1.0,0.05,0.0001260435739894589,0.0,0.006856229955815152,0.0600313883139517,0.0
6949,1.0,0.05,0.0001260435739894589,0.0,0.006856229955815152,0.0480842089501838,0.0
6950,1.0,0.05,0.0001260435739894589,0.0,0.006856229955815152,0.04320673158313206,0.0
6951,1.0,0.05,0.0001260435739894589,0.0,0.006856229955815152,0.0716444268385906,0.0
6952,1.0,0.05,0.0001260435739894589,0.0,0.006856229955815152,0.0590426587320773,0.0
6953,1.0,0.05,0.0001260435739894589,0.0,0.007473297192522638,0.06523989221541378,0.0
6954,1.0,0.05,0.0001260435739894589,0.0,0.00724467217694925,0.06523989221541378,0.0
6955,1.0,0.05,0.0001260435739894589,0.0,0.00724467217694925,0.09641444012953593,0.0
6956,1.0,0.05,0.0001260435739894589,0.0,0.007453437865539572,0.1087329095611281,0.0
6957,1.0,0.05,0.0001260435739894589,0.0,0.007453437865539572,0.08225529631439957,0.0
6958,1.0,0.05,0.0001260435739894589,0.0,0.007453437865539572,0.08225529631439957,0.0
6959,1.0,0.05,0.00012555564657534878,0.0,0.007453437865539572,0.05829273822305461,0.0
6960,1.0,0.05,0.00012555564657534878,0.0,0.007034243962834476,0.05829273822305461,0.0
6961,1.0,0.05,0.00012560363522568866,0.0,0.007034243962834476,0.05829273822305461,0.0
6962,1.0,0.05,0.00012193864209537565,0.0,0.007172208845124581,0.05829273822305461,0.0
6963,1.0,0.05,0.00012193864209537565,0.0,0.007172208845124581,0.11268630676064957,0.0
6964,1.0,0.05,0.00012193864209537565,0.0,0.007172208845124581,0.11268630676064957,0.0
6965,1.0,0.05,0.00012193864209537565,0.0,0.007172208845124581,0.060341647359480874,0.0
6966,1.0,0.05,0.00012193864209537565,0.0,0.007172208845124581,0.08223094169595595,0.0
6967,1.0,0.05,0.00012193864209537565,0.0,0.007172208845124581,0.08223094169595595,0.0
6968,1.0,0.05,0.00012193864209537565,0.0,0.007172208845124581,0.015736176203767036,0.0
6969,1.0,0.05,0.00012193864209537565,0.0,0.007172208845124581,0.0583679823164918,0.0
6970,1.0,0.05,0.00012756703659065122,0.0,0.007172208845124581,0.0583679823164918,0.0
6971,1.0,0.05,0.00012756703659065122,0.0,0.007172208845124581,0.11055736651497965,0.0
6972,1.0,0.05,0.00012756703659065122,0.0,0.006939239767193336,0.07741998434019581,0.0
6973,1.0,0.05,0.00012756703659065122,0.0,0.006939239767193336,0.07741998434019581,0.0
6974,1.0,0.05,0.00012756703659065122,0.0,0.006939239767193336,0.12268817296026018,0.0
6975,1.0,0.05,0.00012756703659065122,0.0,0.006939239767193336,0.12268817296026018,0.0
6976,1.0,0.05,0.00012756703659065122,0.0,0.006939239767193336,0.03271003215249225,0.0
6977,1.0,0.05,0.00012756703659065122,0.0,0.006630523102975617,0.04317306269223413,0.0
6978,1.0,0.05,0.00012756703659065122,0.0,0.006630523102975617,0.04317306269223413,0.0
6979,1.0,0.05,0.00012756703659065122,0.0,0.006630523102975617,0.058053537144036924,0.0
6980,1.0,0.05,0.00012756703659065122,0.0,0.006630523102975617,0.12152774013330367,0.0
6981,1.0,0.05,0.00012756703659065122,0.0,0.007726950239754409,0.12152774013330367,0.0
6982,1.0,0.05,0.00012756703659065122,0.0,0.007726950239754409,0.12152774013330367,0.0
6983,1.0,0.05,0.00012756703659065122,0.0,0.00684473563569824,0.12152774013330367,0.0
6984,1.0,0.05,0.00012756703659065122,0.0,0.00684473563569824,0.12152774013330367,0.0
6985,1.0,0.05,0.00012756703659065122,0.0,0.00684473563569824,0.12152774013330367,0.0
6986,1.0,0.05,0.00012756703659065122,0.0,0.00684473563569824,0.12152774013330367,0.0
6987,1.0,0.05,0.00012756703659065122,0.0,0.00684473563569824,0.09584876167425879,0.0
6988,1.0,0.05,0.00012756703659065122,0.0,0.00684473563569824,0.09584876167425879,0.0
6989,1.0,0.05,0.00012756703659065122,0.0,0.00684473563569824,0.09584876167425879,0.0
6990,1.0,0.05,0.00012756703659065122,0.0,0.00684473563569824,0.09584876167425879,0.0
6991,1.0,0.05,0.00012756703659065122,0.0,0.00684473563569824,0.09584876167425879,0.0
6992,1.0,0.05,0.00012756703659065122,0.0,0.00684473563569824,0.09584876167425879,0.0
6993,1.0,0.05,0.00012756703659065122,0.0,0.007473398552840726,0.09584876167425879,0.0
6994,1.0,0.05,0.00012756703659065122,0.0,0.007473398552840726,0.09584876167425879,0.0
6995,1.0,0.05,0.00012756703659065122,0.0,0.007473398552840726,0.09584876167425879,0.0
6996,1.0,0.05,0.00012675847859210741,0.0,0.007473398552840726,0.09584876167425879,0.0
6997,1.0,0.05,0.00012675847859210741,0.0,0.007473398552840726,0.09584876167425879,0.0
6998,1.0,0.05,0.00012675847859210741,0.0,0.008024397105805424,0.09584876167425879,0.0
6999,1.0,0.05,0.00012675847859210741,0.0,0.008024397105805424,0.09584876167425879,0.0
7000,1.0,0.05,0.00012675847859210741,0.0,0.008024397105805424,0.09584876167425879,0.0
7001,1.0,0.05,0.00012675847859210741,0.0,0.007118087992829126,0.09584876167425879,0.0
7002,1.0,0.05,0.00012675847859210741,0.0,0.007118087992829126,0.09584876167425879,0.0
7003,1.0,0.05,0.00012675847859210741,0.0,0.006590920954178376,0.08613758414910479,0.0
7004,1.0,0.05,0.00012675847859210741,0.0,0.006590920954178376,0.11949873144452708,0.0
7005,1.0,0.05,0.00012675847859210741,0.0,0.006590920954178376,0.11949873144452708,0.0
7006,1.0,0.05,0.00013332150885672303,0.0,0.0065019392317534645,0.11949873144452708,0.0
7007,1.0,0.05,0.00013332150885672303,0.0,0.0065019392317534645,0.11949873144452708,0.0
7008,1.0,0.05,0.00013378952712981567,0.0,0.0065019392317534645,0.06685824990097058,0.0
7009,1.0,0.05,0.00013378952712981567,0.0,0.007057590272105058,0.10309608983408347,0.0
7010,1.0,0.05,0.00013378952712981567,0.0,0.007057590272105058,0.10309608983408347,0.0
7011,1.0,0.05,0.00013378952712981567,0.0,0.005728014550642407,0.10309608983408347,0.0
7012,1.0,0.05,0.00013378952712981567,0.0,0.00579833976684411,0.061195951075179014,0.0
7013,1.0,0.05,0.00013378952712981567,0.0,0.00579833976684411,0.0843651376698374,0.0
7014,1.0,0.05,0.00013378952712981567,0.0,0.00579833976684411,0.0843651376698374,0.0
7015,1.0,0.05,0.00013508707938033522,0.0,0.00579833976684411,0.0843651376698374,0.0
7016,1.0,0.05,0.00013508707938033522,0.0,0.006192132556901361,0.0843651376698374,0.0
7017,1.0,0.05,0.00013508707938033522,0.0,0.006044228914551026,0.0843651376698374,0.0
7018,1.0,0.05,0.00013508707938033522,0.0,0.006044228914551026,0.0843651376698374,0.0
7019,1.0,0.05,0.00013508707938033522,0.0,0.006044228914551026,0.08815307156347729,0.0
7020,1.0,0.05,0.00013508707938033522,0.0,0.006044228914551026,0.06390006162356406,0.0
7021,1.0,0.05,0.00013508707938033522,0.0,0.006044228914551026,0.06390006162356406,0.0
7022,1.0,0.05,0.00013508707938033522,0.0,0.006044228914551026,0.06390006162356406,0.0
7023,1.0,0.05,0.00013508707938033522,0.0,0.006044228914551026,0.06390006162356406,0.0
7024,1.0,0.05,0.00013508707938033522,0.0,0.006048299707281731,0.06390006162356406,0.0
7025,1.0,0.05,0.00013508707938033522,0.0,0.006048299707281731,0.06311877545301056,0.0
7026,1.0,0.05,0.00013508707938033522,0.0,0.006048299707281731,0.06311877545301056,0.0
7027,1.0,0.05,0.00013508707938033522,0.0,0.006048299707281731,0.0136206451682723,0.0
7028,1.0,0.05,0.00013508707938033522,0.0,0.006048299707281731,0.0136206451682723,0.0
7029,1.0,0.05,0.00013508707938033522,0.0,0.006048299707281731,0.012380523516795883,0.0
7030,1.0,0.05,0.00013508707938033522,0.0,0.006048299707281731,0.053980869688453746,0.0
7031,1.0,0.05,0.00013508707938033522,0.0,0.005464625454519398,0.028223051471986258,0.0
7032,1.0,0.05,0.00013508707938033522,0.0,0.005464625454519398,0.07973396751156747,0.0
7033,1.0,0.05,0.00013508707938033522,0.0,0.005464625454519398,0.07973396751156747,0.0
7034,1.0,0.05,0.00013508707938033522,0.0,0.0059392123073393295,0.07973396751156747,0.0
7035,1.0,0.05,0.0001309103794324736,0.0,0.0059392123073393295,0.07973396751156747,0.0
7036,1.0,0.05,0.0001309103794324736,0.0,0.0059392123073393295,0.046513083233229835,0.0
7037,1.0,0.05,0.0001309103794324736,0.0,0.0059392123073393295,0.046513083233229835,0.0
7038,1.0,0.05,0.0001309103794324736,0.0,0.005714489490140651,0.046513083233229835,0.0
7039,1.0,0.05,0.0001309103794324736,0.0,0.005714489490140651,0.03706748667353208,0.0
7040,1.0,0.05,0.0001309103794324736,0.0,0.006493231577722491,0.03706748667353208,0.0
7041,1.0,0.05,0.0001309103794324736,0.0,0.006493231577722491,0.05890352209784986,0.0
7042,1.0,0.05,0.0001309103794324736,0.0,0.006493231577722491,0.05890352209784986,0.0
7043,1.0,0.05,0.0001309103794324736,0.0,0.006004241620276044,0.05890352209784986,0.0
7044,1.0,0.05,0.0001309103794324736,0.0,0.006004241620276044,0.05890352209784986,0.0
7045,1.0,0.05,0.0001309103794324736,0.0,0.006004241620276044,0.05890352209784986,0.0
7046,1.0,0.05,0.0001309103794324736,0.0,0.006004241620276044,0.07644670682381555,0.0
7047,1.0,0.05,0.0001309103794324736,0.0,0.006004241620276044,0.07644670682381555,0.0
7048,1.0,0.05,0.0001309103794324736,0.0,0.006004241620276044,0.07644670682381555,0.0
7049,1.0,0.05,0.0001309103794324736,0.0,0.006004241620276044,0.07644670682381555,0.0
7050,1.0,0.05,0.0001309103794324736,0.0,0.006004241620276044,0.07644670682381555,0.0
7051,1.0,0.05,0.0001309103794324736,0.0,0.006004241620276044,0.09697634217543757,0.0
7052,1.0,0.05,0.0001309103794324736,0.0,0.006004241620276044,0.09697634217543757,0.0
7053,1.0,0.05,0.0001309103794324736,0.0,0.006004241620276044,0.059643367675502795,0.0
7054,1.0,0.05,0.0001309103794324736,0.0,0.006004241620276044,0.059643367675502795,0.0
7055,1.0,0.05,0.00013320859087786053,0.0,0.005914572170883884,0.059643367675502795,0.0
7056,1.0,0.05,0.00013320859087786053,0.0,0.005914572170883884,0.059643367675502795,0.0
7057,1.0,0.05,0.00013320859087786053,0.0,0.005914572170883884,0.047636011458049334,0.0
7058,1.0,0.05,0.00013320859087786053,0.0,0.005914572170883884,0.047636011458049334,0.0
7059,1.0,0.05,0.00013320859087786053,0.0,0.005914572170883884,0.07006455013100575,0.0
7060,1.0,0.05,0.00013320859087786053,0.0,0.005914572170883884,0.07458239616641191,0.0
7061,1.0,0.05,0.00013320859087786053,0.0,0.007066744864110532,0.07458239616641191,0.0
7062,1.0,0.05,0.00013320859087786053,0.0,0.0073519661177857,0.09051375106530242,0.0
7063,1.0,0.05,0.00013320859087786053,0.0,0.0073519661177857,0.09051375106530242,0.0
7064,1.0,0.05,0.00013320859087786053,0.0,0.0073519661177857,0.047061829307600875,0.0
7065,1.0,0.05,0.00013339230196449383,0.0,0.0073519661177857,0.047061829307600875,0.0
7066,1.0,0.05,0.00013339230196449383,0.0,0.0073519661177857,0.08925675823754536,0.0
7067,1.0,0.05,0.00013339230196449383,0.0,0.0073519661177857,0.08925675823754536,0.0
7068,1.0,0.05,0.000123927240808845,0.0,0.0073519661177857,0.08925675823754536,0.0
7069,1.0,0.05,0.000123927240808845,0.0,0.0073519661177857,0.04040526673159772,0.0
7070,1.0,0.05,0.000123927240808845,0.0,0.0073519661177857,0.04040526673159772,0.0
7071,1.0,0.05,0.00013550833839087408,0.0,0.0073519661177857,0.04040526673159772,0.0
7072,1.0,0.05,0.00013550833839087408,0.0,0.0073519661177857,0.07371433910414553,0.0
7073,1.0,0.05,0.00013550833839087408,0.0,0.0073519661177857,0.07371433910414553,0.0
7074,1.0,0.05,0.00013550833839087408,0.0,0.005000213870754129,0.07371433910414553,0.0
7075,1.0,0.05,0.00013550833839087408,0.0,0.00506469012857924,0.07371433910414553,0.0
7076,1.0,0.05,0.00013550833839087408,0.0,0.00506469012857924,0.07371433910414553,0.0
7077,1.0,0.05,0.00013550833839087408,0.0,0.00506469012857924,0.04277720755326481,0.0
7078,1.0,0.05,0.00013550833839087408,0.0,0.00506469012857924,0.010405411554300316,0.0
7079,1.0,0.05,0.00013550833839087408,0.0,0.006179713995355907,0.022460997578526924,0.0
7080,1.0,0.05,0.00013550833839087408,0.0,0.005938605583039858,0.01783133048089751,0.0
7081,1.0,0.05,0.00013550833839087408,0.0,0.005938605583039858,0.019641127216501908,0.0
7082,1.0,0.05,0.00013550833839087408,0.0,0.005938605583039858,0.019641127216501908,0.0
7083,1.0,0.05,0.00013801951923280933,0.0,0.005938605583039858,0.04373421236522451,0.0
7084,1.0,0.05,0.00013801951923280933,0.0,0.005627334009654919,0.056345194332260845,0.0
7085,1.0,0.05,0.0001317164522370635,0.0,0.005627334009654919,0.056345194332260845,0.0
7086,1.0,0.05,0.00013731669379029538,0.0,0.005627334009654919,0.056345194332260845,0.0
7087,1.0,0.05,0.00013731669379029538,0.0,0.005627334009654919,0.056345194332260845,0.0
7088,1.0,0.05,0.00013731669379029538,0.0,0.005627334009654919,0.056345194332260845,0.0
7089,1.0,0.05,0.00013670352353156872,0.0,0.005627334009654919,0.056345194332260845,0.0
7090,1.0,0.05,0.00013670352353156872,0.0,0.005627334009654919,0.056345194332260845,0.0
7091,1.0,0.05,0.00013670352353156872,0.0,0.005627334009654919,0.020275997857091086,0.0
7092,1.0,0.05,0.00013670352353156872,0.0,0.005627334009654919,0.022083885038255695,0.0
7093,1.0,0.05,0.00013670352353156872,0.0,0.0060062897109864274,0.022083885038255695,0.0
7094,1.0,0.05,0.00013670352353156872,0.0,0.0060062897109864274,0.022083885038255695,0.0
7095,1.0,0.05,0.00013670352353156872,0.0,0.0060062897109864274,0.08296698651074645,0.0
7096,1.0,0.05,0.00013670352353156872,0.0,0.0060062897109864274,0.04788103406263796,0.0
7097,1.0,0.05,0.00013670352353156872,0.0,0.0060062897109864274,0.051750592128498064,0.0
7098,1.0,0.05,0.00013767500308496246,0.0,0.0060062897109864274,0.04221477606770546,0.0
7099,1.0,0.05,0.00013767500308496246,0.0,0.0060062897109864274,0.04221477606770546,0.0
7100,1.0,0.05,0.00013767500308496246,0.0,0.004960998765452665,0.048594234008036516,0.0
7101,1.0,0.05,0.00013767500308496246,0.0,0.004960998765452665,0.048594234008036516,0.0
7102,1.0,0.05,0.00013767500308496246,0.0,0.004960998765452665,0.048594234008036516,0.0
7103,1.0,0.05,0.00013767500308496246,0.0,0.004960998765452665,0.048594234008036516,0.0
7104,1.0,0.05,0.00013767500308496246,0.0,0.005426861160124161,0.048594234008036516,0.0
7105,1.0,0.05,0.00013767500308496246,0.0,0.005426861160124161,0.032031302509303784,0.0
7106,1.0,0.05,0.00013444780682116998,0.0,0.005426861160124161,0.032031302509303784,0.0
7107,1.0,0.05,0.00013444780682116998,0.0,0.005426861160124161,0.032031302509303784,0.0
7108,1.0,0.05,0.00013444780682116998,0.0,0.005426861160124161,0.032031302509303784,0.0
7109,1.0,0.05,0.00013444780682116998,0.0,0.007801849707761569,0.0855632192081683,0.0
7110,1.0,0.05,0.00013444780682116998,0.0,0.00634396273579211,0.09057489139365348,0.0
7111,1.0,0.05,0.00013444780682116998,0.0,0.00634396273579211,0.09057489139365348,0.0
7112,1.0,0.05,0.00013444780682116998,0.0,0.00634396273579211,0.09057489139365348,0.0
7113,1.0,0.05,0.00013444780682116998,0.0,0.00634396273579211,0.04130043570723993,0.0
7114,1.0,0.05,0.00013444780682116998,0.0,0.00634396273579211,0.04613936503293693,0.0
7115,1.0,0.05,0.00013444780682116998,0.0,0.00634396273579211,0.036165615061198704,0.0
7116,1.0,0.05,0.00013444780682116998,0.0,0.00634396273579211,0.03266970360773364,0.0
7117,1.0,0.05,0.00013058656373452973,0.0,0.00634396273579211,0.03266970360773364,0.0
7118,1.0,0.05,0.00013058656373452973,0.0,0.00634396273579211,0.02078713324500282,0.0
7119,1.0,0.05,0.00013058656373452973,0.0,0.006585558637827689,0.11758338500828318,0.0
7120,1.0,0.05,0.00013058656373452973,0.0,0.005597413732654148,0.07431398589191887,0.0
7121,1.0,0.05,0.00013058656373452973,0.0,0.005597413732654148,0.045624218880241166,0.0
7122,1.0,0.05,0.00013058656373452973,0.0,0.006239881271195872,0.033001278381382435,0.0
7123,1.0,0.05,0.00012415030265452358,0.0,0.006239881271195872,0.029376040600248118,0.0
7124,1.0,0.05,0.00012415030265452358,0.0,0.006239881271195872,0.03432768332378043,0.0
7125,1.0,0.05,0.00012415030265452358,0.0,0.007369044862719191,0.16249404368758577,0.0
7126,1.0,0.05,0.00012415030265452358,0.0,0.007369044862719191,0.04299193434336983,0.0
7127,1.0,0.05,0.00012415030265452358,0.0,0.005783631178271848,0.10544379072712974,0.0
7128,1.0,0.05,0.00012415030265452358,0.0,0.005783631178271848,0.09386415706519163,0.0
7129,1.0,0.05,0.00013892561396979395,0.0,0.005783631178271848,0.09386415706519163,0.0
7130,1.0,0.05,0.00013892561396979395,0.0,0.005783631178271848,0.09386415706519163,0.0
7131,1.0,0.05,0.00013892561396979395,0.0,0.005439356663993857,0.07335348631753648,0.0
7132,1.0,0.05,0.00013892561396979395,0.0,0.005439356663993857,0.06714338072319238,0.0
7133,1.0,0.05,0.00013892561396979395,0.0,0.005439356663993857,0.06714338072319238,0.0
7134,1.0,0.05,0.00013892561396979395,0.0,0.005439356663993857,0.06714338072319238,0.0
7135,1.0,0.05,0.00013892561396979395,0.0,0.005439356663993857,0.06714338072319238,0.0
7136,1.0,0.05,0.00013892561396979395,0.0,0.005439356663993857,0.08054186363313239,0.0
7137,1.0,0.05,0.00013892561396979395,0.0,0.0054033997226001764,0.08054186363313239,0.0
7138,1.0,0.05,0.00013892561396979395,0.0,0.006715819586154541,0.08054186363313239,0.0
7139,1.0,0.05,0.00013892561396979395,0.0,0.005584480771514692,0.08054186363313239,0.0
7140,1.0,0.05,0.00013892561396979395,0.0,0.005584480771514692,0.08054186363313239,0.0
7141,1.0,0.05,0.00013892561396979395,0.0,0.005584480771514692,0.08054186363313239,0.0
7142,1.0,0.05,0.00014019847570863493,0.0,0.005584480771514692,0.043575223055004685,0.0
7143,1.0,0.05,0.0001302400614807897,0.0,0.005584480771514692,0.043575223055004685,0.0
7144,1.0,0.05,0.0001302400614807897,0.0,0.005584480771514692,0.06748720176142851,0.0
7145,1.0,0.05,0.0001302400614807897,0.0,0.005584480771514692,0.06748720176142851,0.0
7146,1.0,0.05,0.00013558127422232355,0.0,0.005584480771514692,0.06748720176142851,0.0
7147,1.0,0.05,0.00013558127422232355,0.0,0.005625092538894889,0.06296371384840226,0.0
7148,1.0,0.05,0.00013558127422232355,0.0,0.005625092538894889,0.06296371384840226,0.0
7149,1.0,0.05,0.00013558127422232355,0.0,0.005625092538894889,0.06439922029540841,0.0
7150,1.0,0.05,0.00013558127422232355,0.0,0.005625092538894889,0.12398045962139945,0.0
7151,1.0,0.05,0.00013558127422232355,0.0,0.005625092538894889,0.12398045962139945,0.0
7152,1.0,0.05,0.00013558127422232355,0.0,0.005625092538894889,0.08963167659286413,0.0
7153,1.0,0.05,0.00013558127422232355,0.0,0.006227054473978672,0.08138070076827196,0.0
7154,1.0,0.05,0.00013558127422232355,0.0,0.006227054473978672,0.08138070076827196,0.0
7155,1.0,0.05,0.00012545468367220768,0.0,0.006227054473978672,0.11570154759326218,0.0
7156,1.0,0.05,0.00012545468367220768,0.0,0.007815992351947978,0.13194436708842902,0.0
7157,1.0,0.05,0.00012545468367220768,0.0,0.007815992351947978,0.15938390857606866,0.0
7158,1.0,0.05,0.00012413385077608474,0.0,0.007815992351947978,0.15227768404211817,0.0
7159,1.0,0.05,0.00012010233896614473,0.0,0.007815992351947978,0.17580873253722323,0.0
7160,1.0,0.05,0.00012010233896614473,0.0,0.007815992351947978,0.12184771486176514,0.0
7161,1.0,0.05,0.00012010233896614473,0.0,0.007815992351947978,0.09851591220232855,0.0
7162,1.0,0.05,0.0001401231240850915,0.0,0.006871976099909445,0.09851591220232855,0.0
7163,1.0,0.05,0.0001401231240850915,0.0,0.006871976099909445,0.09851591220232855,0.0
7164,1.0,0.05,0.0001401231240850915,0.0,0.006871976099909445,0.034547411230042624,0.0
7165,1.0,0.05,0.0001401231240850915,0.0,0.006871976099909445,0.034547411230042624,0.0
7166,1.0,0.05,0.0001401231240850915,0.0,0.006105062617170126,0.034547411230042624,0.0
7167,1.0,0.05,0.0001401231240850915,0.0,0.006105062617170126,0.056703327949692045,0.0
7168,1.0,0.05,0.00013238705895781528,0.0,0.006105062617170126,0.056703327949692045,0.0
7169,1.0,0.05,0.00013238705895781528,0.0,0.006105062617170126,0.056703327949692045,0.0
7170,1.0,0.05,0.00013238705895781528,0.0,0.006105062617170126,0.056703327949692045,0.0
7171,1.0,0.05,0.00013238705895781528,0.0,0.006105062617170126,0.056703327949692045,0.0
7172,1.0,0.05,0.00013238705895781528,0.0,0.006105062617170126,0.055780250837442744,0.0
7173,1.0,0.05,0.00013238705895781528,0.0,0.006105062617170126,0.08036832856347619,0.0
7174,1.0,0.05,0.00013238705895781528,0.0,0.006105062617170126,0.08036832856347619,0.0
7175,1.0,0.05,0.00013238705895781528,0.0,0.006105062617170126,0.08036832856347619,0.0
7176,1.0,0.05,0.00013238705895781528,0.0,0.005209360916445191,0.062022107010477605,0.0
7177,1.0,0.05,0.00013238705895781528,0.0,0.006345660399338432,0.026803145310435858,0.0
7178,1.0,0.05,0.00013238705895781528,0.0,0.006345660399338432,0.04952380724998559,0.0
7179,1.0,0.05,0.00013238705895781528,0.0,0.006345660399338432,0.04952380724998559,0.0
7180,1.0,0.05,0.00013238705895781528,0.0,0.006345660399338432,0.04952380724998559,0.0
7181,1.0,0.05,0.00013238705895781528,0.0,0.006345660399338432,0.04952380724998559,0.0
7182,1.0,0.05,0.00013238705895781528,0.0,0.006361535958887391,0.04952380724998559,0.0
7183,1.0,0.05,0.0001367655264080838,0.0,0.006361535958887391,0.04952380724998559,0.0
7184,1.0,0.05,0.000138742290857838,0.0,0.006361535958887391,0.04952380724998559,0.0
7185,1.0,0.05,0.00013598317177579568,0.0,0.006361535958887391,0.04952380724998559,0.0
7186,1.0,0.05,0.00013598317177579568,0.0,0.006361535958887391,0.04952380724998559,0.0
7187,1.0,0.05,0.00013598317177579568,0.0,0.006361535958887391,0.057969788999039276,0.0
7188,1.0,0.05,0.00013598317177579568,0.0,0.006361535958887391,0.057969788999039276,0.0
7189,1.0,0.05,0.00013598317177579568,0.0,0.006361535958887391,0.04955723987597824,0.0
7190,1.0,0.05,0.00013598317177579568,0.0,0.0055244317059330375,0.04955723987597824,0.0
7191,1.0,0.05,0.00013598317177579568,0.0,0.005779258847483239,0.06453763772236931,0.0
7192,1.0,0.05,0.00013598317177579568,0.0,0.005779258847483239,0.027806760792994,0.0
7193,1.0,0.05,0.00013598317177579568,0.0,0.005779258847483239,0.025449009763234366,0.0
7194,1.0,0.05,0.00013598317177579568,0.0,0.005779258847483239,0.025449009763234366,0.0
7195,1.0,0.05,0.00013598317177579568,0.0,0.005779258847483239,0.025449009763234366,0.0
7196,1.0,0.05,0.00013598317177579568,0.0,0.005779258847483239,0.095750824580347,0.0
7197,1.0,0.05,0.00013598317177579568,0.0,0.005779258847483239,0.095750824580347,0.0
7198,1.0,0.05,0.00013598317177579568,0.0,0.0060502544930502,0.05350679681345315,0.0
7199,1.0,0.05,0.00013598317177579568,0.0,0.0060502544930502,0.08535910041956504,0.0
7200,1.0,0.05,0.00013598317177579568,0.0,0.0060502544930502,0.07020695763075611,0.0
7201,1.0,0.05,0.00013598317177579568,0.0,0.0060502544930502,0.08414006643565194,0.0
7202,1.0,0.05,0.00013598317177579568,0.0,0.0060502544930502,0.08228844333052912,0.0
7203,1.0,0.05,0.00013598317177579568,0.0,0.0060502544930502,0.010646142052520426,0.0
7204,1.0,0.05,0.00013598317177579568,0.0,0.0060502544930502,0.006886851284274539,0.0
7205,1.0,0.05,0.00013598317177579568,0.0,0.0060502544930502,0.009287173520495186,0.0
7206,1.0,0.05,0.00013598317177579568,0.0,0.0060502544930502,0.005243757205694168,0.0
7207,1.0,0.05,0.00013598317177579568,0.0,0.0060502544930502,0.00855148972838125,0.0
7208,1.0,0.05,0.00013598317177579568,0.0,0.0060502544930502,0.005157243533777492,0.0
7209,1.0,0.05,0.00013598317177579568,0.0,0.0060502544930502,0.003672240065666566,0.0
7210,1.0,0.05,0.00013598317177579568,0.0,0.0060502544930502,0.006463588775628288,0.0
7211,1.0,0.05,0.00013598317177579568,0.0,0.0060502544930502,0.006463588775628288,0.0
7212,1.0,0.05,0.00013598317177579568,0.0,0.0060502544930502,0.003441404805034308,0.0
7213,1.0,0.05,0.00013598317177579568,0.0,0.0060502544930502,0.019746722804819497,0.0
7214,1.0,0.05,0.00013598317177579568,0.0,0.0060502544930502,0.050008348399191896,0.0
7215,1.0,0.05,0.00013598317177579568,0.0,0.0060502544930502,0.07010409367032319,0.0
7216,1.0,0.05,0.00013598317177579568,0.0,0.0060502544930502,0.07010409367032319,0.0
7217,1.0,0.05,0.00013598317177579568,0.0,0.0060502544930502,0.06529424678600458,0.0
7218,1.0,0.05,0.00013598317177579568,0.0,0.0060502544930502,0.06529424678600458,0.0
7219,1.0,0.05,0.00013598317177579568,0.0,0.0060502544930502,0.04080090936083996,0.0
7220,1.0,0.05,0.00013598317177579568,0.0,0.0060502544930502,0.008870984103412131,0.0
7221,1.0,0.05,0.00013598317177579568,0.0,0.0060502544930502,0.025681635272681302,0.0
7222,1.0,0.05,0.00013598317177579568,0.0,0.0060502544930502,0.0365592789204915,0.0
7223,1.0,0.05,0.00013598317177579568,0.0,0.0060502544930502,0.0378881017785823,0.0
7224,1.0,0.05,0.00013359303214806773,0.0,0.0060502544930502,0.06810373243662689,0.0
7225,1.0,0.05,0.00013026678503821076,0.0,0.005782081498492595,0.06810373243662689,0.0
7226,1.0,0.05,0.00013026678503821076,0.0,0.005782081498492595,0.08146728963753817,0.0
7227,1.0,0.05,0.00013026678503821076,0.0,0.005782081498492595,0.08146728963753817,0.0
7228,1.0,0.05,0.00013026678503821076,0.0,0.005782081498492595,0.05097581151036805,0.0
7229,1.0,0.05,0.00013026678503821076,0.0,0.005782081498492595,0.05097581151036805,0.0
7230,1.0,0.05,0.00013026678503821076,0.0,0.005782081498492595,0.09043097161998588,0.0
7231,1.0,0.05,0.00013026678503821076,0.0,0.005782081498492595,0.07712602192200799,0.0
7232,1.0,0.05,0.0001353835498233643,0.0,0.005782081498492595,0.07712602192200799,0.0
7233,1.0,0.05,0.0001353835498233643,0.0,0.005782081498492595,0.07712602192200799,0.0
7234,1.0,0.05,0.0001353835498233643,0.0,0.005782081498492595,0.03857931318929753,0.0
7235,1.0,0.05,0.0001353835498233643,0.0,0.005782081498492595,0.03892996666197976,0.0
7236,1.0,0.05,0.0001353835498233643,0.0,0.005782081498492595,0.017774563486287538,0.0
7237,1.0,0.05,0.0001353835498233643,0.0,0.005782081498492595,0.017327681786238856,0.0
7238,1.0,0.05,0.0001353835498233643,0.0,0.005782081498492595,0.03191590218530744,0.0
7239,1.0,0.05,0.0001353835498233643,0.0,0.005782081498492595,0.03191590218530744,0.0
7240,1.0,0.05,0.000137315649128036,0.0,0.005782081498492595,0.04400422754608134,0.0
7241,1.0,0.05,0.000137315649128036,0.0,0.005782081498492595,0.08505221159815447,0.0
7242,1.0,0.05,0.000137315649128036,0.0,0.005782081498492595,0.08505221159815447,0.0
7243,1.0,0.05,0.000137315649128036,0.0,0.005782081498492595,0.08505221159815447,0.0
7244,1.0,0.05,0.000137315649128036,0.0,0.005782081498492595,0.08505221159815447,0.0
7245,1.0,0.05,0.000137315649128036,0.0,0.005782081498492595,0.04005543744549965,0.0
7246,1.0,0.05,0.000137315649128036,0.0,0.005148671588650114,0.04005543744549965,0.0
7247,1.0,0.05,0.000137315649128036,0.0,0.005148671588650114,0.018041262147856493,0.0
7248,1.0,0.05,0.000137315649128036,0.0,0.0050402191892215615,0.018041262147856493,0.0
7249,1.0,0.05,0.000137315649128036,0.0,0.006812803269888483,0.024556435962201126,0.0
7250,1.0,0.05,0.000137315649128036,0.0,0.006812803269888483,0.024556435962201126,0.0
7251,1.0,0.05,0.000137315649128036,0.0,0.006812803269888483,0.03283594329188156,0.0
7252,1.0,0.05,0.000137315649128036,0.0,0.006812803269888483,0.07257564546527837,0.0
7253,1.0,0.05,0.000137315649128036,0.0,0.006812803269888483,0.09563970856210852,0.0
7254,1.0,0.05,0.0001361119049250516,0.0,0.006812803269888483,0.09563970856210852,0.0
7255,1.0,0.05,0.0001361119049250516,0.0,0.006081079532363043,0.10021250037325999,0.0
7256,1.0,0.05,0.0001361119049250516,0.0,0.006081079532363043,0.10021250037325999,0.0
7257,1.0,0.05,0.0001361119049250516,0.0,0.006081079532363043,0.1200599667616501,0.0
7258,1.0,0.05,0.0001361119049250516,0.0,0.006081079532363043,0.1200599667616501,0.0
7259,1.0,0.05,0.0001361119049250516,0.0,0.006081079532363043,0.053834222556210495,0.0
7260,1.0,0.05,0.0001361119049250516,0.0,0.006081079532363043,0.04545646045278191,0.0
7261,1.0,0.05,0.0001361119049250516,0.0,0.006081079532363043,0.04545646045278191,0.0
7262,1.0,0.05,0.0001361119049250516,0.0,0.006081079532363043,0.04545646045278191,0.0
7263,1.0,0.05,0.0001361119049250516,0.0,0.006081079532363043,0.062447921381171514,0.0
7264,1.0,0.05,0.0001361119049250516,0.0,0.006081079532363043,0.062447921381171514,0.0
7265,1.0,0.05,0.0001361119049250516,0.0,0.006081079532363043,0.062447921381171514,0.0
7266,1.0,0.05,0.0001361119049250516,0.0,0.006081079532363043,0.062447921381171514,0.0
7267,1.0,0.05,0.0001361119049250516,0.0,0.006081079532363043,0.062447921381171514,0.0
7268,1.0,0.05,0.0001361119049250516,0.0,0.006081079532363043,0.04529356888398532,0.0
7269,1.0,0.05,0.0001361119049250516,0.0,0.006081079532363043,0.04529356888398532,0.0
7270,1.0,0.05,0.0001361119049250516,0.0,0.006081079532363043,0.04529356888398532,0.0
7271,1.0,0.05,0.0001361119049250516,0.0,0.006081079532363043,0.06727974769306883,0.0
7272,1.0,0.05,0.0001361119049250516,0.0,0.006081079532363043,0.10081493414347441,0.0
7273,1.0,0.05,0.0001361119049250516,0.0,0.006081079532363043,0.03720277388574212,0.0
7274,1.0,0.05,0.0001361119049250516,0.0,0.005953768063120107,0.03720277388574212,0.0
7275,1.0,0.05,0.0001361119049250516,0.0,0.005953768063120107,0.05453124308288208,0.0
7276,1.0,0.05,0.00013615221335801713,0.0,0.005953768063120107,0.05453124308288208,0.0
7277,1.0,0.05,0.00013615221335801713,0.0,0.005498734745678279,0.05723185544490118,0.0
7278,1.0,0.05,0.00013615221335801713,0.0,0.005498734745678279,0.05723185544490118,0.0
7279,1.0,0.05,0.00013615221335801713,0.0,0.005498734745678279,0.05723185544490118,0.0
7280,1.0,0.05,0.00013615221335801713,0.0,0.005498734745678279,0.05723185544490118,0.0
7281,1.0,0.05,0.00013615221335801713,0.0,0.005498734745678279,0.05723185544490118,0.0
7282,1.0,0.05,0.00013615221335801713,0.0,0.005498734745678279,0.04759754502189559,0.0
7283,1.0,0.05,0.00013615221335801713,0.0,0.005498734745678279,0.048478430406978315,0.0
7284,1.0,0.05,0.00013615221335801713,0.0,0.005498734745678279,0.048478430406978315,0.0
7285,1.0,0.05,0.00013771721747693792,0.0,0.005498734745678279,0.06519160125046772,0.0
7286,1.0,0.05,0.00013771721747693792,0.0,0.005498734745678279,0.06519160125046772,0.0
7287,1.0,0.05,0.00013771721747693792,0.0,0.005498734745678279,0.08763647407860667,0.0
7288,1.0,0.05,0.00013771721747693792,0.0,0.005947731767719867,0.08763647407860667,0.0
7289,1.0,0.05,0.0001302358600345957,0.0,0.005947731767719867,0.08763647407860667,0.0
7290,1.0,0.05,0.0001302358600345957,0.0,0.005947731767719867,0.06090473008507996,0.0
7291,1.0,0.05,0.0001302358600345957,0.0,0.005947731767719867,0.06090473008507996,0.0
7292,1.0,0.05,0.0001302358600345957,0.0,0.005947731767719867,0.06090473008507996,0.0
7293,1.0,0.05,0.0001302358600345957,0.0,0.005947731767719867,0.06090473008507996,0.0
7294,1.0,0.05,0.0001302358600345957,0.0,0.005947731767719867,0.06090473008507996,0.0
7295,1.0,0.05,0.00012873064552461244,0.0,0.005947731767719867,0.06090473008507996,0.0
7296,1.0,0.05,0.00012873064552461244,0.0,0.005769506794742657,0.06090473008507996,0.0
7297,1.0,0.05,0.00012873064552461244,0.0,0.007649129329804197,0.06797696568624426,0.0
7298,1.0,0.05,0.00012873064552461244,0.0,0.007649129329804197,0.09825281631771507,0.0
7299,1.0,0.05,0.00013461522173652051,0.0,0.005766306403991889,0.09825281631771507,0.0
7300,1.0,0.05,0.00013461522173652051,0.0,0.005766306403991889,0.09825281631771507,0.0
7301,1.0,0.05,0.0001425726505184316,0.0,0.005766306403991889,0.08082332859952636,0.0
7302,1.0,0.05,0.0001425726505184316,0.0,0.005766306403991889,0.08082332859952636,0.0
7303,1.0,0.05,0.0001425726505184316,0.0,0.005766306403991889,0.08082332859952636,0.0
7304,1.0,0.05,0.0001425726505184316,0.0,0.005766306403991889,0.08082332859952636,0.0
7305,1.0,0.05,0.0001343909507005881,0.0,0.005766306403991889,0.04348667539006276,0.0
7306,1.0,0.05,0.0001343909507005881,0.0,0.005766306403991889,0.06058957503369523,0.0
7307,1.0,0.05,0.0001312939032257244,0.0,0.005766306403991889,0.06058957503369523,0.0
7308,1.0,0.05,0.0001312939032257244,0.0,0.005766306403991889,0.042049118021532834,0.0
7309,1.0,0.05,0.00014060469530162117,0.0,0.005766306403991889,0.02483812399521229,0.0
7310,1.0,0.05,0.00014060469530162117,0.0,0.005766306403991889,0.03791518427811158,0.0
7311,1.0,0.05,0.00013739808718320413,0.0,0.005766306403991889,0.03198791121766878,0.0
7312,1.0,0.05,0.00013739808718320413,0.0,0.005766306403991889,0.03198791121766878,0.0
7313,1.0,0.05,0.00013739808718320413,0.0,0.005766306403991889,0.046085640788998294,0.0
7314,1.0,0.05,0.00013739808718320413,0.0,0.005766306403991889,0.046085640788998294,0.0
7315,1.0,0.05,0.00013739808718320413,0.0,0.005766306403991889,0.03706810129876046,0.0
7316,1.0,0.05,0.00013739808718320413,0.0,0.005766306403991889,0.03706810129876046,0.0
7317,1.0,0.05,0.00013739808718320413,0.0,0.005766306403991889,0.03706810129876046,0.0
7318,1.0,0.05,0.00013739808718320413,0.0,0.005766306403991889,0.03706810129876046,0.0
7319,1.0,0.05,0.00013739808718320413,0.0,0.005766306403991889,0.03706810129876046,0.0
7320,1.0,0.05,0.00013739808718320413,0.0,0.005766306403991889,0.02868651265816976,0.0
7321,1.0,0.05,0.00013739808718320413,0.0,0.005766306403991889,0.02868651265816976,0.0
7322,1.0,0.05,0.00012687806986173294,0.0,0.007285162442953776,0.02868651265816976,0.0
7323,1.0,0.05,0.00012600741455117347,0.0,0.007285162442953776,0.020662505265259052,0.0
7324,1.0,0.05,0.00012600741455117347,0.0,0.007285162442953776,0.05780532971702348,0.0
7325,1.0,0.05,0.00012600741455117347,0.0,0.00736486615563033,0.05780532971702348,0.0
7326,1.0,0.05,0.00012600741455117347,0.0,0.00736486615563033,0.03494695560338323,0.0
7327,1.0,0.05,0.00012600741455117347,0.0,0.00736486615563033,0.03494695560338323,0.0
7328,1.0,0.05,0.00012600741455117347,0.0,0.007648553268488101,0.04849054153476616,0.0
7329,1.0,0.05,0.00012600741455117347,0.0,0.007648553268488101,0.04849054153476616,0.0
7330,1.0,0.05,0.00012141405802736152,0.0,0.007648553268488101,0.04849054153476616,0.0
7331,1.0,0.05,0.00012141405802736152,0.0,0.007648553268488101,0.046703138183890464,0.0
7332,1.0,0.05,0.00012141405802736152,0.0,0.007648553268488101,0.046703138183890464,0.0
7333,1.0,0.05,0.00012141405802736152,0.0,0.007648553268488101,0.1474513183077258,0.0
7334,1.0,0.05,0.00012141405802736152,0.0,0.006767868514035119,0.05765265650305585,0.0
7335,1.0,0.05,0.00013538668957186305,0.0,0.00722747135409937,0.147616906205307,0.0
7336,1.0,0.05,0.00013538668957186305,0.0,0.00722747135409937,0.1147999959627108,0.0
7337,1.0,0.05,0.00013538668957186305,0.0,0.00722747135409937,0.1147999959627108,0.0
7338,1.0,0.05,0.00013538668957186305,0.0,0.00722747135409937,0.10068725877406304,0.0
7339,1.0,0.05,0.00013538668957186305,0.0,0.007241131906499467,0.046422242028202235,0.0
7340,1.0,0.05,0.00013538668957186305,0.0,0.007241131906499467,0.046422242028202235,0.0
7341,1.0,0.05,0.00013538668957186305,0.0,0.006031744536399754,0.046422242028202235,0.0
7342,1.0,0.05,0.00013538668957186305,0.0,0.006031744536399754,0.041208054360616975,0.0
7343,1.0,0.05,0.00013538668957186305,0.0,0.006031744536399754,0.041208054360616975,0.0
7344,1.0,0.05,0.00013538668957186305,0.0,0.006031744536399754,0.041208054360616975,0.0
7345,1.0,0.05,0.00013538668957186305,0.0,0.006031744536399754,0.041208054360616975,0.0
7346,1.0,0.05,0.00013538668957186305,0.0,0.006031744536399754,0.041208054360616975,0.0
7347,1.0,0.05,0.00013538668957186305,0.0,0.006031744536399754,0.041208054360616975,0.0
7348,1.0,0.05,0.00013538668957186305,0.0,0.006031744536399754,0.041208054360616975,0.0
7349,1.0,0.05,0.00013538668957186305,0.0,0.006031744536399754,0.041208054360616975,0.0
7350,1.0,0.05,0.00013538668957186305,0.0,0.006031744536399754,0.041208054360616975,0.0
7351,1.0,0.05,0.00013538668957186305,0.0,0.006031744536399754,0.041208054360616975,0.0
7352,1.0,0.05,0.00013538668957186305,0.0,0.006031744536399754,0.041208054360616975,0.0
7353,1.0,0.05,0.00013538668957186305,0.0,0.006031744536399754,0.041208054360616975,0.0
7354,1.0,0.05,0.00013538668957186305,0.0,0.006031744536399754,0.04524503858162522,0.0
7355,1.0,0.05,0.00013538668957186305,0.0,0.006031744536399754,0.04524503858162522,0.0
7356,1.0,0.05,0.00013538668957186305,0.0,0.006031744536399754,0.04524503858162522,0.0
7357,1.0,0.05,0.00013538668957186305,0.0,0.006031744536399754,0.04524503858162522,0.0
7358,1.0,0.05,0.00013538668957186305,0.0,0.006031744536399754,0.05076227346282745,0.0
7359,1.0,0.05,0.00013538668957186305,0.0,0.006213197483012448,0.060829550614832764,0.0
7360,1.0,0.05,0.00013538668957186305,0.0,0.006213197483012448,0.060829550614832764,0.0
7361,1.0,0.05,0.00013538668957186305,0.0,0.0055087719975138215,0.060829550614832764,0.0
7362,1.0,0.05,0.00013538668957186305,0.0,0.005518225296538207,0.031960530233238096,0.0
7363,1.0,0.05,0.00013538668957186305,0.0,0.005518225296538207,0.022709887926786958,0.0
7364,1.0,0.05,0.00013538668957186305,0.0,0.005518225296538207,0.022708355896409814,0.0
7365,1.0,0.05,0.00013538668957186305,0.0,0.005518225296538207,0.022708355896409814,0.0
7366,1.0,0.05,0.00013951409048599864,0.0,0.005518225296538207,0.017272959259427366,0.0
7367,1.0,0.05,0.00013951409048599864,0.0,0.005518225296538207,0.01635454740640188,0.0
7368,1.0,0.05,0.00013951409048599864,0.0,0.005518225296538207,0.01635454740640188,0.0
7369,1.0,0.05,0.00013951409048599864,0.0,0.005518225296538207,0.007929935700550412,0.0
7370,1.0,0.05,0.00013951409048599864,0.0,0.005518225296538207,0.026732118844439,0.0
7371,1.0,0.05,0.00013951409048599864,0.0,0.005518225296538207,0.055703634074900095,0.0
7372,1.0,0.05,0.00013091362918919263,0.0,0.005518225296538207,0.055703634074900095,0.0
7373,1.0,0.05,0.00013091362918919263,0.0,0.005518225296538207,0.055703634074900095,0.0
7374,1.0,0.05,0.00013091362918919263,0.0,0.005518225296538207,0.047888571447828016,0.0
7375,1.0,0.05,0.00013091362918919263,0.0,0.005518225296538207,0.023911948776317724,0.0
7376,1.0,0.05,0.00013091362918919263,0.0,0.005518225296538207,0.021693424847309378,0.0
7377,1.0,0.05,0.00013091362918919263,0.0,0.005518225296538207,0.06119089158002033,0.0
7378,1.0,0.05,0.00013091362918919263,0.0,0.005518225296538207,0.06608212646269818,0.0
7379,1.0,0.05,0.00013091362918919263,0.0,0.006426075281563773,0.07070428784472543,0.0
7380,1.0,0.05,0.00013091362918919263,0.0,0.006426075281563773,0.07070428784472543,0.0
7381,1.0,0.05,0.00013091362918919263,0.0,0.006426075281563773,0.02354813585782571,0.0
7382,1.0,0.05,0.0001288594817900408,0.0,0.006426075281563773,0.045000207774847825,0.0
7383,1.0,0.05,0.0001288594817900408,0.0,0.006426075281563773,0.045000207774847825,0.0
7384,1.0,0.05,0.0001288594817900408,0.0,0.006426075281563773,0.03511989877223084,0.0
7385,1.0,0.05,0.0001288594817900408,0.0,0.006426075281563773,0.07517918819293634,0.0
7386,1.0,0.05,0.0001288594817900408,0.0,0.006426075281563773,0.07517918819293634,0.0
7387,1.0,0.05,0.0001288594817900408,0.0,0.006426075281563773,0.07517918819293634,0.0
7388,1.0,0.05,0.0001288594817900408,0.0,0.006426075281563773,0.07517918819293634,0.0
7389,1.0,0.05,0.0001288594817900408,0.0,0.006426075281563773,0.07517918819293634,0.0
7390,1.0,0.05,0.0001288594817900408,0.0,0.006426075281563773,0.07517918819293634,0.0
7391,1.0,0.05,0.0001288594817900408,0.0,0.006020858847815837,0.07517918819293634,0.0
7392,1.0,0.05,0.0001288594817900408,0.0,0.006020858847815837,0.07517918819293634,0.0
7393,1.0,0.05,0.0001288594817900408,0.0,0.006020858847815837,0.07517918819293634,0.0
7394,1.0,0.05,0.0001288594817900408,0.0,0.006020858847815837,0.037402482888978815,0.0
7395,1.0,0.05,0.0001288594817900408,0.0,0.006020858847815837,0.11591459321181125,0.0
7396,1.0,0.05,0.0001288594817900408,0.0,0.006020858847815837,0.11591459321181125,0.0
7397,1.0,0.05,0.0001288594817900408,0.0,0.006020858847815837,0.11591459321181125,0.0
7398,1.0,0.05,0.0001288594817900408,0.0,0.006020858847815837,0.11591459321181125,0.0
7399,1.0,0.05,0.0001288594817900408,0.0,0.006020858847815837,0.04620925533061617,0.0
7400,1.0,0.05,0.0001288594817900408,0.0,0.006020858847815837,0.04620925533061617,0.0
7401,1.0,0.05,0.0001288594817900408,0.0,0.006020858847815837,0.04620925533061617,0.0
7402,1.0,0.05,0.0001288594817900408,0.0,0.006020858847815837,0.1016313133574413,0.0
7403,1.0,0.05,0.0001288594817900408,0.0,0.006020858847815837,0.057807192104514946,0.0
7404,1.0,0.05,0.0001288594817900408,0.0,0.006000389741582908,0.057807192104514946,0.0
7405,1.0,0.05,0.0001288594817900408,0.0,0.006000389741582908,0.057807192104514946,0.0
7406,1.0,0.05,0.0001288594817900408,0.0,0.007944757652758183,0.057807192104514946,0.0
7407,1.0,0.05,0.0001288594817900408,0.0,0.007695061532412544,0.02783606826260116,0.0
7408,1.0,0.05,0.0001288594817900408,0.0,0.007695061532412544,0.02850243281839804,0.0
7409,1.0,0.05,0.0001288594817900408,0.0,0.007695061532412544,0.02850243281839804,0.0
7410,1.0,0.05,0.0001288594817900408,0.0,0.007695061532412544,0.03767022953184927,0.0
7411,1.0,0.05,0.0001288594817900408,0.0,0.007695061532412544,0.03767022953184927,0.0
7412,1.0,0.05,0.0001288594817900408,0.0,0.007695061532412544,0.03767022953184927,0.0
7413,1.0,0.05,0.0001288594817900408,0.0,0.006482252029711227,0.10062433526896243,0.0
7414,1.0,0.05,0.00013085763139406766,0.0,0.006482252029711227,0.10062433526896243,0.0
7415,1.0,0.05,0.00012187042692146758,0.0,0.006482252029711227,0.10062433526896243,0.0
7416,1.0,0.05,0.00012187042692146758,0.0,0.006482252029711227,0.10062433526896243,0.0
7417,1.0,0.05,0.00012187042692146758,0.0,0.006482252029711227,0.10062433526896243,0.0
7418,1.0,0.05,0.00012187042692146758,0.0,0.006416157801295732,0.10062433526896243,0.0
7419,1.0,0.05,0.00012187042692146758,0.0,0.006280718865019678,0.10062433526896243,0.0
7420,1.0,0.05,0.00012187042692146758,0.0,0.00635658891768921,0.0910561969676916,0.0
7421,1.0,0.05,0.00012187042692146758,0.0,0.00635658891768921,0.07488386144061103,0.0
7422,1.0,0.05,0.00012187042692146758,0.0,0.00635658891768921,0.08730474345030768,0.0
7423,1.0,0.05,0.00012187042692146758,0.0,0.00635658891768921,0.08139171014995827,0.0
7424,1.0,0.05,0.00012187042692146758,0.0,0.00635658891768921,0.08139171014995827,0.0
7425,1.0,0.05,0.00012187042692146758,0.0,0.00635658891768921,0.0702300705518891,0.0
7426,1.0,0.05,0.00012187042692146758,0.0,0.00635658891768921,0.09009683779321484,0.0
7427,1.0,0.05,0.00012187042692146758,0.0,0.00635658891768921,0.11944171898096137,0.0
7428,1.0,0.05,0.00012187042692146758,0.0,0.00635658891768921,0.11877879014602397,0.0
7429,1.0,0.05,0.00012187042692146758,0.0,0.00635658891768921,0.11877879014602397,0.0
7430,1.0,0.05,0.00012187042692146758,0.0,0.00635658891768921,0.0757151182262603,0.0
7431,1.0,0.05,0.00012187042692146758,0.0,0.00635658891768921,0.09227292884869681,0.0
7432,1.0,0.05,0.00012187042692146758,0.0,0.007947634398497506,0.15065538061396155,0.0
7433,1.0,0.05,0.00011720335279735785,0.0,0.008158161703880708,0.15065538061396155,0.0
7434,1.0,0.05,0.00011720335279735785,0.0,0.008158161703880708,0.15065538061396155,0.0
7435,1.0,0.05,0.00011720335279735785,0.0,0.008158161703880708,0.15065538061396155,0.0
7436,1.0,0.05,0.00011720335279735785,0.0,0.0078056492361381615,0.043476218727218206,0.0
7437,1.0,0.05,0.00011720335279735785,0.0,0.0078056492361381615,0.043476218727218206,0.0
7438,1.0,0.05,0.00011750810242883755,0.0,0.0078056492361381615,0.043476218727218206,0.0
7439,1.0,0.05,0.00011750810242883755,0.0,0.0078056492361381615,0.045365625658860084,0.0
7440,1.0,0.05,0.00011750810242883755,0.0,0.007100581674349594,0.045365625658860084,0.0
7441,1.0,0.05,0.0001236852215265209,0.0,0.007100581674349594,0.04952672119349155,0.0
7442,1.0,0.05,0.0001236852215265209,0.0,0.007100581674349594,0.04952672119349155,0.0
7443,1.0,0.05,0.0001236852215265209,0.0,0.007100581674349594,0.04952672119349155,0.0
7444,1.0,0.05,0.0001236852215265209,0.0,0.007100581674349594,0.010301656917696484,0.0
7445,1.0,0.05,0.0001236852215265209,0.0,0.007100581674349594,0.010301656917696484,0.0
7446,1.0,0.05,0.0001436072466960599,0.0,0.007100581674349594,0.010301656917696484,0.0
7447,1.0,0.05,0.0001436072466960599,0.0,0.007100581674349594,0.010301656917696484,0.0
7448,1.0,0.05,0.0001436072466960599,0.0,0.005189474405604906,0.00485089567927357,0.0
7449,1.0,0.05,0.0001436072466960599,0.0,0.005189474405604906,0.005806327827457113,0.0
7450,1.0,0.05,0.0001436072466960599,0.0,0.005189474405604906,0.008867801313473278,0.0
7451,1.0,0.05,0.0001436072466960599,0.0,0.005189474405604906,0.008867801313473278,0.0
7452,1.0,0.05,0.0001436072466960599,0.0,0.005189474405604906,0.017806115915436297,0.0
7453,1.0,0.05,0.0001436072466960599,0.0,0.005827231580505165,0.004307418141399866,0.0
7454,1.0,0.05,0.0001436072466960599,0.0,0.005189527803338608,0.012374935175064907,0.0
7455,1.0,0.05,0.0001259118079372923,0.0,0.007312145601985466,0.014100774568505555,0.0
7456,1.0,0.05,0.00012530480119068787,0.0,0.007312145601985466,0.014100774568505555,0.0
7457,1.0,0.05,0.00012530480119068787,0.0,0.007312145601985466,0.02663178919286678,0.0
7458,1.0,0.05,0.00012530480119068787,0.0,0.007312145601985466,0.11234892572146145,0.0
7459,1.0,0.05,0.00012530480119068787,0.0,0.007312145601985466,0.11234892572146145,0.0
7460,1.0,0.05,0.0001291420953993535,0.0,0.007312145601985466,0.11234892572146145,0.0
7461,1.0,0.05,0.0001291420953993535,0.0,0.008166276152138507,0.11234892572146145,0.0
7462,1.0,0.05,0.0001291420953993535,0.0,0.006357642909150731,0.06503689787919759,0.0
7463,1.0,0.05,0.0001291420953993535,0.0,0.006357642909150731,0.06503689787919759,0.0
7464,1.0,0.05,0.0001291420953993535,0.0,0.006357642909150731,0.06503689787919759,0.0
7465,1.0,0.05,0.0001291420953993535,0.0,0.006357642909150731,0.06503689787919759,0.0
7466,1.0,0.05,0.0001291420953993535,0.0,0.007376340511942119,0.06503689787919759,0.0
7467,1.0,0.05,0.0001291420953993535,0.0,0.007376340511942119,0.06503689787919759,0.0
7468,1.0,0.05,0.00012724835774783315,0.0,0.005732786709144348,0.06503689787919759,0.0
7469,1.0,0.05,0.00012724835774783315,0.0,0.005554613389802162,0.010548750197501037,0.0
7470,1.0,0.05,0.00013104780091716602,0.0,0.008147741355297018,0.018418600022366113,0.0
7471,1.0,0.05,0.00013104780091716602,0.0,0.008147741355297018,0.012021238643962723,0.0
7472,1.0,0.05,0.00013104780091716602,0.0,0.008147741355297018,0.012021238643962723,0.0
7473,1.0,0.05,0.00013104780091716602,0.0,0.008147741355297018,0.014530180267563182,0.0
7474,1.0,0.05,0.00012938193874531526,0.0,0.008147741355297018,0.013196114957305563,0.0
7475,1.0,0.05,0.00012938193874531526,0.0,0.008147741355297018,0.007150873536863278,0.0
7476,1.0,0.05,0.00012938193874531526,0.0,0.006769811702272419,0.003742329800927068,0.0
7477,1.0,0.05,0.00012938193874531526,0.0,0.006769811702272419,0.003742329800927068,0.0
7478,1.0,0.05,0.00012938193874531526,0.0,0.006769811702272419,0.014386718111704553,0.0
7479,1.0,0.05,0.00012938193874531526,0.0,0.006769811702272419,0.014386718111704553,0.0
7480,1.0,0.05,0.00012938193874531526,0.0,0.006769811702272419,0.014386718111704553,0.0
7481,1.0,0.05,0.00013895302926893562,0.0,0.006769811702272419,0.020287478508340343,0.0
7482,1.0,0.05,0.00013895302926893562,0.0,0.005683941053583494,0.031023968737517973,0.0
7483,1.0,0.05,0.00013723717193969134,0.0,0.005683941053583494,0.05660808772421347,0.0
7484,1.0,0.05,0.00013723717193969134,0.0,0.005683941053583494,0.08729842315193637,0.0
7485,1.0,0.05,0.00013723717193969134,0.0,0.005683941053583494,0.042850922806362136,0.0
7486,1.0,0.05,0.00013723717193969134,0.0,0.005683941053583494,0.07421096054599634,0.0
7487,1.0,0.05,0.00013723717193969134,0.0,0.005683941053583494,0.07398694874344328,0.0
7488,1.0,0.05,0.00013723717193969134,0.0,0.005683941053583494,0.028469393981381822,0.0
7489,1.0,0.05,0.00013723717193969134,0.0,0.005683941053583494,0.033845543858531925,0.0
7490,1.0,0.05,0.00013723717193969134,0.0,0.00606754059793328,0.029249456325027352,0.0
7491,1.0,0.05,0.00013723717193969134,0.0,0.00606754059793328,0.044531912596333316,0.0
7492,1.0,0.05,0.00013472116896694962,0.0,0.00606754059793328,0.05423480992666239,0.0
7493,1.0,0.05,0.00013472116896694962,0.0,0.00606754059793328,0.0658906649574145,0.0
7494,1.0,0.05,0.00013472116896694962,0.0,0.00606754059793328,0.05990634376649811,0.0
7495,1.0,0.05,0.00013472116896694962,0.0,0.00606754059793328,0.04393415571393603,0.0
7496,1.0,0.05,0.00013472116896694962,0.0,0.00606754059793328,0.04393415571393603,0.0
7497,1.0,0.05,0.00013472116896694962,0.0,0.00606754059793328,0.04393415571393603,0.0
7498,1.0,0.05,0.00013472116896694962,0.0,0.00606754059793328,0.04393415571393603,0.0
7499,1.0,0.05,0.00013472116896694962,0.0,0.00606754059793328,0.04393415571393603,0.0
7500,1.0,0.05,0.00013472116896694962,0.0,0.00606754059793328,0.04393415571393603,0.0
7501,1.0,0.05,0.00013472116896694962,0.0,0.005452536874253583,0.04393415571393603,0.0
7502,1.0,0.05,0.00013472116896694962,0.0,0.005452536874253583,0.04393415571393603,0.0
7503,1.0,0.05,0.00013472116896694962,0.0,0.005452536874253583,0.04393415571393603,0.0
7504,1.0,0.05,0.00013472116896694962,0.0,0.005452536874253583,0.04393415571393603,0.0
7505,1.0,0.05,0.00013472116896694962,0.0,0.005452536874253583,0.04393415571393603,0.0
7506,1.0,0.05,0.00013472116896694962,0.0,0.005452536874253583,0.04393415571393603,0.0
7507,1.0,0.05,0.00013472116896694962,0.0,0.005452536874253583,0.059391965464020875,0.0
7508,1.0,0.05,0.00013472116896694962,0.0,0.007179889676659929,0.059391965464020875,0.0
7509,1.0,0.05,0.00013472116896694962,0.0,0.007179889676659929,0.059391965464020875,0.0
7510,1.0,0.05,0.00013472116896694962,0.0,0.007179889676659929,0.10210219509484089,0.0
7511,1.0,0.05,0.00013472116896694962,0.0,0.007179889676659929,0.10210219509484089,0.0
7512,1.0,0.05,0.00013472116896694962,0.0,0.007179889676659929,0.10210219509484089,0.0
7513,1.0,0.05,0.00013472116896694962,0.0,0.007179889676659929,0.10210219509484089,0.0
7514,1.0,0.05,0.00011685421274415973,0.0,0.007632930726027153,0.12637124086376048,0.0
7515,1.0,0.05,0.00011685421274415973,0.0,0.007632930726027153,0.1335080838365668,0.0
7516,1.0,0.05,0.00011685421274415973,0.0,0.007632930726027153,0.1335080838365668,0.0
7517,1.0,0.05,0.00011685421274415973,0.0,0.007632930726027153,0.11604139122254555,0.0
7518,1.0,0.05,0.00011685421274415973,0.0,0.007632930726027153,0.11604139122254555,0.0
7519,1.0,0.05,0.00011685421274415973,0.0,0.008097400342768436,0.08597893579706016,0.0
7520,1.0,0.05,0.00011685421274415973,0.0,0.008097400342768436,0.06958610047328741,0.0
7521,1.0,0.05,0.00011685421274415973,0.0,0.008406862450808605,0.06958610047328741,0.0
7522,1.0,0.05,0.00011685421274415973,0.0,0.007847832199823821,0.2110307483873617,0.0
7523,1.0,0.05,0.00011685421274415973,0.0,0.007847832199823821,0.2113837719698401,0.0
7524,1.0,0.05,0.00011685421274415973,0.0,0.00871657253791212,0.2113837719698401,0.0
7525,1.0,0.05,0.00011685421274415973,0.0,0.007175329372131245,0.2113837719698401,0.0
7526,1.0,0.05,0.00011685421274415973,0.0,0.007175329372131245,0.08130187646938572,0.0
7527,1.0,0.05,0.00011685421274415973,0.0,0.007175329372131245,0.08130187646938572,0.0
7528,1.0,0.05,0.00011685421274415973,0.0,0.007175329372131245,0.08130187646938572,0.0
7529,1.0,0.05,0.00011685421274415973,0.0,0.007175329372131245,0.10980800098486079,0.0
7530,1.0,0.05,0.00011685421274415973,0.0,0.007175329372131245,0.13269483550064218,0.0
7531,1.0,0.05,0.00011685421274415973,0.0,0.007175329372131245,0.0739296362292411,0.0
7532,1.0,0.05,0.00011685421274415973,0.0,0.006786482768708757,0.030369451230013375,0.0
7533,1.0,0.05,0.00011957152442030476,0.0,0.006786482768708757,0.030369451230013375,0.0
7534,1.0,0.05,0.00011957152442030476,0.0,0.006786482768708757,0.03664432406965811,0.0
7535,1.0,0.05,0.00011957152442030476,0.0,0.007211547470447661,0.10047934872855305,0.0
7536,1.0,0.05,0.00011957152442030476,0.0,0.007211547470447661,0.10047934872855305,0.0
7537,1.0,0.05,0.00011957152442030476,0.0,0.006444062969880377,0.10047934872855305,0.0
7538,1.0,0.05,0.00011957152442030476,0.0,0.006444062969880377,0.10047934872855305,0.0
7539,1.0,0.05,0.00011957152442030476,0.0,0.006444062969880377,0.10047934872855305,0.0
7540,1.0,0.05,0.00011957152442030476,0.0,0.006444062969880377,0.10047934872855305,0.0
7541,1.0,0.05,0.00011957152442030476,0.0,0.006444062969880377,0.06838282071377579,0.0
7542,1.0,0.05,0.00011957152442030476,0.0,0.007689072222614869,0.06838282071377579,0.0
7543,1.0,0.05,0.0001276954508179077,0.0,0.007689072222614869,0.12420903849986405,0.0
7544,1.0,0.05,0.0001276954508179077,0.0,0.007689072222614869,0.06080754725256963,0.0
7545,1.0,0.05,0.0001276954508179077,0.0,0.006147466138858876,0.04331470213209141,0.0
7546,1.0,0.05,0.0001276954508179077,0.0,0.006017256913999415,0.050446030835444106,0.0
7547,1.0,0.05,0.00014052702639153261,0.0,0.006017256913999415,0.06259319871137731,0.0
7548,1.0,0.05,0.00014052702639153261,0.0,0.006017256913999415,0.07088613790787236,0.0
7549,1.0,0.05,0.00014052702639153261,0.0,0.006017256913999415,0.07088613790787236,0.0
7550,1.0,0.05,0.00014052702639153261,0.0,0.006017256913999415,0.07088613790787236,0.0
7551,1.0,0.05,0.00014052702639153261,0.0,0.006017256913999415,0.07088613790787236,0.0
7552,1.0,0.05,0.00014052702639153261,0.0,0.006017256913999415,0.07088613790787236,0.0
7553,1.0,0.05,0.00014052702639153261,0.0,0.005737868890788685,0.07088613790787236,0.0
7554,1.0,0.05,0.00014052702639153261,0.0,0.005737868890788685,0.07088613790787236,0.0
7555,1.0,0.05,0.00014052702639153261,0.0,0.005737868890788685,0.04746348116691018,0.0
7556,1.0,0.05,0.00014052702639153261,0.0,0.005737868890788685,0.04746348116691018,0.0
7557,1.0,0.05,0.00014052702639153261,0.0,0.005737868890788685,0.07278877275749543,0.0
7558,1.0,0.05,0.00014052702639153261,0.0,0.005737868890788685,0.037921570565593254,0.0
7559,1.0,0.05,0.00014052702639153261,0.0,0.005737868890788685,0.06172885386615663,0.0
7560,1.0,0.05,0.00014052702639153261,0.0,0.006745370646188664,0.06172885386615663,0.0
7561,1.0,0.05,0.00014052702639153261,0.0,0.005940009303595978,0.04659442046535847,0.0
7562,1.0,0.05,0.00014052702639153261,0.0,0.005940009303595978,0.06562564264179353,0.0
7563,1.0,0.05,0.00014052702639153261,0.0,0.005940009303595978,0.06562564264179353,0.0
7564,1.0,0.05,0.00014218667979724482,0.0,0.005940009303595978,0.06562564264179353,0.0
7565,1.0,0.05,0.00014218667979724482,0.0,0.005940009303595978,0.06562564264179353,0.0
7566,1.0,0.05,0.00014218667979724482,0.0,0.005940009303595978,0.06562564264179353,0.0
7567,1.0,0.05,0.00014218667979724482,0.0,0.005940009303595978,0.0707825515987911,0.0
7568,1.0,0.05,0.00014218667979724482,0.0,0.005940009303595978,0.0707825515987911,0.0
7569,1.0,0.05,0.00014218667979724482,0.0,0.005765465005441658,0.0707825515987911,0.0
7570,1.0,0.05,0.00014218667979724482,0.0,0.004769461101784443,0.08624452924531707,0.0
7571,1.0,0.05,0.00013309223738887553,0.0,0.004769461101784443,0.08624452924531707,0.0
7572,1.0,0.05,0.00013309223738887553,0.0,0.004769461101784443,0.09614345420705496,0.0
7573,1.0,0.05,0.00013309223738887553,0.0,0.005904008657417702,0.09614345420705496,0.0
7574,1.0,0.05,0.00013309223738887553,0.0,0.005904008657417702,0.10487471933477163,0.0
7575,1.0,0.05,0.00013309223738887553,0.0,0.005904008657417702,0.042892012465377855,0.0
7576,1.0,0.05,0.00013702132324583708,0.0,0.005904008657417702,0.07598218187168974,0.0
7577,1.0,0.05,0.00013702132324583708,0.0,0.005904008657417702,0.05957884099471204,0.0
7578,1.0,0.05,0.00013702132324583708,0.0,0.005904008657417702,0.05957884099471204,0.0
7579,1.0,0.05,0.00013702132324583708,0.0,0.005904008657417702,0.05957884099471204,0.0
7580,1.0,0.05,0.00013702132324583708,0.0,0.006064116082917125,0.05957884099471204,0.0
7581,1.0,0.05,0.00013702132324583708,0.0,0.006064116082917125,0.05957884099471204,0.0
7582,1.0,0.05,0.00013702132324583708,0.0,0.005693386977046024,0.05957884099471204,0.0
7583,1.0,0.05,0.00013702132324583708,0.0,0.005693386977046024,0.08125092750369102,0.0
7584,1.0,0.05,0.00013702132324583708,0.0,0.005693386977046024,0.0923222052434569,0.0
7585,1.0,0.05,0.00013702132324583708,0.0,0.005693386977046024,0.0923222052434569,0.0
7586,1.0,0.05,0.00013702132324583708,0.0,0.005693386977046024,0.04618916607602142,0.0
7587,1.0,0.05,0.00013702132324583708,0.0,0.005693386977046024,0.04618916607602142,0.0
7588,1.0,0.05,0.00013702132324583708,0.0,0.005693386977046024,0.04618916607602142,0.0
7589,1.0,0.05,0.00013702132324583708,0.0,0.005780283153789734,0.04618916607602142,0.0
7590,1.0,0.05,0.00013702132324583708,0.0,0.005780283153789734,0.0379585178877137,0.0
7591,1.0,0.05,0.00013702132324583708,0.0,0.005780283153789734,0.0379585178877137,0.0
7592,1.0,0.05,0.00013702132324583708,0.0,0.005780283153789734,0.013502600097646351,0.0
7593,1.0,0.05,0.00013702132324583708,0.0,0.005780283153789734,0.013502600097646351,0.0
7594,1.0,0.05,0.00013372163322547377,0.0,0.005780283153789734,0.018540479171009504,0.0
7595,1.0,0.05,0.00013372163322547377,0.0,0.005780283153789734,0.018540479171009504,0.0
7596,1.0,0.05,0.00013372163322547377,0.0,0.005780283153789734,0.02873623082430936,0.0
7597,1.0,0.05,0.00013372163322547377,0.0,0.005780283153789734,0.02873623082430936,0.0
7598,1.0,0.05,0.00013372163322547377,0.0,0.005780283153789734,0.09649579166299069,0.0
7599,1.0,0.05,0.00013372163322547377,0.0,0.005780283153789734,0.09649579166299069,0.0
7600,1.0,0.05,0.00013372163322547377,0.0,0.005780283153789734,0.09649579166299069,0.0
7601,1.0,0.05,0.00013372163322547377,0.0,0.005780283153789734,0.07631908085706428,0.0
7602,1.0,0.05,0.00013372163322547377,0.0,0.0058431137087410785,0.08161655719587665,0.0
7603,1.0,0.05,0.00013372163322547377,0.0,0.0058431137087410785,0.08161655719587665,0.0
7604,1.0,0.05,0.00013372163322547377,0.0,0.0058431137087410785,0.06747721984864558,0.0
7605,1.0,0.05,0.00013372163322547377,0.0,0.0058431137087410785,0.06747721984864558,0.0
7606,1.0,0.05,0.00013372163322547377,0.0,0.0058431137087410785,0.09140771760175657,0.0
7607,1.0,0.05,0.00013372163322547377,0.0,0.0058431137087410785,0.09140771760175657,0.0
7608,1.0,0.05,0.00013372163322547377,0.0,0.0066347351747510774,0.1041128178570179,0.0
7609,1.0,0.05,0.00013058576696883486,0.0,0.0066347351747510774,0.07487828295729579,0.0
7610,1.0,0.05,0.00013058576696883486,0.0,0.006569378220627817,0.07487828295729579,0.0
7611,1.0,0.05,0.00012679716960172025,0.0,0.006569378220627817,0.09591157266150618,0.0
7612,1.0,0.05,0.00012679716960172025,0.0,0.006569378220627817,0.09591157266150618,0.0
7613,1.0,0.05,0.00012679716960172025,0.0,0.006569378220627817,0.09591157266150618,0.0
7614,1.0,0.05,0.00012961064890366176,0.0,0.006569378220627817,0.09591157266150618,0.0
7615,1.0,0.05,0.00012961064890366176,0.0,0.006569378220627817,0.09591157266150618,0.0
7616,1.0,0.05,0.00012961064890366176,0.0,0.006569378220627817,0.09591157266150618,0.0
7617,1.0,0.05,0.00012961064890366176,0.0,0.006569378220627817,0.09591157266150618,0.0
7618,1.0,0.05,0.00012961064890366176,0.0,0.006569378220627817,0.09591157266150618,0.0
7619,1.0,0.05,0.00012961064890366176,0.0,0.006569378220627817,0.097480564535479,0.0
7620,1.0,0.05,0.00012961064890366176,0.0,0.006569378220627817,0.097480564535479,0.0
7621,1.0,0.05,0.00012961064890366176,0.0,0.006569378220627817,0.097480564535479,0.0
7622,1.0,0.05,0.00012961064890366176,0.0,0.006569378220627817,0.097480564535479,0.0
7623,1.0,0.05,0.00012961064890366176,0.0,0.006569378220627817,0.097480564535479,0.0
7624,1.0,0.05,0.00012961064890366176,0.0,0.006569378220627817,0.10213269524621915,0.0
7625,1.0,0.05,0.00012115711525549038,0.0,0.006569378220627817,0.10356160481821877,0.0
7626,1.0,0.05,0.00012115711525549038,0.0,0.0069771675906440105,0.07861376819530347,0.0
7627,1.0,0.05,0.00012115711525549038,0.0,0.0069771675906440105,0.07861376819530347,0.0
7628,1.0,0.05,0.00012115711525549038,0.0,0.0069771675906440105,0.057186802027680575,0.0
7629,1.0,0.05,0.00012115711525549038,0.0,0.0069771675906440105,0.057186802027680575,0.0
7630,1.0,0.05,0.000121056651880941,0.0,0.008658411672639248,0.06318522245043318,0.0
7631,1.0,0.05,0.000121056651880941,0.0,0.008658411672639248,0.13895142827725865,0.0
7632,1.0,0.05,0.000121056651880941,0.0,0.007323792096027165,0.08793324489302018,0.0
7633,1.0,0.05,0.000121056651880941,0.0,0.007323792096027165,0.08793324489302018,0.0
7634,1.0,0.05,0.000121056651880941,0.0,0.007323792096027165,0.08793324489302018,0.0
7635,1.0,0.05,0.000121056651880941,0.0,0.007323792096027165,0.08793324489302018,0.0
7636,1.0,0.05,0.000121056651880941,0.0,0.007323792096027165,0.050560955014374916,0.0
7637,1.0,0.05,0.000121056651880941,0.0,0.007323792096027165,0.050560955014374916,0.0
7638,1.0,0.05,0.000121056651880941,0.0,0.007323792096027165,0.12016820231381774,0.0
7639,1.0,0.05,0.000121056651880941,0.0,0.006719893884284151,0.12016820231381774,0.0
7640,1.0,0.05,0.000121056651880941,0.0,0.006719893884284151,0.09525699258594392,0.0
7641,1.0,0.05,0.000121056651880941,0.0,0.006719893884284151,0.09525699258594392,0.0
7642,1.0,0.05,0.000121056651880941,0.0,0.0067703757181479494,0.09213564997848402,0.0
7643,1.0,0.05,0.00013328941161385298,0.0,0.006663824191874451,0.1747174157738497,0.0
7644,1.0,0.05,0.00013328941161385298,0.0,0.006663824191874451,0.04390920967094147,0.0
7645,1.0,0.05,0.00013328941161385298,0.0,0.007054133955850888,0.04390920967094147,0.0
7646,1.0,0.05,0.00013328941161385298,0.0,0.007054133955850888,0.023772657753996285,0.0
7647,1.0,0.05,0.00013328941161385298,0.0,0.007054133955850888,0.023772657753996285,0.0
7648,1.0,0.05,0.00013328941161385298,0.0,0.007054133955850888,0.04502345691877906,0.0
7649,1.0,0.05,0.00013328941161385298,0.0,0.0076781859152465805,0.06258276553099125,0.0
7650,1.0,0.05,0.00013328941161385298,0.0,0.0076781859152465805,0.06258276553099125,0.0
7651,1.0,0.05,0.00013328941161385298,0.0,0.006393741379610116,0.08068353316279211,0.0
7652,1.0,0.05,0.00013328941161385298,0.0,0.007111383566552672,0.08068353316279211,0.0
7653,1.0,0.05,0.00012492525234260096,0.0,0.006496348502867737,0.08068353316279211,0.0
7654,1.0,0.05,0.00012492525234260096,0.0,0.006629567067160797,0.08068353316279211,0.0
7655,1.0,0.05,0.00012492525234260096,0.0,0.00813338342069175,0.07997624412339142,0.0
7656,1.0,0.05,0.0001206445856836489,0.0,0.00813338342069175,0.07997624412339142,0.0
7657,1.0,0.05,0.0001206445856836489,0.0,0.00813338342069175,0.07997624412339142,0.0
7658,1.0,0.05,0.0001206445856836489,0.0,0.008067060569948908,0.14141600544223262,0.0
7659,1.0,0.05,0.0001206445856836489,0.0,0.007615291766473745,0.06249268663691756,0.0
7660,1.0,0.05,0.0001206445856836489,0.0,0.007615291766473745,0.2248137604988645,0.0
7661,1.0,0.05,0.0001206445856836489,0.0,0.007615291766473745,0.21737073172033608,0.0
7662,1.0,0.05,0.0001206445856836489,0.0,0.007615291766473745,0.06004849085479735,0.0
7663,1.0,0.05,0.00011683317897710924,0.0,0.007615291766473745,0.12713103124761138,0.0
7664,1.0,0.05,0.00011683317897710924,0.0,0.007615291766473745,0.1800351044892928,0.0
7665,1.0,0.05,0.0001161780353050006,0.0,0.007615291766473745,0.07873253771036474,0.0
7666,1.0,0.05,0.0001161780353050006,0.0,0.007615291766473745,0.12221833720948935,0.0
7667,1.0,0.05,0.0001161780353050006,0.0,0.007615291766473745,0.12221833720948935,0.0
7668,1.0,0.05,0.00012525582981792117,0.0,0.007615291766473745,0.12221833720948935,0.0
7669,1.0,0.05,0.00012525582981792117,0.0,0.007615291766473745,0.07934425572875156,0.0
7670,1.0,0.05,0.00012525582981792117,0.0,0.008172798663239372,0.07680599481145149,0.0
7671,1.0,0.05,0.00012525582981792117,0.0,0.006812923449860187,0.05552021001424271,0.0
7672,1.0,0.05,0.00013364240370741012,0.0,0.006812923449860187,0.05552021001424271,0.0
7673,1.0,0.05,0.00013364240370741012,0.0,0.006812923449860187,0.05552021001424271,0.0
7674,1.0,0.05,0.00013364240370741012,0.0,0.005522971809763986,0.03449615583236641,0.0
7675,1.0,0.05,0.00013364240370741012,0.0,0.005522971809763986,0.05259956244018418,0.0
7676,1.0,0.05,0.00013364240370741012,0.0,0.005522971809763986,0.055684586051798914,0.0
7677,1.0,0.05,0.00013364240370741012,0.0,0.005522971809763986,0.04728233852325801,0.0
7678,1.0,0.05,0.00013364240370741012,0.0,0.005522971809763986,0.08818902554894559,0.0
7679,1.0,0.05,0.00013364240370741012,0.0,0.005522971809763986,0.016044975882321864,0.0
7680,1.0,0.05,0.00013364240370741012,0.0,0.005522971809763986,0.06656224213611739,0.0
7681,1.0,0.05,0.00013364240370741012,0.0,0.005522971809763986,0.06656224213611739,0.0
7682,1.0,0.05,0.00013364240370741012,0.0,0.006862252838983396,0.06656224213611739,0.0
7683,1.0,0.05,0.00013364240370741012,0.0,0.006862252838983396,0.06656224213611739,0.0
7684,1.0,0.05,0.00013364240370741012,0.0,0.006862252838983396,0.06656224213611739,0.0
7685,1.0,0.05,0.00013364240370741012,0.0,0.006862252838983396,0.09075336206714202,0.0
7686,1.0,0.05,0.00013364240370741012,0.0,0.006862252838983396,0.09075336206714202,0.0
7687,1.0,0.05,0.00013364240370741012,0.0,0.006345167494138359,0.09075336206714202,0.0
7688,1.0,0.05,0.00013364240370741012,0.0,0.006345167494138359,0.09075336206714202,0.0
7689,1.0,0.05,0.00013364240370741012,0.0,0.006345167494138359,0.09849018142273576,0.0
7690,1.0,0.05,0.00013364240370741012,0.0,0.006345167494138359,0.09849018142273576,0.0
7691,1.0,0.05,0.00013364240370741012,0.0,0.006345167494138359,0.047616277169084405,0.0
7692,1.0,0.05,0.00013364240370741012,0.0,0.005721699808118904,0.047616277169084405,0.0
7693,1.0,0.05,0.00013364240370741012,0.0,0.005721699808118904,0.047616277169084405,0.0
7694,1.0,0.05,0.00013364240370741012,0.0,0.005721699808118904,0.047616277169084405,0.0
7695,1.0,0.05,0.00013472671379709069,0.0,0.005770320904828366,0.04205421332783173,0.0
7696,1.0,0.05,0.00013472671379709069,0.0,0.005770320904828366,0.04205421332783173,0.0
7697,1.0,0.05,0.00013472671379709069,0.0,0.005770320904828366,0.04205421332783173,0.0
7698,1.0,0.05,0.00013472671379709069,0.0,0.005770320904828366,0.040816025211515325,0.0
7699,1.0,0.05,0.0001343988213811259,0.0,0.005770320904828366,0.040816025211515325,0.0
7700,1.0,0.05,0.0001343988213811259,0.0,0.005770320904828366,0.09464787301971997,0.0
7701,1.0,0.05,0.0001343988213811259,0.0,0.005770320904828366,0.037683013397406,0.0
7702,1.0,0.05,0.0001343988213811259,0.0,0.005770320904828366,0.037683013397406,0.0
7703,1.0,0.05,0.0001343988213811259,0.0,0.005770320904828366,0.037683013397406,0.0
7704,1.0,0.05,0.0001343988213811259,0.0,0.005770320904828366,0.037683013397406,0.0
7705,1.0,0.05,0.00013140646095418794,0.0,0.005770320904828366,0.06364056885622969,0.0
7706,1.0,0.05,0.00013140646095418794,0.0,0.005770320904828366,0.048483958548821135,0.0
7707,1.0,0.05,0.00013140646095418794,0.0,0.005770320904828366,0.06579464805304013,0.0
7708,1.0,0.05,0.00013140646095418794,0.0,0.005770320904828366,0.06579464805304013,0.0
7709,1.0,0.05,0.00013140646095418794,0.0,0.006012945326623781,0.06579464805304013,0.0
7710,1.0,0.05,0.00013140646095418794,0.0,0.006012945326623781,0.06579464805304013,0.0
7711,1.0,0.05,0.00013140646095418794,0.0,0.006012945326623781,0.06579464805304013,0.0
7712,1.0,0.05,0.00013586852333908174,0.0,0.006012945326623781,0.023521524394025113,0.0
7713,1.0,0.05,0.00013586852333908174,0.0,0.006012945326623781,0.023521524394025113,0.0
7714,1.0,0.05,0.00013596803596852805,0.0,0.006012945326623781,0.023521524394025113,0.0
7715,1.0,0.05,0.00013149100647964244,0.0,0.006012945326623781,0.02614379587464291,0.0
7716,1.0,0.05,0.00013149100647964244,0.0,0.006012945326623781,0.029277525689486016,0.0
7717,1.0,0.05,0.00013149100647964244,0.0,0.007274481837390065,0.0145650224331259,0.0
7718,1.0,0.05,0.00013149100647964244,0.0,0.007274481837390065,0.0145650224331259,0.0
7719,1.0,0.05,0.00013149100647964244,0.0,0.007274481837390065,0.0145650224331259,0.0
7720,1.0,0.05,0.00013149100647964244,0.0,0.007274481837390065,0.019176912542769195,0.0
7721,1.0,0.05,0.00013149100647964244,0.0,0.007274481837390065,0.019176912542769195,0.0
7722,1.0,0.05,0.00013149100647964244,0.0,0.007274481837390065,0.023678973695545946,0.0
7723,1.0,0.05,0.00013149100647964244,0.0,0.007274481837390065,0.07556153801507484,0.0
7724,1.0,0.05,0.00012612953582300294,0.0,0.006551571755525812,0.07556153801507484,0.0
7725,1.0,0.05,0.00012612953582300294,0.0,0.006551571755525812,0.07556153801507484,0.0
7726,1.0,0.05,0.00012612953582300294,0.0,0.006551571755525812,0.07556153801507484,0.0
7727,1.0,0.05,0.00013408365890454836,0.0,0.006551571755525812,0.07556153801507484,0.0
7728,1.0,0.05,0.00013408365890454836,0.0,0.006551571755525812,0.07556153801507484,0.0
7729,1.0,0.05,0.00013408365890454836,0.0,0.006551571755525812,0.07556153801507484,0.0
7730,1.0,0.05,0.00013408365890454836,0.0,0.006502581399573471,0.07556153801507484,0.0
7731,1.0,0.05,0.00012478192093773018,0.0,0.006502581399573471,0.07556153801507484,0.0
7732,1.0,0.05,0.00012478192093773018,0.0,0.006502581399573471,0.05657761422022894,0.0
7733,1.0,0.05,0.00012478192093773018,0.0,0.005563824192305883,0.05657761422022894,0.0
7734,1.0,0.05,0.00013125470388851586,0.0,0.005563824192305883,0.05657761422022894,0.0
7735,1.0,0.05,0.00013125470388851586,0.0,0.005563824192305883,0.05657761422022894,0.0
7736,1.0,0.05,0.00013867797934823947,0.0,0.005563824192305883,0.05657761422022894,0.0
7737,1.0,0.05,0.00012820916024672578,0.0,0.005563824192305883,0.05657761422022894,0.0
7738,1.0,0.05,0.00012820916024672578,0.0,0.005563824192305883,0.05657761422022894,0.0
7739,1.0,0.05,0.00012820916024672578,0.0,0.0067522310126608325,0.08535393769365751,0.0
7740,1.0,0.05,0.00012820916024672578,0.0,0.005449809012264131,0.06893369941766156,0.0
7741,1.0,0.05,0.00012820916024672578,0.0,0.005449809012264131,0.06893369941766156,0.0
7742,1.0,0.05,0.00013145547079298188,0.0,0.005449809012264131,0.02400756743281539,0.0
7743,1.0,0.05,0.00013412852118592915,0.0,0.005449809012264131,0.035777733341610295,0.0
7744,1.0,0.05,0.00013412852118592915,0.0,0.005449809012264131,0.035777733341610295,0.0
7745,1.0,0.05,0.00013412852118592915,0.0,0.005449809012264131,0.035777733341610295,0.0
7746,1.0,0.05,0.00013412852118592915,0.0,0.005449809012264131,0.035777733341610295,0.0
7747,1.0,0.05,0.00013087442444380018,0.0,0.005728452288232498,0.07911204671119888,0.0
7748,1.0,0.05,0.00013087442444380018,0.0,0.005728452288232498,0.07911204671119888,0.0
7749,1.0,0.05,0.00013087442444380018,0.0,0.005728452288232498,0.07911204671119888,0.0
7750,1.0,0.05,0.00013087442444380018,0.0,0.005728452288232498,0.07911204671119888,0.0
7751,1.0,0.05,0.00013087442444380018,0.0,0.005728452288232498,0.07911204671119888,0.0
7752,1.0,0.05,0.00013087442444380018,0.0,0.005728452288232498,0.054798587226778495,0.0
7753,1.0,0.05,0.00013087442444380018,0.0,0.005728452288232498,0.054798587226778495,0.0
7754,1.0,0.05,0.00013087442444380018,0.0,0.005728452288232498,0.054798587226778495,0.0
7755,1.0,0.05,0.00013087442444380018,0.0,0.005728452288232498,0.054798587226778495,0.0
7756,1.0,0.05,0.00013087442444380018,0.0,0.005728452288232498,0.054798587226778495,0.0
7757,1.0,0.05,0.00013087442444380018,0.0,0.005728452288232498,0.07036897531569783,0.0
7758,1.0,0.05,0.00013087442444380018,0.0,0.005728452288232498,0.07036897531569783,0.0
7759,1.0,0.05,0.00013087442444380018,0.0,0.005728452288232498,0.07187402740016788,0.0
7760,1.0,0.05,0.00013087442444380018,0.0,0.005728452288232498,0.07717953927950795,0.0
7761,1.0,0.05,0.00013087442444380018,0.0,0.005728452288232498,0.11239073426417069,0.0
7762,1.0,0.05,0.00013087442444380018,0.0,0.005728452288232498,0.11239073426417069,0.0
7763,1.0,0.05,0.00013291386453079154,0.0,0.006589456636517348,0.11239073426417069,0.0
7764,1.0,0.05,0.00013138472414123828,0.0,0.006589456636517348,0.11239073426417069,0.0
7765,1.0,0.05,0.0001232948939749256,0.0,0.006589456636517348,0.1403592258394703,0.0
7766,1.0,0.05,0.0001232948939749256,0.0,0.006589456636517348,0.1403592258394703,0.0
7767,1.0,0.05,0.0001232948939749256,0.0,0.006589456636517348,0.1403592258394703,0.0
7768,1.0,0.05,0.0001232948939749256,0.0,0.006589456636517348,0.1403592258394703,0.0
7769,1.0,0.05,0.00012842820081231232,0.0,0.006589456636517348,0.05206070046348609,0.0
7770,1.0,0.05,0.00012842820081231232,0.0,0.006589456636517348,0.03740963336414603,0.0
7771,1.0,0.05,0.00012673091146970044,0.0,0.006589456636517348,0.05103355713013287,0.0
7772,1.0,0.05,0.00012673091146970044,0.0,0.006589456636517348,0.05805725972030319,0.0
7773,1.0,0.05,0.00012673091146970044,0.0,0.006589456636517348,0.05088751651407805,0.0
7774,1.0,0.05,0.00012673091146970044,0.0,0.006472251253585489,0.07545756665197258,0.0
7775,1.0,0.05,0.00012673091146970044,0.0,0.007577863627072449,0.07545756665197258,0.0
7776,1.0,0.05,0.00012673091146970044,0.0,0.007308223304692299,0.07545756665197258,0.0
7777,1.0,0.05,0.00012673091146970044,0.0,0.007308223304692299,0.0761514446064587,0.0
7778,1.0,0.05,0.00012673091146970044,0.0,0.007308223304692299,0.0761514446064587,0.0
7779,1.0,0.05,0.00012673091146970044,0.0,0.007308223304692299,0.10171320681091997,0.0
7780,1.0,0.05,0.00012673091146970044,0.0,0.007308223304692299,0.12240367414089724,0.0
7781,1.0,0.05,0.00012673091146970044,0.0,0.007308223304692299,0.15286111878557349,0.0
7782,1.0,0.05,0.00012673091146970044,0.0,0.007308223304692299,0.03789048073891112,0.0
7783,1.0,0.05,0.00012673091146970044,0.0,0.006541346875774595,0.13499159737308852,0.0
7784,1.0,0.05,0.00012673091146970044,0.0,0.006541346875774595,0.13499159737308852,0.0
7785,1.0,0.05,0.00012673091146970044,0.0,0.006541346875774595,0.11220604927430615,0.0
7786,1.0,0.05,0.00012673091146970044,0.0,0.006541346875774595,0.10667393026397562,0.0
7787,1.0,0.05,0.00012673091146970044,0.0,0.006541346875774595,0.10667393026397562,0.0
7788,1.0,0.05,0.00012673091146970044,0.0,0.006541346875774595,0.10667393026397562,0.0
7789,1.0,0.05,0.00012673091146970044,0.0,0.006085860406328262,0.10667393026397562,0.0
7790,1.0,0.05,0.00012673091146970044,0.0,0.006085860406328262,0.10667393026397562,0.0
7791,1.0,0.05,0.00012673091146970044,0.0,0.006085860406328262,0.07044859191403308,0.0
7792,1.0,0.05,0.00012673091146970044,0.0,0.006085860406328262,0.04272728376876519,0.0
7793,1.0,0.05,0.00012673091146970044,0.0,0.006085860406328262,0.04224917150922297,0.0
7794,1.0,0.05,0.00012673091146970044,0.0,0.007089700104672425,0.026410415931849094,0.0
7795,1.0,0.05,0.00012673091146970044,0.0,0.007089700104672425,0.026410415931849094,0.0
7796,1.0,0.05,0.00012673091146970044,0.0,0.007089700104672425,0.03801199948567297,0.0
7797,1.0,0.05,0.00012673091146970044,0.0,0.007089700104672425,0.052856200993383506,0.0
7798,1.0,0.05,0.00012673091146970044,0.0,0.0074476080006289054,0.09653652436785608,0.0
7799,1.0,0.05,0.00012673091146970044,0.0,0.0074476080006289054,0.09653652436785608,0.0
7800,1.0,0.05,0.00012673091146970044,0.0,0.006548622719479503,0.04527400430644687,0.0
7801,1.0,0.05,0.00012673091146970044,0.0,0.006548622719479503,0.043214034562051695,0.0
7802,1.0,0.05,0.00012673091146970044,0.0,0.006548622719479503,0.043214034562051695,0.0
7803,1.0,0.05,0.00012953851012938367,0.0,0.007144783224552015,0.06828924447777193,0.0
7804,1.0,0.05,0.00012953851012938367,0.0,0.007144783224552015,0.04238442069569691,0.0
7805,1.0,0.05,0.00012774130150441148,0.0,0.007144783224552015,0.09839729388986841,0.0
7806,1.0,0.05,0.00012774130150441148,0.0,0.006743649198109331,0.09839729388986841,0.0
7807,1.0,0.05,0.00012774130150441148,0.0,0.006743649198109331,0.09346734648493507,0.0
7808,1.0,0.05,0.00012774130150441148,0.0,0.006743649198109331,0.054991478770116044,0.0
7809,1.0,0.05,0.00012774130150441148,0.0,0.006743649198109331,0.05836807832103655,0.0
7810,1.0,0.05,0.00012774130150441148,0.0,0.006743649198109331,0.05836807832103655,0.0
7811,1.0,0.05,0.00012774130150441148,0.0,0.005865177528059462,0.05836807832103655,0.0
7812,1.0,0.05,0.00012774130150441148,0.0,0.005865177528059462,0.11182135808491143,0.0
7813,1.0,0.05,0.00012774130150441148,0.0,0.005865177528059462,0.07888382485417827,0.0
7814,1.0,0.05,0.00012774130150441148,0.0,0.005865177528059462,0.07888382485417827,0.0
7815,1.0,0.05,0.00012774130150441148,0.0,0.005865177528059462,0.07888382485417827,0.0
7816,1.0,0.05,0.00012774130150441148,0.0,0.005865177528059462,0.07888382485417827,0.0
7817,1.0,0.05,0.00012774130150441148,0.0,0.005865177528059462,0.04102366519515682,0.0
7818,1.0,0.05,0.00012774130150441148,0.0,0.005865177528059462,0.03123662563128401,0.0
7819,1.0,0.05,0.00012774130150441148,0.0,0.005865177528059462,0.027512662164537304,0.0
7820,1.0,0.05,0.00012774130150441148,0.0,0.005865177528059462,0.03763878634975142,0.0
7821,1.0,0.05,0.00012774130150441148,0.0,0.005865177528059462,0.03763878634975142,0.0
7822,1.0,0.05,0.00012774130150441148,0.0,0.005865177528059462,0.03763878634975142,0.0
7823,1.0,0.05,0.00012774130150441148,0.0,0.005865177528059462,0.10599777774606989,0.0
7824,1.0,0.05,0.00012774130150441148,0.0,0.005865177528059462,0.06407860693502981,0.0
7825,1.0,0.05,0.00012774130150441148,0.0,0.005865177528059462,0.072354448764606,0.0
7826,1.0,0.05,0.000135963880726186,0.0,0.005865177528059462,0.072354448764606,0.0
7827,1.0,0.05,0.000135963880726186,0.0,0.005865177528059462,0.072354448764606,0.0
7828,1.0,0.05,0.000135963880726186,0.0,0.005865177528059462,0.046985727371309065,0.0
7829,1.0,0.05,0.00013231057467340734,0.0,0.005865177528059462,0.0393844771172622,0.0
7830,1.0,0.05,0.00013231057467340734,0.0,0.005865177528059462,0.0393844771172622,0.0
7831,1.0,0.05,0.00013231057467340734,0.0,0.005865177528059462,0.027437310835881027,0.0
7832,1.0,0.05,0.00013231057467340734,0.0,0.005865177528059462,0.019758468873251965,0.0
7833,1.0,0.05,0.00013231057467340734,0.0,0.005865177528059462,0.038223285069878175,0.0
7834,1.0,0.05,0.00013231057467340734,0.0,0.005865177528059462,0.051370782146426874,0.0
7835,1.0,0.05,0.00013231057467340734,0.0,0.005865177528059462,0.05407815350904355,0.0
7836,1.0,0.05,0.00013231057467340734,0.0,0.005865177528059462,0.055485335992123304,0.0
7837,1.0,0.05,0.00013231057467340734,0.0,0.005865177528059462,0.055485335992123304,0.0
7838,1.0,0.05,0.00013231057467340734,0.0,0.005865177528059462,0.09580441866620569,0.0
7839,1.0,0.05,0.00013231057467340734,0.0,0.005865177528059462,0.09580441866620569,0.0
7840,1.0,0.05,0.00013231057467340734,0.0,0.005865177528059462,0.09580441866620569,0.0
7841,1.0,0.05,0.00013231057467340734,0.0,0.005865177528059462,0.09580441866620569,0.0
7842,1.0,0.05,0.00013231057467340734,0.0,0.005785652051818214,0.04808723543736133,0.0
7843,1.0,0.05,0.00013231057467340734,0.0,0.005802269757495306,0.04808723543736133,0.0
7844,1.0,0.05,0.00013231057467340734,0.0,0.005802269757495306,0.04808723543736133,0.0
7845,1.0,0.05,0.00013231057467340734,0.0,0.005802269757495306,0.037279160352023416,0.0
7846,1.0,0.05,0.00013231057467340734,0.0,0.005802269757495306,0.037279160352023416,0.0
7847,1.0,0.05,0.00013231057467340734,0.0,0.005802269757495306,0.030982819489063798,0.0
7848,1.0,0.05,0.00013231057467340734,0.0,0.0058025824200237785,0.030982819489063798,0.0
7849,1.0,0.05,0.00013231057467340734,0.0,0.0058025824200237785,0.030982819489063798,0.0
7850,1.0,0.05,0.00013231057467340734,0.0,0.007900532358579099,0.030982819489063798,0.0
7851,1.0,0.05,0.00013231057467340734,0.0,0.006401800487008437,0.038743849273289235,0.0
7852,1.0,0.05,0.00013231057467340734,0.0,0.006401800487008437,0.038743849273289235,0.0
7853,1.0,0.05,0.00013231057467340734,0.0,0.006401800487008437,0.056940133640829484,0.0
7854,1.0,0.05,0.00013231057467340734,0.0,0.006401800487008437,0.056940133640829484,0.0
7855,1.0,0.05,0.00013231057467340734,0.0,0.006401800487008437,0.056940133640829484,0.0
7856,1.0,0.05,0.00013231057467340734,0.0,0.006401800487008437,0.056940133640829484,0.0
7857,1.0,0.05,0.00013231057467340734,0.0,0.006401800487008437,0.056940133640829484,0.0
7858,1.0,0.05,0.00013231057467340734,0.0,0.00605593193349134,0.07415331001650104,0.0
7859,1.0,0.05,0.00013231057467340734,0.0,0.00605593193349134,0.07415331001650104,0.0
7860,1.0,0.05,0.00013231057467340734,0.0,0.00605593193349134,0.049468944970686775,0.0
7861,1.0,0.05,0.00013231057467340734,0.0,0.00605593193349134,0.0208523494345686,0.0
7862,1.0,0.05,0.00013231057467340734,0.0,0.00605593193349134,0.07613287628211303,0.0
7863,1.0,0.05,0.00013231057467340734,0.0,0.00605593193349134,0.07613287628211303,0.0
7864,1.0,0.05,0.00013231057467340734,0.0,0.00605593193349134,0.07613287628211303,0.0
7865,1.0,0.05,0.00013231057467340734,0.0,0.00605593193349134,0.07613287628211303,0.0
7866,1.0,0.05,0.00013231057467340734,0.0,0.00605593193349134,0.07613287628211303,0.0
7867,1.0,0.05,0.00013231057467340734,0.0,0.00605593193349134,0.07613287628211303,0.0
7868,1.0,0.05,0.00013231057467340734,0.0,0.00605593193349134,0.05910271276328481,0.0
7869,1.0,0.05,0.00013231057467340734,0.0,0.00605593193349134,0.0287964862162918,0.0
7870,1.0,0.05,0.00013231057467340734,0.0,0.0057364195819545665,0.027714603092853105,0.0
7871,1.0,0.05,0.00013231057467340734,0.0,0.006062184786925171,0.05761400828818007,0.0
7872,1.0,0.05,0.00013231057467340734,0.0,0.006062184786925171,0.04321723826831838,0.0
7873,1.0,0.05,0.00013231057467340734,0.0,0.006062184786925171,0.08038267692524122,0.0
7874,1.0,0.05,0.00013231057467340734,0.0,0.006062184786925171,0.08856741731449205,0.0
7875,1.0,0.05,0.00012923652713715938,0.0,0.006062184786925171,0.05903091974460309,0.0
7876,1.0,0.05,0.00012923652713715938,0.0,0.006062184786925171,0.04137250866485494,0.0
7877,1.0,0.05,0.0001345599596828519,0.0,0.006062184786925171,0.09765526228400803,0.0
7878,1.0,0.05,0.0001345599596828519,0.0,0.006062184786925171,0.10378403936806642,0.0
7879,1.0,0.05,0.0001345599596828519,0.0,0.006062184786925171,0.10378403936806642,0.0
7880,1.0,0.05,0.0001345599596828519,0.0,0.006062184786925171,0.01791858156689955,0.0
7881,1.0,0.05,0.0001345599596828519,0.0,0.006062184786925171,0.01791858156689955,0.0
7882,1.0,0.05,0.0001345599596828519,0.0,0.006062184786925171,0.05927921009917229,0.0
7883,1.0,0.05,0.0001345599596828519,0.0,0.006062184786925171,0.09437897442443796,0.0
7884,1.0,0.05,0.0001345599596828519,0.0,0.006062184786925171,0.09437897442443796,0.0
7885,1.0,0.05,0.0001345599596828519,0.0,0.00602793816041359,0.09437897442443796,0.0
7886,1.0,0.05,0.0001345599596828519,0.0,0.005766636930183388,0.05856194417646569,0.0
7887,1.0,0.05,0.0001345599596828519,0.0,0.005766636930183388,0.05575155691870483,0.0
7888,1.0,0.05,0.0001345599596828519,0.0,0.005766636930183388,0.05575155691870483,0.0
7889,1.0,0.05,0.0001345599596828519,0.0,0.0054860142211981535,0.04487897544103162,0.0
7890,1.0,0.05,0.0001345599596828519,0.0,0.0054860142211981535,0.05597498277052256,0.0
7891,1.0,0.05,0.0001345599596828519,0.0,0.0054860142211981535,0.05597498277052256,0.0
7892,1.0,0.05,0.0001345599596828519,0.0,0.0054860142211981535,0.05597498277052256,0.0
7893,1.0,0.05,0.0001345599596828519,0.0,0.0054860142211981535,0.05597498277052256,0.0
7894,1.0,0.05,0.0001321006543427552,0.0,0.0054860142211981535,0.05597498277052256,0.0
7895,1.0,0.05,0.0001321006543427552,0.0,0.0054860142211981535,0.05732310953266601,0.0
7896,1.0,0.05,0.0001321006543427552,0.0,0.006426783983069287,0.05732310953266601,0.0
7897,1.0,0.05,0.0001321006543427552,0.0,0.006426783983069287,0.05732310953266601,0.0
7898,1.0,0.05,0.0001321006543427552,0.0,0.006426783983069287,0.07986451987748241,0.0
7899,1.0,0.05,0.0001321006543427552,0.0,0.006305298911158056,0.1216078255408804,0.0
7900,1.0,0.05,0.0001321006543427552,0.0,0.006305298911158056,0.1216078255408804,0.0
7901,1.0,0.05,0.0001321006543427552,0.0,0.006040622932500213,0.12112932464324543,0.0
7902,1.0,0.05,0.0001321006543427552,0.0,0.006040622932500213,0.0426715569396362,0.0
7903,1.0,0.05,0.0001319754450390297,0.0,0.006040622932500213,0.0262562371601506,0.0
7904,1.0,0.05,0.0001319754450390297,0.0,0.006040622932500213,0.07611057892683845,0.0
7905,1.0,0.05,0.0001319754450390297,0.0,0.006040622932500213,0.07611057892683845,0.0
7906,1.0,0.05,0.00013533507078198164,0.0,0.006040622932500213,0.07611057892683845,0.0
7907,1.0,0.05,0.00013533507078198164,0.0,0.005692933759017755,0.07611057892683845,0.0
7908,1.0,0.05,0.00013533507078198164,0.0,0.005692933759017755,0.07611057892683845,0.0
7909,1.0,0.05,0.00013533507078198164,0.0,0.005692933759017755,0.07611057892683845,0.0
7910,1.0,0.05,0.00013533507078198164,0.0,0.005692933759017755,0.07611057892683845,0.0
7911,1.0,0.05,0.00013533507078198164,0.0,0.005692933759017755,0.07181915679987372,0.0
7912,1.0,0.05,0.00013547878373903376,0.0,0.0055295806229157295,0.0650294903473207,0.0
7913,1.0,0.05,0.00013547878373903376,0.0,0.0055295806229157295,0.0650294903473207,0.0
7914,1.0,0.05,0.00013547878373903376,0.0,0.0055295806229157295,0.08646492523161037,0.0
7915,1.0,0.05,0.00013556957489969506,0.0,0.0055295806229157295,0.04469050880675187,0.0
7916,1.0,0.05,0.00012810115235541294,0.0,0.0055295806229157295,0.061640263855858406,0.0
7917,1.0,0.05,0.00012810115235541294,0.0,0.0055295806229157295,0.061640263855858406,0.0
7918,1.0,0.05,0.00012810115235541294,0.0,0.0055295806229157295,0.061640263855858406,0.0
7919,1.0,0.05,0.00012810115235541294,0.0,0.0055295806229157295,0.05485788554137434,0.0
7920,1.0,0.05,0.00012810115235541294,0.0,0.0055295806229157295,0.06468789540384093,0.0
7921,1.0,0.05,0.00012810115235541294,0.0,0.0055295806229157295,0.06468789540384093,0.0
7922,1.0,0.05,0.00012810115235541294,0.0,0.007728329992100154,0.06468789540384093,0.0
7923,1.0,0.05,0.00012810115235541294,0.0,0.007728329992100154,0.06468789540384093,0.0
7924,1.0,0.05,0.00012810115235541294,0.0,0.007728329992100154,0.06468789540384093,0.0
7925,1.0,0.05,0.00012810115235541294,0.0,0.007728329992100154,0.05781955774614132,0.0
7926,1.0,0.05,0.0001366643461324224,0.0,0.006368536504991231,0.05781955774614132,0.0
7927,1.0,0.05,0.0001366643461324224,0.0,0.006368536504991231,0.05781955774614132,0.0
7928,1.0,0.05,0.0001366643461324224,0.0,0.006368536504991231,0.05781955774614132,0.0
7929,1.0,0.05,0.0001366643461324224,0.0,0.006368536504991231,0.06192440907403973,0.0
7930,1.0,0.05,0.0001366643461324224,0.0,0.006368536504991231,0.09007466153845103,0.0
7931,1.0,0.05,0.0001366643461324224,0.0,0.006368536504991231,0.09007466153845103,0.0
7932,1.0,0.05,0.0001366643461324224,0.0,0.006368536504991231,0.09007466153845103,0.0
7933,1.0,0.05,0.0001366643461324224,0.0,0.006368536504991231,0.07493446970871327,0.0
7934,1.0,0.05,0.0001366643461324224,0.0,0.006368536504991231,0.11754755381829396,0.0
7935,1.0,0.05,0.0001366643461324224,0.0,0.006368536504991231,0.08927599817784554,0.0
7936,1.0,0.05,0.0001366643461324224,0.0,0.006810204798745892,0.06973776385940365,0.0
7937,1.0,0.05,0.0001366643461324224,0.0,0.006810204798745892,0.06973776385940365,0.0
7938,1.0,0.05,0.0001366643461324224,0.0,0.00562457039327222,0.06973776385940365,0.0
7939,1.0,0.05,0.0001366643461324224,0.0,0.005595594320141039,0.06973776385940365,0.0
7940,1.0,0.05,0.0001366643461324224,0.0,0.005595594320141039,0.06973776385940365,0.0
7941,1.0,0.05,0.0001366643461324224,0.0,0.005595594320141039,0.07634481363915188,0.0
7942,1.0,0.05,0.0001366643461324224,0.0,0.005595594320141039,0.07634481363915188,0.0
7943,1.0,0.05,0.0001366643461324224,0.0,0.005595594320141039,0.07634481363915188,0.0
7944,1.0,0.05,0.0001366643461324224,0.0,0.006300187066123935,0.07634481363915188,0.0
7945,1.0,0.05,0.0001366643461324224,0.0,0.006300187066123935,0.07634481363915188,0.0
7946,1.0,0.05,0.0001366643461324224,0.0,0.006300187066123935,0.07634481363915188,0.0
7947,1.0,0.05,0.0001366643461324224,0.0,0.0054756838720647965,0.07634481363915188,0.0
7948,1.0,0.05,0.0001366643461324224,0.0,0.0054756838720647965,0.047966126419777474,0.0
7949,1.0,0.05,0.0001366643461324224,0.0,0.0054756838720647965,0.04524025527166184,0.0
7950,1.0,0.05,0.0001366643461324224,0.0,0.006311817762557762,0.04524025527166184,0.0
7951,1.0,0.05,0.00012443805752085024,0.0,0.006311817762557762,0.07169343072536898,0.0
7952,1.0,0.05,0.00013521136874932604,0.0,0.006311817762557762,0.07169343072536898,0.0
7953,1.0,0.05,0.00013521136874932604,0.0,0.006311817762557762,0.07169343072536898,0.0
7954,1.0,0.05,0.00013521136874932604,0.0,0.006311817762557762,0.07169343072536898,0.0
7955,1.0,0.05,0.00013521136874932604,0.0,0.006311817762557762,0.07169343072536898,0.0
7956,1.0,0.05,0.00013521136874932604,0.0,0.006890265910562685,0.09853945835050804,0.0
7957,1.0,0.05,0.00013521136874932604,0.0,0.006890265910562685,0.09853945835050804,0.0
7958,1.0,0.05,0.00013521136874932604,0.0,0.006890265910562685,0.037946606735963985,0.0
7959,1.0,0.05,0.00013521136874932604,0.0,0.006890265910562685,0.037946606735963985,0.0
7960,1.0,0.05,0.00012598204317142584,0.0,0.0066619501844477,0.03996440373021079,0.0
7961,1.0,0.05,0.00012598204317142584,0.0,0.005757970459155845,0.03996440373021079,0.0
7962,1.0,0.05,0.00012598204317142584,0.0,0.00839436380677872,0.12760157800175395,0.0
7963,1.0,0.05,0.00012598204317142584,0.0,0.005947952919443382,0.12760157800175395,0.0
7964,1.0,0.05,0.00012598204317142584,0.0,0.005947952919443382,0.12419224747859442,0.0
7965,1.0,0.05,0.00012598204317142584,0.0,0.00589803150878928,0.12419224747859442,0.0
7966,1.0,0.05,0.00012598204317142584,0.0,0.00589803150878928,0.08116489550143206,0.0
7967,1.0,0.05,0.00012598204317142584,0.0,0.005797037072954226,0.05300254279799247,0.0
7968,1.0,0.05,0.00012598204317142584,0.0,0.005797037072954226,0.05300254279799247,0.0
7969,1.0,0.05,0.00012461650560034515,0.0,0.006156159417326169,0.05300254279799247,0.0
7970,1.0,0.05,0.00012461650560034515,0.0,0.008455458560444799,0.06365362231220294,0.0
7971,1.0,0.05,0.00012461650560034515,0.0,0.008455458560444799,0.09319270423289863,0.0
7972,1.0,0.05,0.00012461650560034515,0.0,0.006488055300100195,0.11708606771083663,0.0
7973,1.0,0.05,0.00012461650560034515,0.0,0.006488055300100195,0.06019432787586987,0.0
7974,1.0,0.05,0.00012461650560034515,0.0,0.007705521203734894,0.06019432787586987,0.0
7975,1.0,0.05,0.00012461650560034515,0.0,0.007705521203734894,0.03531892820076117,0.0
7976,1.0,0.05,0.00012461650560034515,0.0,0.007705521203734894,0.04238256886866121,0.0
7977,1.0,0.05,0.00012461650560034515,0.0,0.007705521203734894,0.034576670548160604,0.0
7978,1.0,0.05,0.00012461650560034515,0.0,0.007705521203734894,0.06071060660166398,0.0
7979,1.0,0.05,0.00012461650560034515,0.0,0.007705521203734894,0.1342947204461766,0.0
7980,1.0,0.05,0.00012461650560034515,0.0,0.007705521203734894,0.1342947204461766,0.0
7981,1.0,0.05,0.00012461650560034515,0.0,0.0072392153136546875,0.1342947204461766,0.0
7982,1.0,0.05,0.00012461650560034515,0.0,0.0072392153136546875,0.11207324602483937,0.0
7983,1.0,0.05,0.00012461650560034515,0.0,0.0072392153136546875,0.11207324602483937,0.0
7984,1.0,0.05,0.00012461650560034515,0.0,0.0072392153136546875,0.11207324602483937,0.0
7985,1.0,0.05,0.00012461650560034515,0.0,0.0072392153136546875,0.07904395311129424,0.0
7986,1.0,0.05,0.00012461650560034515,0.0,0.0072392153136546875,0.07904395311129424,0.0
7987,1.0,0.05,0.00012966126944833711,0.0,0.007176096960868343,0.07904395311129424,0.0
7988,1.0,0.05,0.00012966126944833711,0.0,0.007176096960868343,0.049420016588046935,0.0
7989,1.0,0.05,0.00012966126944833711,0.0,0.007176096960868343,0.033356211618651266,0.0
7990,1.0,0.05,0.00012966126944833711,0.0,0.007176096960868343,0.0294826336047761,0.0
7991,1.0,0.05,0.00012966126944833711,0.0,0.007176096960868343,0.0294826336047761,0.0
7992,1.0,0.05,0.00012966126944833711,0.0,0.007176096960868343,0.03601336257252724,0.0
7993,1.0,0.05,0.00012966126944833711,0.0,0.006855551256710799,0.03601336257252724,0.0
7994,1.0,0.05,0.00012966126944833711,0.0,0.0055736132938557946,0.08788115384084574,0.0
7995,1.0,0.05,0.00012966126944833711,0.0,0.0055736132938557946,0.08788115384084574,0.0
7996,1.0,0.05,0.00012966126944833711,0.0,0.0055736132938557946,0.08788115384084574,0.0
7997,1.0,0.05,0.00012966126944833711,0.0,0.0055736132938557946,0.055483833523721965,0.0
7998,1.0,0.05,0.00012966126944833711,0.0,0.0055736132938557946,0.04179991897036998,0.0
7999,1.0,0.05,0.00012966126944833711,0.0,0.0055736132938557946,0.04179991897036998,0.0
8000,1.0,0.05,0.00012966126944833711,0.0,0.0055736132938557946,0.04179991897036998,0.0
8001,1.0,0.05,0.00012966126944833711,0.0,0.0055736132938557946,0.04179991897036998,0.0
8002,1.0,0.05,0.00012966126944833711,0.0,0.0055736132938557946,0.04179991897036998,0.0
8003,1.0,0.05,0.00012966126944833711,0.0,0.005700476119518224,0.04179991897036998,0.0
8004,1.0,0.05,0.00012966126944833711,0.0,0.005700476119518224,0.0741225991815678,0.0
8005,1.0,0.05,0.00012966126944833711,0.0,0.005700476119518224,0.08998153603653003,0.0
8006,1.0,0.05,0.00012966126944833711,0.0,0.0063847395852384145,0.08998153603653003,0.0
8007,1.0,0.05,0.00012966126944833711,0.0,0.0063847395852384145,0.08998153603653003,0.0
8008,1.0,0.05,0.00012966126944833711,0.0,0.0063847395852384145,0.08998153603653003,0.0
8009,1.0,0.05,0.00012966126944833711,0.0,0.0063847395852384145,0.08998153603653003,0.0
8010,1.0,0.05,0.00012966126944833711,0.0,0.007141012420577363,0.08998153603653003,0.0
8011,1.0,0.05,0.00012966126944833711,0.0,0.007141012420577363,0.04316490043032444,0.0
8012,1.0,0.05,0.00012966126944833711,0.0,0.006808157232979731,0.04316490043032444,0.0
8013,1.0,0.05,0.00012966126944833711,0.0,0.006769766185816041,0.04316490043032444,0.0
8014,1.0,0.05,0.00012966126944833711,0.0,0.006769766185816041,0.08740765638949315,0.0
8015,1.0,0.05,0.00012966126944833711,0.0,0.006769766185816041,0.08740765638949315,0.0
8016,1.0,0.05,0.00012966126944833711,0.0,0.006769766185816041,0.09519247977068909,0.0
8017,1.0,0.05,0.00012966126944833711,0.0,0.006769766185816041,0.09519247977068909,0.0
8018,1.0,0.05,0.00012966126944833711,0.0,0.006769766185816041,0.09519247977068909,0.0
8019,1.0,0.05,0.00012966126944833711,0.0,0.006769766185816041,0.09519247977068909,0.0
8020,1.0,0.05,0.00012966126944833711,0.0,0.006536225630153849,0.06582600028523744,0.0
8021,1.0,0.05,0.00012527720759202075,0.0,0.006536225630153849,0.06582600028523744,0.0
8022,1.0,0.05,0.00014062144547500436,0.0,0.006218608276709659,0.0848436554280238,0.0
8023,1.0,0.05,0.00014062144547500436,0.0,0.005709638261916858,0.0848436554280238,0.0
8024,1.0,0.05,0.0001409492816184527,0.0,0.005709638261916858,0.0848436554280238,0.0
8025,1.0,0.05,0.0001409492816184527,0.0,0.005709638261916858,0.07746445052329093,0.0
8026,1.0,0.05,0.0001409492816184527,0.0,0.005709638261916858,0.07746445052329093,0.0
8027,1.0,0.05,0.0001409492816184527,0.0,0.005709638261916858,0.07746445052329093,0.0
8028,1.0,0.05,0.0001409492816184527,0.0,0.005709638261916858,0.07746445052329093,0.0
8029,1.0,0.05,0.0001409492816184527,0.0,0.005709638261916858,0.07746445052329093,0.0
8030,1.0,0.05,0.0001409492816184527,0.0,0.005709638261916858,0.08465050437477567,0.0
8031,1.0,0.05,0.0001409492816184527,0.0,0.005709638261916858,0.1031445139205879,0.0
8032,1.0,0.05,0.0001409492816184527,0.0,0.005709638261916858,0.1031445139205879,0.0
8033,1.0,0.05,0.0001409492816184527,0.0,0.005709638261916858,0.030042644521762425,0.0
8034,1.0,0.05,0.00013176098775623642,0.0,0.005709638261916858,0.030042644521762425,0.0
8035,1.0,0.05,0.00013176098775623642,0.0,0.005709638261916858,0.04944885637350161,0.0
8036,1.0,0.05,0.00013176098775623642,0.0,0.005709638261916858,0.09045840778738748,0.0
8037,1.0,0.05,0.00013176098775623642,0.0,0.006015173183640634,0.09045840778738748,0.0
8038,1.0,0.05,0.00013176098775623642,0.0,0.006015173183640634,0.09045840778738748,0.0
8039,1.0,0.05,0.00013176098775623642,0.0,0.006015173183640634,0.058598722329079256,0.0
8040,1.0,0.05,0.00013176098775623642,0.0,0.006015173183640634,0.13458712680023138,0.0
8041,1.0,0.05,0.00013176098775623642,0.0,0.006015173183640634,0.010514308782428561,0.0
8042,1.0,0.05,0.00013176098775623642,0.0,0.006015173183640634,0.030738527238325965,0.0
8043,1.0,0.05,0.00013176098775623642,0.0,0.006015173183640634,0.030738527238325965,0.0
8044,1.0,0.05,0.00013176098775623642,0.0,0.006015173183640634,0.07846339506820593,0.0
8045,1.0,0.05,0.00013974545111785822,0.0,0.006015173183640634,0.11793527385944175,0.0
8046,1.0,0.05,0.00013974545111785822,0.0,0.006015173183640634,0.05613689103267849,0.0
8047,1.0,0.05,0.00013974545111785822,0.0,0.006015173183640634,0.05613689103267849,0.0
8048,1.0,0.05,0.00013974545111785822,0.0,0.006217047765543499,0.05613689103267849,0.0
8049,1.0,0.05,0.00013974545111785822,0.0,0.006217047765543499,0.022894302623177758,0.0
8050,1.0,0.05,0.00013526015282857825,0.0,0.006217047765543499,0.022894302623177758,0.0
8051,1.0,0.05,0.00013526015282857825,0.0,0.006149366594588873,0.022894302623177758,0.0
8052,1.0,0.05,0.00013526015282857825,0.0,0.006149366594588873,0.05020033363672846,0.0
8053,1.0,0.05,0.00013526015282857825,0.0,0.006149366594588873,0.05343024195906625,0.0
8054,1.0,0.05,0.00013526015282857825,0.0,0.006149366594588873,0.02603546150087411,0.0
8055,1.0,0.05,0.00013526015282857825,0.0,0.006149366594588873,0.060210185159033064,0.0
8056,1.0,0.05,0.00013526015282857825,0.0,0.006149366594588873,0.05136598175406844,0.0
8057,1.0,0.05,0.00013526015282857825,0.0,0.006149366594588873,0.018550598025684133,0.0
8058,1.0,0.05,0.00013526015282857825,0.0,0.006149366594588873,0.06331668864662814,0.0
8059,1.0,0.05,0.00012910663345369697,0.0,0.006149366594588873,0.06767985478190558,0.0
8060,1.0,0.05,0.0001310462046523318,0.0,0.006149366594588873,0.06767985478190558,0.0
8061,1.0,0.05,0.0001310462046523318,0.0,0.006149366594588873,0.0840951887302766,0.0
8062,1.0,0.05,0.0001310462046523318,0.0,0.00607819499811285,0.12815696369097163,0.0
8063,1.0,0.05,0.0001310462046523318,0.0,0.00607819499811285,0.12815696369097163,0.0
8064,1.0,0.05,0.0001316113359742907,0.0,0.0060611148079191095,0.10708864222436656,0.0
8065,1.0,0.05,0.0001316113359742907,0.0,0.0060611148079191095,0.10708864222436656,0.0
8066,1.0,0.05,0.0001316113359742907,0.0,0.0060611148079191095,0.10708864222436656,0.0
8067,1.0,0.05,0.0001316113359742907,0.0,0.0060611148079191095,0.04353637264655155,0.0
8068,1.0,0.05,0.0001316113359742907,0.0,0.0060611148079191095,0.036044870355738286,0.0
8069,1.0,0.05,0.0001316113359742907,0.0,0.0060611148079191095,0.11305896513228389,0.0
8070,1.0,0.05,0.0001316113359742907,0.0,0.0060611148079191095,0.0374136380777866,0.0
8071,1.0,0.05,0.0001316113359742907,0.0,0.0060611148079191095,0.048496389924894606,0.0
8072,1.0,0.05,0.0001316113359742907,0.0,0.006084436235319277,0.054007058896254706,0.0
8073,1.0,0.05,0.0001316113359742907,0.0,0.006084436235319277,0.054007058896254706,0.0
8074,1.0,0.05,0.0001316113359742907,0.0,0.006084436235319277,0.045369960003489966,0.0
8075,1.0,0.05,0.0001316113359742907,0.0,0.006084436235319277,0.05545935308736488,0.0
8076,1.0,0.05,0.0001316113359742907,0.0,0.006084436235319277,0.05545935308736488,0.0
8077,1.0,0.05,0.0001316113359742907,0.0,0.006084436235319277,0.05545935308736488,0.0
8078,1.0,0.05,0.0001316113359742907,0.0,0.006084436235319277,0.04538818050170424,0.0
8079,1.0,0.05,0.0001316113359742907,0.0,0.006084436235319277,0.04538818050170424,0.0
8080,1.0,0.05,0.0001316113359742907,0.0,0.006084436235319277,0.04734241802801318,0.0
8081,1.0,0.05,0.0001316113359742907,0.0,0.006084436235319277,0.10889140788198888,0.0
8082,1.0,0.05,0.0001316113359742907,0.0,0.006084436235319277,0.11703720416562052,0.0
8083,1.0,0.05,0.00013600669720603229,0.0,0.006084436235319277,0.08425400888445912,0.0
8084,1.0,0.05,0.00013909544691220253,0.0,0.006084436235319277,0.05268137061488692,0.0
8085,1.0,0.05,0.000137752625850802,0.0,0.006084436235319277,0.028936405669559004,0.0
8086,1.0,0.05,0.000137752625850802,0.0,0.006084436235319277,0.028936405669559004,0.0
8087,1.0,0.05,0.00012971875304573088,0.0,0.005742273532810367,0.028936405669559004,0.0
8088,1.0,0.05,0.00012971875304573088,0.0,0.005742273532810367,0.028936405669559004,0.0
8089,1.0,0.05,0.0001429338012016972,0.0,0.0057344513614167765,0.03730015431745001,0.0
8090,1.0,0.05,0.0001429338012016972,0.0,0.0057344513614167765,0.022279805217865226,0.0
8091,1.0,0.05,0.0001429338012016972,0.0,0.0057344513614167765,0.022279805217865226,0.0
8092,1.0,0.05,0.00013450883960877235,0.0,0.0057344513614167765,0.04156441731475237,0.0
8093,1.0,0.05,0.00013450883960877235,0.0,0.0057344513614167765,0.04156441731475237,0.0
8094,1.0,0.05,0.00013450883960877235,0.0,0.0057344513614167765,0.04156441731475237,0.0
8095,1.0,0.05,0.00013450883960877235,0.0,0.0057344513614167765,0.03543982709702063,0.0
8096,1.0,0.05,0.00013450883960877235,0.0,0.005780863455324951,0.03543982709702063,0.0
8097,1.0,0.05,0.00013450883960877235,0.0,0.005780863455324951,0.04034255527855513,0.0
8098,1.0,0.05,0.00013450883960877235,0.0,0.005919056876148898,0.039015305721978054,0.0
8099,1.0,0.05,0.00013450883960877235,0.0,0.005919056876148898,0.04385290139807872,0.0
8100,1.0,0.05,0.00013450883960877235,0.0,0.005919056876148898,0.030947841505271766,0.0
8101,1.0,0.05,0.00013450883960877235,0.0,0.005919056876148898,0.030947841505271766,0.0
8102,1.0,0.05,0.00013450883960877235,0.0,0.005919056876148898,0.030947841505271766,0.0
8103,1.0,0.05,0.00013606322182729992,0.0,0.005919056876148898,0.10770274234044702,0.0
8104,1.0,0.05,0.00013606322182729992,0.0,0.005919056876148898,0.10770274234044702,0.0
8105,1.0,0.05,0.00013606322182729992,0.0,0.005919056876148898,0.10770274234044702,0.0
8106,1.0,0.05,0.00013606322182729992,0.0,0.005919056876148898,0.10770274234044702,0.0
8107,1.0,0.05,0.00013606322182729992,0.0,0.005919056876148898,0.10770274234044702,0.0
8108,1.0,0.05,0.00013606322182729992,0.0,0.005919056876148898,0.10770274234044702,0.0
8109,1.0,0.05,0.00013606322182729992,0.0,0.005919056876148898,0.10770274234044702,0.0
8110,1.0,0.05,0.00013606322182729992,0.0,0.005919056876148898,0.03979810247571594,0.0
8111,1.0,0.05,0.00013606322182729992,0.0,0.005919056876148898,0.03661468542835718,0.0
8112,1.0,0.05,0.00013606322182729992,0.0,0.005919056876148898,0.03661468542835718,0.0
8113,1.0,0.05,0.00013606322182729992,0.0,0.005852818552200319,0.03661468542835718,0.0
8114,1.0,0.05,0.00013606322182729992,0.0,0.005852818552200319,0.09018586366622063,0.0
8115,1.0,0.05,0.00013606322182729992,0.0,0.005852818552200319,0.09018586366622063,0.0
8116,1.0,0.05,0.00013606322182729992,0.0,0.005852818552200319,0.09873003230991412,0.0
8117,1.0,0.05,0.00013606322182729992,0.0,0.005852818552200319,0.1088922279180627,0.0
8118,1.0,0.05,0.00013606322182729992,0.0,0.005852818552200319,0.0990707181068832,0.0
8119,1.0,0.05,0.00013606322182729992,0.0,0.005852818552200319,0.0990707181068832,0.0
8120,1.0,0.05,0.00013606322182729992,0.0,0.005852818552200319,0.0990707181068832,0.0
8121,1.0,0.05,0.00013606322182729992,0.0,0.005852818552200319,0.0990707181068832,0.0
8122,1.0,0.05,0.00013606322182729992,0.0,0.005852818552200319,0.04886457298483089,0.0
8123,1.0,0.05,0.00013606322182729992,0.0,0.005728624898509906,0.04886457298483089,0.0
8124,1.0,0.05,0.00013606322182729992,0.0,0.005728624898509906,0.04603041647801359,0.0
8125,1.0,0.05,0.00013606322182729992,0.0,0.005728624898509906,0.04603041647801359,0.0
8126,1.0,0.05,0.00013606322182729992,0.0,0.005728624898509906,0.04603041647801359,0.0
8127,1.0,0.05,0.0001307436278919281,0.0,0.006008278062491891,0.04603041647801359,0.0
8128,1.0,0.05,0.0001307436278919281,0.0,0.006008278062491891,0.04603041647801359,0.0
8129,1.0,0.05,0.0001307436278919281,0.0,0.006008278062491891,0.04603041647801359,0.0
8130,1.0,0.05,0.0001307436278919281,0.0,0.006008278062491891,0.06076179657565988,0.0
8131,1.0,0.05,0.0001307436278919281,0.0,0.006008278062491891,0.11119969247973185,0.0
8132,1.0,0.05,0.0001307436278919281,0.0,0.006008278062491891,0.11119969247973185,0.0
8133,1.0,0.05,0.0001307436278919281,0.0,0.006008278062491891,0.11119969247973185,0.0
8134,1.0,0.05,0.0001307436278919281,0.0,0.005960879113325357,0.0928384586843522,0.0
8135,1.0,0.05,0.0001307436278919281,0.0,0.005960879113325357,0.051572147333511786,0.0
8136,1.0,0.05,0.0001307436278919281,0.0,0.005960879113325357,0.051572147333511786,0.0
8137,1.0,0.05,0.0001307436278919281,0.0,0.005960879113325357,0.051572147333511786,0.0
8138,1.0,0.05,0.0001307436278919281,0.0,0.005960879113325357,0.05446134009631026,0.0
8139,1.0,0.05,0.0001307436278919281,0.0,0.005960879113325357,0.05446134009631026,0.0
8140,1.0,0.05,0.0001307436278919281,0.0,0.005960879113325357,0.0840559355344707,0.0
8141,1.0,0.05,0.0001307436278919281,0.0,0.005960879113325357,0.06218447897995388,0.0
8142,1.0,0.05,0.0001307436278919281,0.0,0.005960879113325357,0.06218447897995388,0.0
8143,1.0,0.05,0.0001307436278919281,0.0,0.005960879113325357,0.0876476747022416,0.0
8144,1.0,0.05,0.0001307436278919281,0.0,0.005960879113325357,0.0876476747022416,0.0
8145,1.0,0.05,0.00012572400904651215,0.0,0.006477568330681489,0.0876476747022416,0.0
8146,1.0,0.05,0.00012572400904651215,0.0,0.006989627442362872,0.08479147136875959,0.0
8147,1.0,0.05,0.00012572400904651215,0.0,0.006989627442362872,0.08479147136875959,0.0
8148,1.0,0.05,0.00012572400904651215,0.0,0.006989627442362872,0.08479147136875959,0.0
8149,1.0,0.05,0.00012572400904651215,0.0,0.006989627442362872,0.08135850009980379,0.0
8150,1.0,0.05,0.00012572400904651215,0.0,0.006989627442362872,0.08135850009980379,0.0
8151,1.0,0.05,0.00012572400904651215,0.0,0.006989627442362872,0.1325524501578379,0.0
8152,1.0,0.05,0.00012572400904651215,0.0,0.007245511274573605,0.1325524501578379,0.0
8153,1.0,0.05,0.00012572400904651215,0.0,0.007507402296600272,0.1325524501578379,0.0
8154,1.0,0.05,0.00012572400904651215,0.0,0.007507402296600272,0.0836563507692539,0.0
8155,1.0,0.05,0.00012572400904651215,0.0,0.007507402296600272,0.0836563507692539,0.0
8156,1.0,0.05,0.00012572400904651215,0.0,0.007507402296600272,0.0836563507692539,0.0
8157,1.0,0.05,0.00012572400904651215,0.0,0.007507402296600272,0.0836563507692539,0.0
8158,1.0,0.05,0.00012572400904651215,0.0,0.007507402296600272,0.061523228323900295,0.0
8159,1.0,0.05,0.00012572400904651215,0.0,0.007634716824718748,0.049983483238536935,0.0
8160,1.0,0.05,0.00012572400904651215,0.0,0.007634716824718748,0.058303739498684476,0.0
8161,1.0,0.05,0.00012572400904651215,0.0,0.008358380946455139,0.058303739498684476,0.0
8162,1.0,0.05,0.00012572400904651215,0.0,0.008358380946455139,0.058303739498684476,0.0
8163,1.0,0.05,0.0001335716938252955,0.0,0.008358380946455139,0.08099534235624903,0.0
8164,1.0,0.05,0.00013163251499062308,0.0,0.0068703581031467,0.10454883550244318,0.0
8165,1.0,0.05,0.00013163251499062308,0.0,0.006386149754017559,0.10454883550244318,0.0
8166,1.0,0.05,0.00013163251499062308,0.0,0.006386149754017559,0.10454883550244318,0.0
8167,1.0,0.05,0.00013163251499062308,0.0,0.006386149754017559,0.10454883550244318,0.0
8168,1.0,0.05,0.00013163251499062308,0.0,0.005809592342118104,0.11522209479251831,0.0
8169,1.0,0.05,0.00012160948429445036,0.0,0.00701721404462734,0.11522209479251831,0.0
8170,1.0,0.05,0.00012160948429445036,0.0,0.00701721404462734,0.11522209479251831,0.0
8171,1.0,0.05,0.00012160948429445036,0.0,0.00701721404462734,0.11522209479251831,0.0
8172,1.0,0.05,0.00012160948429445036,0.0,0.007842548528015233,0.061181622939873295,0.0
8173,1.0,0.05,0.00012488109533824503,0.0,0.007978485687606883,0.061181622939873295,0.0
8174,1.0,0.05,0.00012488109533824503,0.0,0.007978485687606883,0.06247716141931898,0.0
8175,1.0,0.05,0.00012488109533824503,0.0,0.007978485687606883,0.06247716141931898,0.0
8176,1.0,0.05,0.00012488109533824503,0.0,0.007978485687606883,0.06247716141931898,0.0
8177,1.0,0.05,0.00012488109533824503,0.0,0.00788509232618454,0.06247716141931898,0.0
8178,1.0,0.05,0.00012488109533824503,0.0,0.005571050211112793,0.06247716141931898,0.0
8179,1.0,0.05,0.00012488109533824503,0.0,0.005571050211112793,0.06247716141931898,0.0
8180,1.0,0.05,0.00012488109533824503,0.0,0.005655792041493372,0.06247716141931898,0.0
8181,1.0,0.05,0.00012488109533824503,0.0,0.005655792041493372,0.07592208652172425,0.0
8182,1.0,0.05,0.00012488109533824503,0.0,0.005655792041493372,0.07592208652172425,0.0
8183,1.0,0.05,0.00012488109533824503,0.0,0.005552507952093657,0.07592208652172425,0.0
8184,1.0,0.05,0.00012488109533824503,0.0,0.007871132422135567,0.07592208652172425,0.0
8185,1.0,0.05,0.00012488109533824503,0.0,0.008687289551366018,0.07592208652172425,0.0
8186,1.0,0.05,0.00012488109533824503,0.0,0.008687289551366018,0.09020834173727654,0.0
8187,1.0,0.05,0.00012488109533824503,0.0,0.008687289551366018,0.08817669436858155,0.0
8188,1.0,0.05,0.00012488109533824503,0.0,0.008687289551366018,0.13319055305583302,0.0
8189,1.0,0.05,0.00012488109533824503,0.0,0.008687289551366018,0.13319055305583302,0.0
8190,1.0,0.05,0.00012488109533824503,0.0,0.008687289551366018,0.13319055305583302,0.0
8191,1.0,0.05,0.00012488109533824503,0.0,0.008687289551366018,0.0664450504575043,0.0
8192,1.0,0.05,0.00012488109533824503,0.0,0.008687289551366018,0.0664450504575043,0.0
8193,1.0,0.05,0.00012488109533824503,0.0,0.008687289551366018,0.15348525140131883,0.0
8194,1.0,0.05,0.00012488109533824503,0.0,0.005775314214024566,0.11250607113990102,0.0
8195,1.0,0.05,0.00012488109533824503,0.0,0.005775314214024566,0.16055358846145257,0.0
8196,1.0,0.05,0.00012488109533824503,0.0,0.007357609831464034,0.06371959506295463,0.0
8197,1.0,0.05,0.00012933750399533625,0.0,0.007357609831464034,0.016599677309034833,0.0
8198,1.0,0.05,0.00012933750399533625,0.0,0.007357609831464034,0.016599677309034833,0.0
8199,1.0,0.05,0.00012933750399533625,0.0,0.006748389056840698,0.04382195470795047,0.0
8200,1.0,0.05,0.00012933750399533625,0.0,0.006748389056840698,0.04382195470795047,0.0
8201,1.0,0.05,0.00012933750399533625,0.0,0.006748389056840698,0.1120484650622258,0.0
8202,1.0,0.05,0.00012933750399533625,0.0,0.006748389056840698,0.13916482446954972,0.0
8203,1.0,0.05,0.00012933750399533625,0.0,0.006748389056840698,0.13916482446954972,0.0
8204,1.0,0.05,0.00012194202030519513,0.0,0.006748389056840698,0.04664045366227697,0.0
8205,1.0,0.05,0.00012194202030519513,0.0,0.006748389056840698,0.04664045366227697,0.0
8206,1.0,0.05,0.00012194202030519513,0.0,0.006748389056840698,0.04664045366227697,0.0
8207,1.0,0.05,0.00012194202030519513,0.0,0.0069497200300780325,0.04664045366227697,0.0
8208,1.0,0.05,0.00012194202030519513,0.0,0.0069497200300780325,0.05645181064488072,0.0
8209,1.0,0.05,0.00012194202030519513,0.0,0.0069497200300780325,0.05645181064488072,0.0
8210,1.0,0.05,0.00012194202030519513,0.0,0.0069497200300780325,0.03092738676274405,0.0
8211,1.0,0.05,0.00012194202030519513,0.0,0.0069497200300780325,0.11522214258451183,0.0
8212,1.0,0.05,0.00013162616711009283,0.0,0.0069497200300780325,0.11522214258451183,0.0
8213,1.0,0.05,0.00013162616711009283,0.0,0.0069497200300780325,0.11522214258451183,0.0
8214,1.0,0.05,0.00013162616711009283,0.0,0.0069497200300780325,0.10290826772094584,0.0
8215,1.0,0.05,0.00013162616711009283,0.0,0.0069497200300780325,0.10290826772094584,0.0
8216,1.0,0.05,0.00013162616711009283,0.0,0.0069497200300780325,0.10290826772094584,0.0
8217,1.0,0.05,0.00013162616711009283,0.0,0.0069497200300780325,0.10290826772094584,0.0
8218,1.0,0.05,0.00013162616711009283,0.0,0.0069497200300780325,0.10290826772094584,0.0
8219,1.0,0.05,0.00013162616711009283,0.0,0.005654682493065876,0.10290826772094584,0.0
8220,1.0,0.05,0.00013162616711009283,0.0,0.005654682493065876,0.10290826772094584,0.0
8221,1.0,0.05,0.0001295014349729108,0.0,0.005537693695220058,0.04607756693756669,0.0
8222,1.0,0.05,0.00013534439454595377,0.0,0.006284658925059467,0.01721288409302286,0.0
8223,1.0,0.05,0.00013534439454595377,0.0,0.006284658925059467,0.01721288409302286,0.0
8224,1.0,0.05,0.00013534439454595377,0.0,0.0060367604994276194,0.09649816843206147,0.0
8225,1.0,0.05,0.00013534439454595377,0.0,0.0060367604994276194,0.09649816843206147,0.0
8226,1.0,0.05,0.00013534439454595377,0.0,0.0060367604994276194,0.09543236509110592,0.0
8227,1.0,0.05,0.00013534439454595377,0.0,0.0060367604994276194,0.03235680952916848,0.0
8228,1.0,0.05,0.00013534439454595377,0.0,0.0060367604994276194,0.036388639671847314,0.0
8229,1.0,0.05,0.00013534439454595377,0.0,0.0060367604994276194,0.027161236753905065,0.0
8230,1.0,0.05,0.00013534439454595377,0.0,0.0060367604994276194,0.027161236753905065,0.0
8231,1.0,0.05,0.00013534439454595377,0.0,0.0060367604994276194,0.07922353443446783,0.0
8232,1.0,0.05,0.00013534439454595377,0.0,0.00775308603283497,0.07922353443446783,0.0
8233,1.0,0.05,0.00013534439454595377,0.0,0.00775308603283497,0.12028389095879502,0.0
8234,1.0,0.05,0.00013534439454595377,0.0,0.00775308603283497,0.048677567970394416,0.0
8235,1.0,0.05,0.00013206628688747013,0.0,0.00775308603283497,0.04299951479735519,0.0
8236,1.0,0.05,0.00013206628688747013,0.0,0.00775308603283497,0.04060054748088016,0.0
8237,1.0,0.05,0.00013206628688747013,0.0,0.00775308603283497,0.09511225347317462,0.0
8238,1.0,0.05,0.00013206628688747013,0.0,0.00775308603283497,0.09511225347317462,0.0
8239,1.0,0.05,0.00013206628688747013,0.0,0.00775308603283497,0.06207298296329316,0.0
8240,1.0,0.05,0.00013206628688747013,0.0,0.005853797659180252,0.06207298296329316,0.0
8241,1.0,0.05,0.00013206628688747013,0.0,0.005853797659180252,0.06373435800602653,0.0
8242,1.0,0.05,0.00013206628688747013,0.0,0.005853797659180252,0.04263437114365162,0.0
8243,1.0,0.05,0.00013206628688747013,0.0,0.005853797659180252,0.08524261244464088,0.0
8244,1.0,0.05,0.00013206628688747013,0.0,0.005853797659180252,0.08524261244464088,0.0
8245,1.0,0.05,0.00013206628688747013,0.0,0.005853797659180252,0.08524261244464088,0.0
8246,1.0,0.05,0.00013206628688747013,0.0,0.0057995864441461875,0.08524261244464088,0.0
8247,1.0,0.05,0.00013206628688747013,0.0,0.0057995864441461875,0.08524261244464088,0.0
8248,1.0,0.05,0.00013206628688747013,0.0,0.0057995864441461875,0.08524261244464088,0.0
8249,1.0,0.05,0.00013206628688747013,0.0,0.00628421728314951,0.08524261244464088,0.0
8250,1.0,0.05,0.00013206628688747013,0.0,0.00628421728314951,0.08524261244464088,0.0
8251,1.0,0.05,0.00013206628688747013,0.0,0.006076550714185462,0.05665786628074089,0.0
8252,1.0,0.05,0.00013206628688747013,0.0,0.006100052468229763,0.05665786628074089,0.0
8253,1.0,0.05,0.00013206628688747013,0.0,0.0057803698625162984,0.05665786628074089,0.0
8254,1.0,0.05,0.00013206628688747013,0.0,0.0057803698625162984,0.05665786628074089,0.0
8255,1.0,0.05,0.00013206628688747013,0.0,0.0057803698625162984,0.051120848550077584,0.0
8256,1.0,0.05,0.00013206628688747013,0.0,0.0057803698625162984,0.015123855281368944,0.0
8257,1.0,0.05,0.00013352533011752455,0.0,0.0057803698625162984,0.01721901606638254,0.0
8258,1.0,0.05,0.00013352533011752455,0.0,0.0057803698625162984,0.01721901606638254,0.0
8259,1.0,0.05,0.00013352533011752455,0.0,0.0057803698625162984,0.040636692315708406,0.0
8260,1.0,0.05,0.00013352533011752455,0.0,0.0057803698625162984,0.032113140593606676,0.0
8261,1.0,0.05,0.00013352533011752455,0.0,0.0057803698625162984,0.032113140593606676,0.0
8262,1.0,0.05,0.00013352533011752455,0.0,0.0057803698625162984,0.04390877552665214,0.0
8263,1.0,0.05,0.00013352533011752455,0.0,0.0057803698625162984,0.04720283136150207,0.0
8264,1.0,0.05,0.00013352533011752455,0.0,0.0057803698625162984,0.0356234543286362,0.0
8265,1.0,0.05,0.00013352533011752455,0.0,0.0057803698625162984,0.0356234543286362,0.0
8266,1.0,0.05,0.00013256867508140466,0.0,0.006112290352613395,0.0356234543286362,0.0
8267,1.0,0.05,0.00013256867508140466,0.0,0.006112290352613395,0.0356234543286362,0.0
8268,1.0,0.05,0.0001421072446550167,0.0,0.006112290352613395,0.04735906759783845,0.0
8269,1.0,0.05,0.0001421072446550167,0.0,0.006112290352613395,0.04735906759783845,0.0
8270,1.0,0.05,0.0001421072446550167,0.0,0.006112290352613395,0.04735906759783845,0.0
8271,1.0,0.05,0.0001421072446550167,0.0,0.006112290352613395,0.03008919106078789,0.0
8272,1.0,0.05,0.0001421072446550167,0.0,0.006112290352613395,0.03008919106078789,0.0
8273,1.0,0.05,0.0001421072446550167,0.0,0.006112290352613395,0.03008919106078789,0.0
8274,1.0,0.05,0.0001421072446550167,0.0,0.006112290352613395,0.03008919106078789,0.0
8275,1.0,0.05,0.0001421072446550167,0.0,0.006112290352613395,0.0675670457948114,0.0
8276,1.0,0.05,0.0001421072446550167,0.0,0.006112290352613395,0.12153043263595259,0.0
8277,1.0,0.05,0.0001411277070707403,0.0,0.006112290352613395,0.10930352793516923,0.0
8278,1.0,0.05,0.00014469654961381893,0.0,0.006112290352613395,0.02894461548321113,0.0
8279,1.0,0.05,0.00014469654961381893,0.0,0.006112290352613395,0.04777756947370716,0.0
8280,1.0,0.05,0.00014469654961381893,0.0,0.006112290352613395,0.06201594743523356,0.0
8281,1.0,0.05,0.00014469654961381893,0.0,0.005350736218885098,0.06201594743523356,0.0
8282,1.0,0.05,0.00014469654961381893,0.0,0.005350736218885098,0.06201594743523356,0.0
8283,1.0,0.05,0.00014469654961381893,0.0,0.005350736218885098,0.06201594743523356,0.0
8284,1.0,0.05,0.00014469654961381893,0.0,0.005350736218885098,0.06407730707207951,0.0
8285,1.0,0.05,0.00014411614087332463,0.0,0.006135109882447776,0.08342439548813954,0.0
8286,1.0,0.05,0.00014411614087332463,0.0,0.006135109882447776,0.08342439548813954,0.0
8287,1.0,0.05,0.00014411614087332463,0.0,0.006135109882447776,0.06974211953539451,0.0
8288,1.0,0.05,0.00014411614087332463,0.0,0.006135109882447776,0.06974211953539451,0.0
8289,1.0,0.05,0.00014411614087332463,0.0,0.006135109882447776,0.034655403798040746,0.0
8290,1.0,0.05,0.00014411614087332463,0.0,0.006135109882447776,0.08200176002433167,0.0
8291,1.0,0.05,0.00014411614087332463,0.0,0.006135109882447776,0.06305095253335796,0.0
8292,1.0,0.05,0.00014411614087332463,0.0,0.006135109882447776,0.06305095253335796,0.0
8293,1.0,0.05,0.00014411614087332463,0.0,0.006135109882447776,0.06305095253335796,0.0
8294,1.0,0.05,0.00014411614087332463,0.0,0.006135109882447776,0.06305095253335796,0.0
8295,1.0,0.05,0.00014411614087332463,0.0,0.006135109882447776,0.06305095253335796,0.0
8296,1.0,0.05,0.00014411614087332463,0.0,0.006135109882447776,0.06305095253335796,0.0
8297,1.0,0.05,0.00014411614087332463,0.0,0.006135109882447776,0.06305095253335796,0.0
8298,1.0,0.05,0.00014411614087332463,0.0,0.0061293239143558964,0.06305095253335796,0.0
8299,1.0,0.05,0.00013028937874223558,0.0,0.0057924902244614225,0.07496915207206316,0.0
8300,1.0,0.05,0.00013028937874223558,0.0,0.0057924902244614225,0.07496915207206316,0.0
8301,1.0,0.05,0.00013028937874223558,0.0,0.0057924902244614225,0.07496915207206316,0.0
8302,1.0,0.05,0.00013028937874223558,0.0,0.0057924902244614225,0.07496915207206316,0.0
8303,1.0,0.05,0.0001330799920411092,0.0,0.0057924902244614225,0.07496915207206316,0.0
8304,1.0,0.05,0.0001330799920411092,0.0,0.0057924902244614225,0.07496915207206316,0.0
8305,1.0,0.05,0.0001330799920411092,0.0,0.0057924902244614225,0.07496915207206316,0.0
8306,1.0,0.05,0.0001330799920411092,0.0,0.007778482137084854,0.07496915207206316,0.0
8307,1.0,0.05,0.0001330799920411092,0.0,0.006145651775496245,0.07496915207206316,0.0
8308,1.0,0.05,0.0001330799920411092,0.0,0.006145651775496245,0.07496915207206316,0.0
8309,1.0,0.05,0.0001330799920411092,0.0,0.006145651775496245,0.07496915207206316,0.0
8310,1.0,0.05,0.0001330799920411092,0.0,0.006145651775496245,0.0601984698017036,0.0
8311,1.0,0.05,0.0001330799920411092,0.0,0.007126025549298795,0.0601984698017036,0.0
8312,1.0,0.05,0.0001330799920411092,0.0,0.005562606908651534,0.07898138644634675,0.0
8313,1.0,0.05,0.0001242801876631305,0.0,0.005562606908651534,0.05799740588053057,0.0
8314,1.0,0.05,0.0001242801876631305,0.0,0.006298779893456122,0.05799740588053057,0.0
8315,1.0,0.05,0.00014107524927226757,0.0,0.006298779893456122,0.05799740588053057,0.0
8316,1.0,0.05,0.00014107524927226757,0.0,0.006298779893456122,0.05799740588053057,0.0
8317,1.0,0.05,0.00014107524927226757,0.0,0.006298779893456122,0.05799740588053057,0.0
8318,1.0,0.05,0.00014107524927226757,0.0,0.005654073702700778,0.05799740588053057,0.0
8319,1.0,0.05,0.00014107524927226757,0.0,0.005654073702700778,0.09693613870071054,0.0
8320,1.0,0.05,0.00014107524927226757,0.0,0.005654073702700778,0.09693613870071054,0.0
8321,1.0,0.05,0.00014107524927226757,0.0,0.005654073702700778,0.07208133526067308,0.0
8322,1.0,0.05,0.00014107524927226757,0.0,0.005654073702700778,0.08739386903321114,0.0
8323,1.0,0.05,0.00014107524927226757,0.0,0.005654073702700778,0.08739386903321114,0.0
8324,1.0,0.05,0.00014107524927226757,0.0,0.005654073702700778,0.05476067851702466,0.0
8325,1.0,0.05,0.00014107524927226757,0.0,0.005654073702700778,0.0723824961597392,0.0
8326,1.0,0.05,0.00014107524927226757,0.0,0.005654073702700778,0.0723824961597392,0.0
8327,1.0,0.05,0.00014107524927226757,0.0,0.005654073702700778,0.060452382440324894,0.0
8328,1.0,0.05,0.00014107524927226757,0.0,0.005654073702700778,0.060452382440324894,0.0
8329,1.0,0.05,0.00014107524927226757,0.0,0.005426386486233573,0.07020387857094432,0.0
8330,1.0,0.05,0.00014107524927226757,0.0,0.005426386486233573,0.027365214158782406,0.0
8331,1.0,0.05,0.00014107524927226757,0.0,0.005426386486233573,0.027365214158782406,0.0
8332,1.0,0.05,0.00014107524927226757,0.0,0.005426386486233573,0.027365214158782406,0.0
8333,1.0,0.05,0.00014107524927226757,0.0,0.005426386486233573,0.027365214158782406,0.0
8334,1.0,0.05,0.00014107524927226757,0.0,0.005771772643431928,0.03935420924096201,0.0
8335,1.0,0.05,0.00014107524927226757,0.0,0.005771772643431928,0.03935420924096201,0.0
8336,1.0,0.05,0.00014107524927226757,0.0,0.005771772643431928,0.012884643991591546,0.0
8337,1.0,0.05,0.00013548906630569743,0.0,0.005771772643431928,0.012884643991591546,0.0
8338,1.0,0.05,0.00013548906630569743,0.0,0.005771772643431928,0.04300688126935319,0.0
8339,1.0,0.05,0.00013548906630569743,0.0,0.005771772643431928,0.045144204599291374,0.0
8340,1.0,0.05,0.00013548906630569743,0.0,0.005771772643431928,0.045144204599291374,0.0
8341,1.0,0.05,0.00013548906630569743,0.0,0.005771772643431928,0.04808179195888902,0.0
8342,1.0,0.05,0.00013548906630569743,0.0,0.005791083139591287,0.04808179195888902,0.0
8343,1.0,0.05,0.00013548906630569743,0.0,0.005791083139591287,0.0719551038163205,0.0
8344,1.0,0.05,0.00013548906630569743,0.0,0.006030031231242288,0.0719551038163205,0.0
8345,1.0,0.05,0.00013548906630569743,0.0,0.006030031231242288,0.0719551038163205,0.0
8346,1.0,0.05,0.00013548906630569743,0.0,0.006030031231242288,0.0719551038163205,0.0
8347,1.0,0.05,0.00013548906630569743,0.0,0.006030031231242288,0.0719551038163205,0.0
8348,1.0,0.05,0.00013548906630569743,0.0,0.005605303412574576,0.0719551038163205,0.0
8349,1.0,0.05,0.00013548906630569743,0.0,0.005605303412574576,0.051082896915772384,0.0
8350,1.0,0.05,0.00013548906630569743,0.0,0.005605303412574576,0.051082896915772384,0.0
8351,1.0,0.05,0.00013548906630569743,0.0,0.006840940096065482,0.0755724966033938,0.0
8352,1.0,0.05,0.00012414794373887173,0.0,0.006840940096065482,0.0755724966033938,0.0
8353,1.0,0.05,0.00012414794373887173,0.0,0.007265843714553076,0.1435857317342669,0.0
8354,1.0,0.05,0.00012414794373887173,0.0,0.007265843714553076,0.1435857317342669,0.0
8355,1.0,0.05,0.00012414794373887173,0.0,0.006674107347411277,0.046670952406039565,0.0
8356,1.0,0.05,0.00012414794373887173,0.0,0.006674107347411277,0.06518461647817397,0.0
8357,1.0,0.05,0.00012414794373887173,0.0,0.006674107347411277,0.06518461647817397,0.0
8358,1.0,0.05,0.00012414794373887173,0.0,0.006674107347411277,0.06918576308943251,0.0
8359,1.0,0.05,0.00012414794373887173,0.0,0.006674107347411277,0.06918576308943251,0.0
8360,1.0,0.05,0.00012414794373887173,0.0,0.006282329984312399,0.09137140098991456,0.0
8361,1.0,0.05,0.00012416444013906757,0.0,0.006282329984312399,0.09137140098991456,0.0
8362,1.0,0.05,0.00012416444013906757,0.0,0.006282329984312399,0.09137140098991456,0.0
8363,1.0,0.05,0.0001341993236016758,0.0,0.006282329984312399,0.05578624792815387,0.0
8364,1.0,0.05,0.0001341993236016758,0.0,0.006282329984312399,0.05578624792815387,0.0
8365,1.0,0.05,0.0001341993236016758,0.0,0.006282329984312399,0.05578624792815387,0.0
8366,1.0,0.05,0.0001341993236016758,0.0,0.006282329984312399,0.05578624792815387,0.0
8367,1.0,0.05,0.0001341993236016758,0.0,0.006282329984312399,0.05578624792815387,0.0
8368,1.0,0.05,0.0001341993236016758,0.0,0.006282329984312399,0.05578624792815387,0.0
8369,1.0,0.05,0.0001341993236016758,0.0,0.006282329984312399,0.05578624792815387,0.0
8370,1.0,0.05,0.00014197752248310902,0.0,0.006282329984312399,0.03289185619154381,0.0
8371,1.0,0.05,0.00014197752248310902,0.0,0.006282329984312399,0.03536402657882294,0.0
8372,1.0,0.05,0.00014197752248310902,0.0,0.006282329984312399,0.02854928293942195,0.0
8373,1.0,0.05,0.00014197752248310902,0.0,0.006282329984312399,0.026471160144933906,0.0
8374,1.0,0.05,0.00014197752248310902,0.0,0.006282329984312399,0.026471160144933906,0.0
8375,1.0,0.05,0.00013411169510504716,0.0,0.006282329984312399,0.02559491850163405,0.0
8376,1.0,0.05,0.00013411169510504716,0.0,0.006282329984312399,0.014348076741873349,0.0
8377,1.0,0.05,0.0001358668688784624,0.0,0.006282329984312399,0.014348076741873349,0.0
8378,1.0,0.05,0.0001358668688784624,0.0,0.006282329984312399,0.006050738507336843,0.0
8379,1.0,0.05,0.0001358668688784624,0.0,0.006282329984312399,0.00649516246912995,0.0
8380,1.0,0.05,0.0001358668688784624,0.0,0.006282329984312399,0.004613487172169444,0.0
8381,1.0,0.05,0.0001358668688784624,0.0,0.006077063253180319,0.004613487172169444,0.0
8382,1.0,0.05,0.0001358668688784624,0.0,0.006077063253180319,0.01894541009608999,0.0
8383,1.0,0.05,0.0001358668688784624,0.0,0.006077063253180319,0.04243098437706967,0.0
8384,1.0,0.05,0.0001358668688784624,0.0,0.006077063253180319,0.05100548679542505,0.0
8385,1.0,0.05,0.00012659443403828765,0.0,0.006077063253180319,0.05100548679542505,0.0
8386,1.0,0.05,0.00012659443403828765,0.0,0.006077063253180319,0.05100548679542505,0.0
8387,1.0,0.05,0.00012659443403828765,0.0,0.007481698316666382,0.05100548679542505,0.0
8388,1.0,0.05,0.00012659443403828765,0.0,0.007481698316666382,0.07571493727116503,0.0
8389,1.0,0.05,0.00012659443403828765,0.0,0.007481698316666382,0.07571493727116503,0.0
8390,1.0,0.05,0.00012659443403828765,0.0,0.006743238563537141,0.07571493727116503,0.0
8391,1.0,0.05,0.00012659443403828765,0.0,0.006743238563537141,0.07571493727116503,0.0
8392,1.0,0.05,0.00012659443403828765,0.0,0.006743238563537141,0.07571493727116503,0.0
8393,1.0,0.05,0.00012659443403828765,0.0,0.006338958323509528,0.043383922250163715,0.0
8394,1.0,0.05,0.00014098252050465408,0.0,0.006338958323509528,0.02793035502826788,0.0
8395,1.0,0.05,0.00014098252050465408,0.0,0.006338958323509528,0.020555296898504462,0.0
8396,1.0,0.05,0.00014098252050465408,0.0,0.006338958323509528,0.009366870964186013,0.0
8397,1.0,0.05,0.00014098252050465408,0.0,0.006338958323509528,0.005590935623887328,0.0
8398,1.0,0.05,0.00014098252050465408,0.0,0.006338958323509528,0.005590935623887328,0.0
8399,1.0,0.05,0.00014098252050465408,0.0,0.006377496094023851,0.014540538964029298,0.0
8400,1.0,0.05,0.00014098252050465408,0.0,0.006377496094023851,0.014540538964029298,0.0
8401,1.0,0.05,0.000141757809464785,0.0,0.005537880850532722,0.03769586399788358,0.0
8402,1.0,0.05,0.000141757809464785,0.0,0.005537880850532722,0.05515381762339995,0.0
8403,1.0,0.05,0.000141757809464785,0.0,0.005537880850532722,0.05167162468682951,0.0
8404,1.0,0.05,0.000141757809464785,0.0,0.005537880850532722,0.05167162468682951,0.0
8405,1.0,0.05,0.000141757809464785,0.0,0.005537880850532722,0.08035887515071746,0.0
8406,1.0,0.05,0.00013929207514015463,0.0,0.006251529895963135,0.08035887515071746,0.0
8407,1.0,0.05,0.00013929207514015463,0.0,0.006251529895963135,0.08035887515071746,0.0
8408,1.0,0.05,0.00013929207514015463,0.0,0.006251529895963135,0.08035887515071746,0.0
8409,1.0,0.05,0.00013929207514015463,0.0,0.006251529895963135,0.08035887515071746,0.0
8410,1.0,0.05,0.00012757923415001002,0.0,0.006251529895963135,0.08035887515071746,0.0
8411,1.0,0.05,0.00012757923415001002,0.0,0.006251529895963135,0.08035887515071746,0.0
8412,1.0,0.05,0.00012757923415001002,0.0,0.006251529895963135,0.08035887515071746,0.0
8413,1.0,0.05,0.00012757923415001002,0.0,0.006251529895963135,0.08035887515071746,0.0
8414,1.0,0.05,0.00012757923415001002,0.0,0.006251529895963135,0.08035887515071746,0.0
8415,1.0,0.05,0.00012757923415001002,0.0,0.006251529895963135,0.11982026776638142,0.0
8416,1.0,0.05,0.0001353249869608745,0.0,0.006251529895963135,0.08287043598985433,0.0
8417,1.0,0.05,0.0001353249869608745,0.0,0.006251529895963135,0.028711201910081533,0.0
8418,1.0,0.05,0.0001353249869608745,0.0,0.006251529895963135,0.046377129398419537,0.0
8419,1.0,0.05,0.00014010358869405852,0.0,0.005446719808126423,0.046377129398419537,0.0
8420,1.0,0.05,0.00014328581870069875,0.0,0.005687438554954501,0.046377129398419537,0.0
8421,1.0,0.05,0.00014328581870069875,0.0,0.005687438554954501,0.09057702668783219,0.0
8422,1.0,0.05,0.00014328581870069875,0.0,0.005687438554954501,0.09057702668783219,0.0
8423,1.0,0.05,0.00014328581870069875,0.0,0.006313113965204027,0.09057702668783219,0.0
8424,1.0,0.05,0.00014328581870069875,0.0,0.006313113965204027,0.09057702668783219,0.0
8425,1.0,0.05,0.00014328581870069875,0.0,0.005584225225672744,0.09057702668783219,0.0
8426,1.0,0.05,0.00014328581870069875,0.0,0.005584225225672744,0.09057702668783219,0.0
8427,1.0,0.05,0.00014328581870069875,0.0,0.005584225225672744,0.09057702668783219,0.0
8428,1.0,0.05,0.00014328581870069875,0.0,0.005584225225672744,0.07458417427332088,0.0
8429,1.0,0.05,0.00014328581870069875,0.0,0.005584225225672744,0.04868391430495765,0.0
8430,1.0,0.05,0.00012703319855566765,0.0,0.005584225225672744,0.07043189366702002,0.0
8431,1.0,0.05,0.00012703319855566765,0.0,0.005584225225672744,0.07043189366702002,0.0
8432,1.0,0.05,0.00012703319855566765,0.0,0.005584225225672744,0.07043189366702002,0.0
8433,1.0,0.05,0.00013185427157320285,0.0,0.005894905382456545,0.07043189366702002,0.0
8434,1.0,0.05,0.00013185427157320285,0.0,0.005894905382456545,0.07043189366702002,0.0
8435,1.0,0.05,0.00013185427157320285,0.0,0.005894905382456545,0.05107670571779066,0.0
8436,1.0,0.05,0.00013185427157320285,0.0,0.006082810123735095,0.07110772798202439,0.0
8437,1.0,0.05,0.00013185427157320285,0.0,0.006082810123735095,0.07110772798202439,0.0
8438,1.0,0.05,0.00014040468365458588,0.0,0.005899649400195297,0.05084195630406318,0.0
8439,1.0,0.05,0.00014040468365458588,0.0,0.005899649400195297,0.05084195630406318,0.0
8440,1.0,0.05,0.00014040468365458588,0.0,0.005899649400195297,0.05834440169637661,0.0
8441,1.0,0.05,0.00014040468365458588,0.0,0.005899649400195297,0.05289744938124279,0.0
8442,1.0,0.05,0.00014040468365458588,0.0,0.005899649400195297,0.05938779068459611,0.0
8443,1.0,0.05,0.00014040468365458588,0.0,0.005899649400195297,0.06327545802990876,0.0
8444,1.0,0.05,0.00014040468365458588,0.0,0.006040540018382835,0.06327545802990876,0.0
8445,1.0,0.05,0.00014040468365458588,0.0,0.006040540018382835,0.06327545802990876,0.0
8446,1.0,0.05,0.00013980522395393025,0.0,0.006040540018382835,0.04884826733212051,0.0
8447,1.0,0.05,0.00013980522395393025,0.0,0.006040540018382835,0.04884826733212051,0.0
8448,1.0,0.05,0.00013400615422966337,0.0,0.006040540018382835,0.09318558656671538,0.0
8449,1.0,0.05,0.00013400615422966337,0.0,0.006040540018382835,0.09318558656671538,0.0
8450,1.0,0.05,0.00013400615422966337,0.0,0.006040540018382835,0.09318558656671538,0.0
8451,1.0,0.05,0.00013400615422966337,0.0,0.006040540018382835,0.0502856276223784,0.0
8452,1.0,0.05,0.00013400615422966337,0.0,0.006040540018382835,0.08640788592058996,0.0
8453,1.0,0.05,0.00013400615422966337,0.0,0.006040540018382835,0.05336608416120893,0.0
8454,1.0,0.05,0.00013400615422966337,0.0,0.006040540018382835,0.048691216074974744,0.0
8455,1.0,0.05,0.00013400615422966337,0.0,0.006040540018382835,0.06213703051533068,0.0
8456,1.0,0.05,0.00013400615422966337,0.0,0.006040540018382835,0.06213703051533068,0.0
8457,1.0,0.05,0.00013400615422966337,0.0,0.006040540018382835,0.11587010317409352,0.0
8458,1.0,0.05,0.00013400615422966337,0.0,0.006040540018382835,0.11587010317409352,0.0
8459,1.0,0.05,0.00013400615422966337,0.0,0.006040540018382835,0.05477554870842658,0.0
8460,1.0,0.05,0.00013400615422966337,0.0,0.006040540018382835,0.04236494890738529,0.0
8461,1.0,0.05,0.00013400615422966337,0.0,0.006040540018382835,0.04236494890738529,0.0
8462,1.0,0.05,0.00013400615422966337,0.0,0.006040540018382835,0.04236494890738529,0.0
8463,1.0,0.05,0.00013400615422966337,0.0,0.006779751952433925,0.04236494890738529,0.0
8464,1.0,0.05,0.00013400615422966337,0.0,0.0062525455396884345,0.04236494890738529,0.0
8465,1.0,0.05,0.00013400615422966337,0.0,0.0062525455396884345,0.04236494890738529,0.0
8466,1.0,0.05,0.00013384088243291757,0.0,0.006589404461780918,0.04236494890738529,0.0
8467,1.0,0.05,0.00013384088243291757,0.0,0.007746180609403595,0.04236494890738529,0.0
8468,1.0,0.05,0.00013384088243291757,0.0,0.006884781065900085,0.04236494890738529,0.0
8469,1.0,0.05,0.00013384088243291757,0.0,0.006884781065900085,0.11781165612841243,0.0
8470,1.0,0.05,0.00013384088243291757,0.0,0.006228082379133504,0.11781165612841243,0.0
8471,1.0,0.05,0.00013384088243291757,0.0,0.006228082379133504,0.05644760092421982,0.0
8472,1.0,0.05,0.00013384088243291757,0.0,0.005967928906940716,0.05644760092421982,0.0
8473,1.0,0.05,0.00013384088243291757,0.0,0.005967928906940716,0.05644760092421982,0.0
8474,1.0,0.05,0.00013384088243291757,0.0,0.005967928906940716,0.1040904888646356,0.0
8475,1.0,0.05,0.00013384088243291757,0.0,0.005967928906940716,0.1040904888646356,0.0
8476,1.0,0.05,0.00013384088243291757,0.0,0.005967928906940716,0.1040904888646356,0.0
8477,1.0,0.05,0.00013384088243291757,0.0,0.005967928906940716,0.10044766127762943,0.0
8478,1.0,0.05,0.00013384088243291757,0.0,0.007313851233240502,0.10044766127762943,0.0
8479,1.0,0.05,0.00013384088243291757,0.0,0.007313851233240502,0.06856904387720109,0.0
8480,1.0,0.05,0.00013384088243291757,0.0,0.0073819353960850225,0.06856904387720109,0.0
8481,1.0,0.05,0.00012681879237838332,0.0,0.0073819353960850225,0.09967558436077788,0.0
8482,1.0,0.05,0.00012681879237838332,0.0,0.0073819353960850225,0.09967558436077788,0.0
8483,1.0,0.05,0.00012681879237838332,0.0,0.0073819353960850225,0.09967558436077788,0.0
8484,1.0,0.05,0.00013362410614229034,0.0,0.0073819353960850225,0.13313877858477668,0.0
8485,1.0,0.05,0.00013362410614229034,0.0,0.006119848214926183,0.02991163911242269,0.0
8486,1.0,0.05,0.00013362410614229034,0.0,0.005219896801385752,0.06244691486045664,0.0
8487,1.0,0.05,0.00013362410614229034,0.0,0.005219896801385752,0.06244691486045664,0.0
8488,1.0,0.05,0.00013362410614229034,0.0,0.005219896801385752,0.06244691486045664,0.0
8489,1.0,0.05,0.00013362410614229034,0.0,0.005219896801385752,0.06244691486045664,0.0
8490,1.0,0.05,0.00013362410614229034,0.0,0.005219896801385752,0.06244691486045664,0.0
8491,1.0,0.05,0.00013362410614229034,0.0,0.005219896801385752,0.0671042276708323,0.0
8492,1.0,0.05,0.00013362410614229034,0.0,0.005219896801385752,0.0671042276708323,0.0
8493,1.0,0.05,0.00013362410614229034,0.0,0.005219896801385752,0.0671042276708323,0.0
8494,1.0,0.05,0.00013362410614229034,0.0,0.005219896801385752,0.0671042276708323,0.0
8495,1.0,0.05,0.00013362410614229034,0.0,0.005219896801385752,0.029769054583412523,0.0
8496,1.0,0.05,0.00013362410614229034,0.0,0.005219896801385752,0.029769054583412523,0.0
8497,1.0,0.05,0.00013362410614229034,0.0,0.005219896801385752,0.029769054583412523,0.0
8498,1.0,0.05,0.00013362410614229034,0.0,0.005219896801385752,0.045555472712171405,0.0
8499,1.0,0.05,0.00013362410614229034,0.0,0.005219896801385752,0.09392423827508421,0.0
8500,1.0,0.05,0.00013362410614229034,0.0,0.005219896801385752,0.028903138710005234,0.0
8501,1.0,0.05,0.00013362410614229034,0.0,0.005219896801385752,0.012240379937530407,0.0
8502,1.0,0.05,0.00013362410614229034,0.0,0.005219896801385752,0.012240379937530407,0.0
8503,1.0,0.05,0.00013362410614229034,0.0,0.005219896801385752,0.0057531149139248144,0.0
8504,1.0,0.05,0.00013362410614229034,0.0,0.005219896801385752,0.0057531149139248144,0.0
8505,1.0,0.05,0.00013362410614229034,0.0,0.005219896801385752,0.0057531149139248144,0.0
8506,1.0,0.05,0.00013362410614229034,0.0,0.005833139214869395,0.0025805469583063175,0.0
8507,1.0,0.05,0.00013362410614229034,0.0,0.005833139214869395,0.002597239175884534,0.0
8508,1.0,0.05,0.00013362410614229034,0.0,0.005833139214869395,0.005079934085900139,0.0
8509,1.0,0.05,0.00013002082537513408,0.0,0.006849538269943655,0.008932785360664726,0.0
8510,1.0,0.05,0.00013002082537513408,0.0,0.006849538269943655,0.006009245580826265,0.0
8511,1.0,0.05,0.00013002082537513408,0.0,0.0067833486147568685,0.008129858351586326,0.0
8512,1.0,0.05,0.00013002082537513408,0.0,0.0067833486147568685,0.008129858351586326,0.0
8513,1.0,0.05,0.00013002082537513408,0.0,0.0067833486147568685,0.008129858351586326,0.0
8514,1.0,0.05,0.00013002082537513408,0.0,0.0067833486147568685,0.008129858351586326,0.0
8515,1.0,0.05,0.00013002082537513408,0.0,0.0067833486147568685,0.02513746351439597,0.0
8516,1.0,0.05,0.00013002082537513408,0.0,0.007519213607534845,0.05544639371769497,0.0
8517,1.0,0.05,0.00013002082537513408,0.0,0.007519213607534845,0.05544639371769497,0.0
8518,1.0,0.05,0.00013002082537513408,0.0,0.007519213607534845,0.11542774018573376,0.0
8519,1.0,0.05,0.00013002082537513408,0.0,0.007519213607534845,0.11542774018573376,0.0
8520,1.0,0.05,0.00013002082537513408,0.0,0.007519213607534845,0.10328638914388366,0.0
8521,1.0,0.05,0.00013002082537513408,0.0,0.007519213607534845,0.1432235634075425,0.0
8522,1.0,0.05,0.00013002082537513408,0.0,0.007519213607534845,0.08996835645437543,0.0
8523,1.0,0.05,0.00013002082537513408,0.0,0.00531517851306212,0.08984001809881081,0.0
8524,1.0,0.05,0.00013002082537513408,0.0,0.00531517851306212,0.08984001809881081,0.0
8525,1.0,0.05,0.00013002082537513408,0.0,0.00531517851306212,0.08984001809881081,0.0
8526,1.0,0.05,0.00013002082537513408,0.0,0.00531517851306212,0.08984001809881081,0.0
8527,1.0,0.05,0.00013002082537513408,0.0,0.00531517851306212,0.04524796952889948,0.0
8528,1.0,0.05,0.00013002082537513408,0.0,0.007770614235073362,0.08717433819204184,0.0
8529,1.0,0.05,0.00013002082537513408,0.0,0.007965743675160687,0.08717433819204184,0.0
8530,1.0,0.05,0.00013002082537513408,0.0,0.007965743675160687,0.08717433819204184,0.0
8531,1.0,0.05,0.00013002082537513408,0.0,0.007965743675160687,0.07183671904764097,0.0
8532,1.0,0.05,0.00013002082537513408,0.0,0.007664835845432445,0.09064909888788963,0.0
8533,1.0,0.05,0.00013002082537513408,0.0,0.007664835845432445,0.09064909888788963,0.0
8534,1.0,0.05,0.00013002082537513408,0.0,0.007664835845432445,0.09064909888788963,0.0
8535,1.0,0.05,0.00013002082537513408,0.0,0.007664835845432445,0.12411176484347305,0.0
8536,1.0,0.05,0.00013002082537513408,0.0,0.007664835845432445,0.12411176484347305,0.0
8537,1.0,0.05,0.00013002082537513408,0.0,0.007664835845432445,0.12411176484347305,0.0
8538,1.0,0.05,0.00013002082537513408,0.0,0.007664835845432445,0.12411176484347305,0.0
8539,1.0,0.05,0.00013002082537513408,0.0,0.007664835845432445,0.12411176484347305,0.0
8540,1.0,0.05,0.00013002082537513408,0.0,0.0059569454666102695,0.10078903005644366,0.0
8541,1.0,0.05,0.00013002082537513408,0.0,0.0059569454666102695,0.059509066750091405,0.0
8542,1.0,0.05,0.0001297350456794452,0.0,0.0059569454666102695,0.059509066750091405,0.0
8543,1.0,0.05,0.00013278912978256408,0.0,0.0059569454666102695,0.059509066750091405,0.0
8544,1.0,0.05,0.00013278912978256408,0.0,0.0059569454666102695,0.0234932637404635,0.0
8545,1.0,0.05,0.00013278912978256408,0.0,0.005959467754297581,0.09428991141233645,0.0
8546,1.0,0.05,0.00013278912978256408,0.0,0.005959467754297581,0.059623523453052094,0.0
8547,1.0,0.05,0.00013278912978256408,0.0,0.005959467754297581,0.05522356855148985,0.0
8548,1.0,0.05,0.00013278912978256408,0.0,0.005959467754297581,0.14337799306611093,0.0
8549,1.0,0.05,0.00013278912978256408,0.0,0.005959467754297581,0.04988290408011126,0.0
8550,1.0,0.05,0.00013278912978256408,0.0,0.005959467754297581,0.04988290408011126,0.0
8551,1.0,0.05,0.00013278912978256408,0.0,0.005959467754297581,0.04988290408011126,0.0
8552,1.0,0.05,0.00013278912978256408,0.0,0.005959467754297581,0.04988290408011126,0.0
8553,1.0,0.05,0.00013278912978256408,0.0,0.005959467754297581,0.04988290408011126,0.0
8554,1.0,0.05,0.00014112346269541472,0.0,0.005959467754297581,0.04988290408011126,0.0
8555,1.0,0.05,0.00014112346269541472,0.0,0.005959467754297581,0.04988290408011126,0.0
8556,1.0,0.05,0.00014112346269541472,0.0,0.005959467754297581,0.04988290408011126,0.0
8557,1.0,0.05,0.00014112346269541472,0.0,0.005959467754297581,0.039893741871702346,0.0
8558,1.0,0.05,0.0001230818492475733,0.0,0.005959467754297581,0.04750104583062724,0.0
8559,1.0,0.05,0.0001230818492475733,0.0,0.005959467754297581,0.04750104583062724,0.0
8560,1.0,0.05,0.0001230818492475733,0.0,0.005959467754297581,0.04750104583062724,0.0
8561,1.0,0.05,0.0001230818492475733,0.0,0.0075247819363779495,0.04750104583062724,0.0
8562,1.0,0.05,0.0001230818492475733,0.0,0.0075247819363779495,0.04750104583062724,0.0
8563,1.0,0.05,0.0001230818492475733,0.0,0.007682464846043361,0.04750104583062724,0.0
8564,1.0,0.05,0.0001230818492475733,0.0,0.0070600744627207345,0.05487714624278259,0.0
8565,1.0,0.05,0.0001230818492475733,0.0,0.0070600744627207345,0.05487714624278259,0.0
8566,1.0,0.05,0.0001230818492475733,0.0,0.0070600744627207345,0.05487714624278259,0.0
8567,1.0,0.05,0.0001230818492475733,0.0,0.0070600744627207345,0.07585976128307043,0.0
8568,1.0,0.05,0.00013038270570785645,0.0,0.0070600744627207345,0.07585976128307043,0.0
8569,1.0,0.05,0.00013038270570785645,0.0,0.006265664704203858,0.06566959156836767,0.0
8570,1.0,0.05,0.00013038270570785645,0.0,0.006265664704203858,0.08913508290982777,0.0
8571,1.0,0.05,0.00013038270570785645,0.0,0.0070512606177108045,0.08913508290982777,0.0
8572,1.0,0.05,0.00012228331113487169,0.0,0.0070512606177108045,0.08913508290982777,0.0
8573,1.0,0.05,0.00012228331113487169,0.0,0.0070512606177108045,0.08913508290982777,0.0
8574,1.0,0.05,0.00012228331113487169,0.0,0.0070512606177108045,0.08913508290982777,0.0
8575,1.0,0.05,0.000127241446838116,0.0,0.0070512606177108045,0.06202615754124996,0.0
8576,1.0,0.05,0.000127241446838116,0.0,0.0070512606177108045,0.05873477305125373,0.0
8577,1.0,0.05,0.000127241446838116,0.0,0.0070512606177108045,0.0299538626529823,0.0
8578,1.0,0.05,0.000127241446838116,0.0,0.0070512606177108045,0.0908414323094925,0.0
8579,1.0,0.05,0.00013927293128939764,0.0,0.0069655439703439235,0.0908414323094925,0.0
8580,1.0,0.05,0.00013927293128939764,0.0,0.005614514202367232,0.0908414323094925,0.0
8581,1.0,0.05,0.00013927293128939764,0.0,0.005614514202367232,0.0829715527050154,0.0
8582,1.0,0.05,0.00013927293128939764,0.0,0.005614514202367232,0.0829715527050154,0.0
8583,1.0,0.05,0.00013927293128939764,0.0,0.005614514202367232,0.09487875005210139,0.0
8584,1.0,0.05,0.00013927293128939764,0.0,0.005614514202367232,0.09487875005210139,0.0
8585,1.0,0.05,0.00013927293128939764,0.0,0.005614514202367232,0.08260221254707048,0.0
8586,1.0,0.05,0.00013927293128939764,0.0,0.005614514202367232,0.08260221254707048,0.0
8587,1.0,0.05,0.00013927293128939764,0.0,0.005614514202367232,0.08260221254707048,0.0
8588,1.0,0.05,0.00012462005069319363,0.0,0.005614514202367232,0.08260221254707048,0.0
8589,1.0,0.05,0.0001227167598270871,0.0,0.005614514202367232,0.08260221254707048,0.0
8590,1.0,0.05,0.0001227167598270871,0.0,0.006724577116384645,0.08260221254707048,0.0
8591,1.0,0.05,0.0001227167598270871,0.0,0.006724577116384645,0.08260221254707048,0.0
8592,1.0,0.05,0.0001227167598270871,0.0,0.006744015610326379,0.08260221254707048,0.0
8593,1.0,0.05,0.0001227167598270871,0.0,0.006744015610326379,0.08260221254707048,0.0
8594,1.0,0.05,0.0001239203807510495,0.0,0.006744015610326379,0.08260221254707048,0.0
8595,1.0,0.05,0.0001239203807510495,0.0,0.0076195835036260914,0.08260221254707048,0.0
8596,1.0,0.05,0.0001239203807510495,0.0,0.0076195835036260914,0.01697040042014179,0.0
8597,1.0,0.05,0.0001239203807510495,0.0,0.0076195835036260914,0.009184595636651876,0.0
8598,1.0,0.05,0.0001239203807510495,0.0,0.0076195835036260914,0.013830294980243268,0.0
8599,1.0,0.05,0.0001239203807510495,0.0,0.0076195835036260914,0.011236114991033271,0.0
8600,1.0,0.05,0.0001239203807510495,0.0,0.0076195835036260914,0.011236114991033271,0.0
8601,1.0,0.05,0.0001239203807510495,0.0,0.0076195835036260914,0.01198057636852395,0.0
8602,1.0,0.05,0.0001239203807510495,0.0,0.006942239473202547,0.006114520874175204,0.0
8603,1.0,0.05,0.0001239203807510495,0.0,0.006942239473202547,0.008722974965204135,0.0
8604,1.0,0.05,0.0001239203807510495,0.0,0.006942239473202547,0.008722974965204135,0.0
8605,1.0,0.05,0.0001239203807510495,0.0,0.008673127280655604,0.017098000554697762,0.0
8606,1.0,0.05,0.0001239203807510495,0.0,0.008673127280655604,0.017098000554697762,0.0
8607,1.0,0.05,0.0001239203807510495,0.0,0.008673127280655604,0.014370222251017174,0.0
8608,1.0,0.05,0.0001239203807510495,0.0,0.008673127280655604,0.00931712749547323,0.0
8609,1.0,0.05,0.0001239203807510495,0.0,0.005560635249301933,0.029001473199170638,0.0
8610,1.0,0.05,0.0001239203807510495,0.0,0.005560635249301933,0.09256791967036876,0.0
8611,1.0,0.05,0.00013189097377099658,0.0,0.007298158169382426,0.09256791967036876,0.0
8612,1.0,0.05,0.00013189097377099658,0.0,0.007298158169382426,0.09256791967036876,0.0
8613,1.0,0.05,0.00013189097377099658,0.0,0.007298158169382426,0.09256791967036876,0.0
8614,1.0,0.05,0.00013189097377099658,0.0,0.007298158169382426,0.042455661828066225,0.0
8615,1.0,0.05,0.00013189097377099658,0.0,0.007298158169382426,0.017474515925719726,0.0
8616,1.0,0.05,0.0001264512316446079,0.0,0.007298158169382426,0.004785978803441677,0.0
8617,1.0,0.05,0.0001264512316446079,0.0,0.006372175888097165,0.0003910659175745734,0.0
8618,1.0,0.05,0.0001264512316446079,0.0,0.006372175888097165,0.0013983218414415927,0.0
8619,1.0,0.05,0.0001264512316446079,0.0,0.0067411638820127975,0.007026004055074169,0.0
8620,1.0,0.05,0.0001264512316446079,0.0,0.0067411638820127975,0.008115774360040719,0.0
8621,1.0,0.05,0.0001264512316446079,0.0,0.006664070675069905,0.012426357719243481,0.0
8622,1.0,0.05,0.0001264512316446079,0.0,0.006664070675069905,0.021676191464016392,0.0
8623,1.0,0.05,0.0001264512316446079,0.0,0.006102104671231181,0.009813234617344652,0.0
8624,1.0,0.05,0.0001264512316446079,0.0,0.006102104671231181,0.009813234617344652,0.0
8625,1.0,0.05,0.00014239689556056647,0.0,0.006102104671231181,0.024357072334202663,0.0
8626,1.0,0.05,0.00014239689556056647,0.0,0.006102104671231181,0.024357072334202663,0.0
8627,1.0,0.05,0.0001268890044141846,0.0,0.006102104671231181,0.024357072334202663,0.0
8628,1.0,0.05,0.0001268890044141846,0.0,0.006102104671231181,0.021370624354387392,0.0
8629,1.0,0.05,0.0001268890044141846,0.0,0.006102104671231181,0.021370624354387392,0.0
8630,1.0,0.05,0.0001268890044141846,0.0,0.006102104671231181,0.029064333651294787,0.0
8631,1.0,0.05,0.0001268890044141846,0.0,0.006102104671231181,0.029064333651294787,0.0
8632,1.0,0.05,0.0001268890044141846,0.0,0.006102104671231181,0.029064333651294787,0.0
8633,1.0,0.05,0.00013897306665460005,0.0,0.006102104671231181,0.06500680444804134,0.0
8634,1.0,0.05,0.00013897306665460005,0.0,0.006102104671231181,0.0881231166618627,0.0
8635,1.0,0.05,0.00013811893324479566,0.0,0.006102104671231181,0.06109498686187442,0.0
8636,1.0,0.05,0.00013811893324479566,0.0,0.006102104671231181,0.06030990471343739,0.0
8637,1.0,0.05,0.00013811893324479566,0.0,0.006102104671231181,0.06030990471343739,0.0
8638,1.0,0.05,0.00013811893324479566,0.0,0.0053350960884616236,0.07084301830949753,0.0
8639,1.0,0.05,0.00013811893324479566,0.0,0.0053350960884616236,0.05834785698696426,0.0
8640,1.0,0.05,0.00013811893324479566,0.0,0.0053350960884616236,0.045561041802627746,0.0
8641,1.0,0.05,0.00013811893324479566,0.0,0.0053350960884616236,0.05036085333214588,0.0
8642,1.0,0.05,0.00013811893324479566,0.0,0.0053350960884616236,0.05036085333214588,0.0
8643,1.0,0.05,0.00013811893324479566,0.0,0.0053350960884616236,0.016692376673031376,0.0
8644,1.0,0.05,0.00013811893324479566,0.0,0.0053350960884616236,0.016692376673031376,0.0
8645,1.0,0.05,0.00013811893324479566,0.0,0.0053350960884616236,0.04215636727984085,0.0
8646,1.0,0.05,0.00013811893324479566,0.0,0.0053350960884616236,0.04215636727984085,0.0
8647,1.0,0.05,0.00013811893324479566,0.0,0.0053350960884616236,0.04215636727984085,0.0
8648,1.0,0.05,0.00013811893324479566,0.0,0.005879783706758816,0.04215636727984085,0.0
8649,1.0,0.05,0.00013811893324479566,0.0,0.005879783706758816,0.04215636727984085,0.0
8650,1.0,0.05,0.00013191243229650085,0.0,0.005879783706758816,0.04215636727984085,0.0
8651,1.0,0.05,0.0001291637447453585,0.0,0.005879783706758816,0.04215636727984085,0.0
8652,1.0,0.05,0.0001291637447453585,0.0,0.006065678665163509,0.048830158286963854,0.0
8653,1.0,0.05,0.00013544746249201207,0.0,0.006065678665163509,0.048830158286963854,0.0
8654,1.0,0.05,0.00013544746249201207,0.0,0.006065678665163509,0.048830158286963854,0.0
8655,1.0,0.05,0.00013544746249201207,0.0,0.006065678665163509,0.03820318923482281,0.0
8656,1.0,0.05,0.00013946919341912485,0.0,0.006065678665163509,0.02418876737676367,0.0
8657,1.0,0.05,0.00013946919341912485,0.0,0.006065678665163509,0.014217266462703809,0.0
8658,1.0,0.05,0.00013946919341912485,0.0,0.006030688187148333,0.07501119414791159,0.0
8659,1.0,0.05,0.00013946919341912485,0.0,0.006030688187148333,0.07501119414791159,0.0
8660,1.0,0.05,0.00013946919341912485,0.0,0.005862820131231036,0.07501119414791159,0.0
8661,1.0,0.05,0.00013946919341912485,0.0,0.005862820131231036,0.07501119414791159,0.0
8662,1.0,0.05,0.00013946919341912485,0.0,0.005862820131231036,0.07501119414791159,0.0
8663,1.0,0.05,0.00013946919341912485,0.0,0.005862820131231036,0.03116916999666312,0.0
8664,1.0,0.05,0.00013946919341912485,0.0,0.005862820131231036,0.03116916999666312,0.0
8665,1.0,0.05,0.00013946919341912485,0.0,0.005862820131231036,0.0602357070311073,0.0
8666,1.0,0.05,0.00013946919341912485,0.0,0.005862820131231036,0.03857137690601208,0.0
8667,1.0,0.05,0.00013946919341912485,0.0,0.005862820131231036,0.04472061914973586,0.0
8668,1.0,0.05,0.00013946919341912485,0.0,0.005862820131231036,0.061025425518865015,0.0
8669,1.0,0.05,0.00013946919341912485,0.0,0.005862820131231036,0.061025425518865015,0.0
8670,1.0,0.05,0.00013946919341912485,0.0,0.005862820131231036,0.061025425518865015,0.0
8671,1.0,0.05,0.00013946919341912485,0.0,0.005862820131231036,0.061025425518865015,0.0
8672,1.0,0.05,0.00013946919341912485,0.0,0.005862820131231036,0.061025425518865015,0.0
8673,1.0,0.05,0.00013946919341912485,0.0,0.005862820131231036,0.061025425518865015,0.0
8674,1.0,0.05,0.00013837663764966287,0.0,0.005862820131231036,0.030988792714786606,0.0
8675,1.0,0.05,0.0001361338375854625,0.0,0.005862820131231036,0.030988792714786606,0.0
8676,1.0,0.05,0.0001361338375854625,0.0,0.005862820131231036,0.030988792714786606,0.0
8677,1.0,0.05,0.00013085310929876397,0.0,0.005701613402685943,0.04932905092381624,0.0
8678,1.0,0.05,0.00013085310929876397,0.0,0.005701613402685943,0.05668665105239854,0.0
8679,1.0,0.05,0.00013085310929876397,0.0,0.005701613402685943,0.07300532002036073,0.0
8680,1.0,0.05,0.00013085310929876397,0.0,0.005772580290753009,0.07300532002036073,0.0
8681,1.0,0.05,0.00013085310929876397,0.0,0.005772580290753009,0.07300532002036073,0.0
8682,1.0,0.05,0.00013085310929876397,0.0,0.005772580290753009,0.06028878290204291,0.0
8683,1.0,0.05,0.00013085310929876397,0.0,0.005887582818038292,0.06028878290204291,0.0
8684,1.0,0.05,0.00013085310929876397,0.0,0.005887582818038292,0.06617753672770335,0.0
8685,1.0,0.05,0.00013085310929876397,0.0,0.005887582818038292,0.047189179107431846,0.0
8686,1.0,0.05,0.00013085310929876397,0.0,0.005887582818038292,0.06010757062551465,0.0
8687,1.0,0.05,0.00013085310929876397,0.0,0.005887582818038292,0.1605554243842874,0.0
8688,1.0,0.05,0.00013085310929876397,0.0,0.005887582818038292,0.11960364836930547,0.0
8689,1.0,0.05,0.00013085310929876397,0.0,0.005887582818038292,0.08095818385967488,0.0
8690,1.0,0.05,0.00013085310929876397,0.0,0.005887582818038292,0.08095818385967488,0.0
8691,1.0,0.05,0.00013085310929876397,0.0,0.005887582818038292,0.07839574247138814,0.0
8692,1.0,0.05,0.00013085310929876397,0.0,0.005887582818038292,0.07839574247138814,0.0
8693,1.0,0.05,0.00013085310929876397,0.0,0.005887582818038292,0.07839574247138814,0.0
8694,1.0,0.05,0.00013085310929876397,0.0,0.005887582818038292,0.061580330047877545,0.0
8695,1.0,0.05,0.00013085310929876397,0.0,0.005887582818038292,0.12706698857823612,0.0
8696,1.0,0.05,0.00013085310929876397,0.0,0.005887582818038292,0.12706698857823612,0.0
8697,1.0,0.05,0.00013085310929876397,0.0,0.005887582818038292,0.12706698857823612,0.0
8698,1.0,0.05,0.00013085310929876397,0.0,0.005887582818038292,0.12706698857823612,0.0
8699,1.0,0.05,0.00013085310929876397,0.0,0.005887582818038292,0.12706698857823612,0.0
8700,1.0,0.05,0.00013085310929876397,0.0,0.005887582818038292,0.025436586349829208,0.0
8701,1.0,0.05,0.00013085310929876397,0.0,0.005887582818038292,0.06006979433576731,0.0
8702,1.0,0.05,0.00013085310929876397,0.0,0.005887582818038292,0.06006979433576731,0.0
8703,1.0,0.05,0.00013085310929876397,0.0,0.005887582818038292,0.016347985931141368,0.0
8704,1.0,0.05,0.00013085310929876397,0.0,0.006111683293467641,0.016347985931141368,0.0
8705,1.0,0.05,0.00013085310929876397,0.0,0.0057776444944219255,0.016347985931141368,0.0
8706,1.0,0.05,0.00013085310929876397,0.0,0.0057776444944219255,0.016347985931141368,0.0
8707,1.0,0.05,0.00013085310929876397,0.0,0.0057776444944219255,0.1374243046745863,0.0
8708,1.0,0.05,0.00013085310929876397,0.0,0.0057776444944219255,0.110340292811343,0.0
8709,1.0,0.05,0.00013085310929876397,0.0,0.0057776444944219255,0.110340292811343,0.0
8710,1.0,0.05,0.00013085310929876397,0.0,0.0057776444944219255,0.110340292811343,0.0
8711,1.0,0.05,0.00013085310929876397,0.0,0.0057776444944219255,0.03813943085918348,0.0
8712,1.0,0.05,0.00013085310929876397,0.0,0.0057776444944219255,0.03813943085918348,0.0
8713,1.0,0.05,0.00013085310929876397,0.0,0.0057776444944219255,0.02836950630280664,0.0
8714,1.0,0.05,0.00013085310929876397,0.0,0.0057776444944219255,0.04044394973171884,0.0
8715,1.0,0.05,0.00013085310929876397,0.0,0.0057776444944219255,0.04044394973171884,0.0
8716,1.0,0.05,0.00013085310929876397,0.0,0.0057776444944219255,0.04044394973171884,0.0
8717,1.0,0.05,0.00013085310929876397,0.0,0.005224732133823022,0.034820611122150645,0.0
8718,1.0,0.05,0.0001331584986739921,0.0,0.00707454737321499,0.02941759430322133,0.0
8719,1.0,0.05,0.00012218092898148413,0.0,0.00707454737321499,0.050625217784509555,0.0
8720,1.0,0.05,0.00012218092898148413,0.0,0.00707454737321499,0.069009862248556,0.0
8721,1.0,0.05,0.00012694000756312092,0.0,0.00707454737321499,0.14895656867110915,0.0
8722,1.0,0.05,0.00012694000756312092,0.0,0.00707454737321499,0.10147911203286,0.0
8723,1.0,0.05,0.00012694000756312092,0.0,0.00707454737321499,0.10083017290955643,0.0
8724,1.0,0.05,0.00013034669589207602,0.0,0.00707454737321499,0.10083017290955643,0.0
8725,1.0,0.05,0.00013034669589207602,0.0,0.00707454737321499,0.10083017290955643,0.0
8726,1.0,0.05,0.00013034669589207602,0.0,0.00707454737321499,0.10083017290955643,0.0
8727,1.0,0.05,0.00013034669589207602,0.0,0.00707454737321499,0.10083017290955643,0.0
8728,1.0,0.05,0.00012089543958249938,0.0,0.008342693208378674,0.060012699692704556,0.0
8729,1.0,0.05,0.00012089543958249938,0.0,0.008342693208378674,0.059361157886858314,0.0
8730,1.0,0.05,0.00012089543958249938,0.0,0.008609579510392602,0.12930681305753935,0.0
8731,1.0,0.05,0.00012089543958249938,0.0,0.00912205903006704,0.12930681305753935,0.0
8732,1.0,0.05,0.00012089543958249938,0.0,0.00912205903006704,0.09164942754965391,0.0
8733,1.0,0.05,0.00012089543958249938,0.0,0.00912205903006704,0.11343510167713768,0.0
8734,1.0,0.05,0.00012089543958249938,0.0,0.009676833158679123,0.11343510167713768,0.0
8735,1.0,0.05,0.00012089543958249938,0.0,0.009676833158679123,0.1309485961718439,0.0
8736,1.0,0.05,0.00012089543958249938,0.0,0.009676833158679123,0.1309485961718439,0.0
8737,1.0,0.05,0.00012089543958249938,0.0,0.009676833158679123,0.08257720936263259,0.0
8738,1.0,0.05,0.00012089543958249938,0.0,0.009676833158679123,0.060561428477699415,0.0
8739,1.0,0.05,0.00012089543958249938,0.0,0.009676833158679123,0.16465147894975374,0.0
8740,1.0,0.05,0.00012089543958249938,0.0,0.008833479889849933,0.0918720831131416,0.0
8741,1.0,0.05,0.00012089543958249938,0.0,0.007443422963941798,0.09090096084352711,0.0
8742,1.0,0.05,0.00012089543958249938,0.0,0.007443422963941798,0.06711716613070724,0.0
8743,1.0,0.05,0.0001370642348977166,0.0,0.007443422963941798,0.08526123847521871,0.0
8744,1.0,0.05,0.0001370642348977166,0.0,0.007443422963941798,0.08526123847521871,0.0
8745,1.0,0.05,0.00013212881672074704,0.0,0.007443422963941798,0.0763291105196064,0.0
8746,1.0,0.05,0.00013212881672074704,0.0,0.007443422963941798,0.0763291105196064,0.0
8747,1.0,0.05,0.00013212881672074704,0.0,0.007443422963941798,0.0763291105196064,0.0
8748,1.0,0.05,0.00013212881672074704,0.0,0.007443422963941798,0.0763291105196064,0.0
8749,1.0,0.05,0.00013212881672074704,0.0,0.007443422963941798,0.13967923066630983,0.0
8750,1.0,0.05,0.00013212881672074704,0.0,0.007443422963941798,0.13967923066630983,0.0
8751,1.0,0.05,0.00013212881672074704,0.0,0.007443422963941798,0.10281228957034125,0.0
8752,1.0,0.05,0.00013212881672074704,0.0,0.007443422963941798,0.10281228957034125,0.0
8753,1.0,0.05,0.00013212881672074704,0.0,0.007443422963941798,0.10281228957034125,0.0
8754,1.0,0.05,0.00013212881672074704,0.0,0.007005195870597375,0.10281228957034125,0.0
8755,1.0,0.05,0.00013212881672074704,0.0,0.0071722869963847,0.046816506283155215,0.0
8756,1.0,0.05,0.00013212881672074704,0.0,0.0071722869963847,0.046816506283155215,0.0
8757,1.0,0.05,0.00013212881672074704,0.0,0.0071722869963847,0.046816506283155215,0.0
8758,1.0,0.05,0.00013212881672074704,0.0,0.0071722869963847,0.046816506283155215,0.0
8759,1.0,0.05,0.00013212881672074704,0.0,0.005925355466478191,0.046816506283155215,0.0
8760,1.0,0.05,0.00013212881672074704,0.0,0.005925355466478191,0.08988564793289866,0.0
8761,1.0,0.05,0.00013212881672074704,0.0,0.005925355466478191,0.08988564793289866,0.0
8762,1.0,0.05,0.00013212881672074704,0.0,0.005925355466478191,0.02997347918062633,0.0
8763,1.0,0.05,0.00013212881672074704,0.0,0.005925355466478191,0.03716875274551163,0.0
8764,1.0,0.05,0.00013212881672074704,0.0,0.005925355466478191,0.01755931806534942,0.0
8765,1.0,0.05,0.00013212881672074704,0.0,0.005925355466478191,0.006857679417532551,0.0
8766,1.0,0.05,0.00013212881672074704,0.0,0.005925355466478191,0.005976279271886005,0.0
8767,1.0,0.05,0.00012541340717370282,0.0,0.005925355466478191,0.008757475966472498,0.0
8768,1.0,0.05,0.00012541340717370282,0.0,0.005925355466478191,0.016605183544192607,0.0
8769,1.0,0.05,0.00012541340717370282,0.0,0.005925355466478191,0.052441236482977896,0.0
8770,1.0,0.05,0.00012541340717370282,0.0,0.005925355466478191,0.05250544910090471,0.0
8771,1.0,0.05,0.00012541340717370282,0.0,0.005925355466478191,0.05250544910090471,0.0
8772,1.0,0.05,0.0001270636863083618,0.0,0.005925355466478191,0.08439848814258367,0.0
8773,1.0,0.05,0.0001270636863083618,0.0,0.005925355466478191,0.059591508863670636,0.0
8774,1.0,0.05,0.0001270636863083618,0.0,0.005167751836546486,0.059591508863670636,0.0
8775,1.0,0.05,0.0001270636863083618,0.0,0.005167751836546486,0.059591508863670636,0.0
8776,1.0,0.05,0.0001270636863083618,0.0,0.005167751836546486,0.07681358925400687,0.0
8777,1.0,0.05,0.0001270636863083618,0.0,0.005646421637863412,0.04457174756357189,0.0
8778,1.0,0.05,0.0001270636863083618,0.0,0.005646421637863412,0.04457174756357189,0.0
8779,1.0,0.05,0.0001270636863083618,0.0,0.005655649276164721,0.019159914721753032,0.0
8780,1.0,0.05,0.00013005366490731105,0.0,0.005655649276164721,0.02791649753956786,0.0
8781,1.0,0.05,0.00013005366490731105,0.0,0.005655649276164721,0.02791649753956786,0.0
8782,1.0,0.05,0.00013628925795626878,0.0,0.005655649276164721,0.046546141349835174,0.0
8783,1.0,0.05,0.000131916972952656,0.0,0.005528995317431151,0.046546141349835174,0.0
8784,1.0,0.05,0.00013237670767457898,0.0,0.005528995317431151,0.05955519160845292,0.0
8785,1.0,0.05,0.00013237670767457898,0.0,0.005528995317431151,0.06931206643579343,0.0
8786,1.0,0.05,0.00013237670767457898,0.0,0.005528995317431151,0.06931206643579343,0.0
8787,1.0,0.05,0.00013237670767457898,0.0,0.005528995317431151,0.06931206643579343,0.0
8788,1.0,0.05,0.00013237670767457898,0.0,0.005528995317431151,0.06931206643579343,0.0
8789,1.0,0.05,0.00013237670767457898,0.0,0.005528995317431151,0.05113385243922189,0.0
8790,1.0,0.05,0.00013354923468293097,0.0,0.005528995317431151,0.008147244153791065,0.0
8791,1.0,0.05,0.00013354923468293097,0.0,0.005528995317431151,0.008147244153791065,0.0
8792,1.0,0.05,0.00013354923468293097,0.0,0.005528995317431151,0.008147244153791065,0.0
8793,1.0,0.05,0.00013354923468293097,0.0,0.005528995317431151,0.01506970368449689,0.0
8794,1.0,0.05,0.00013354923468293097,0.0,0.005528995317431151,0.01506970368449689,0.0
8795,1.0,0.05,0.00013354923468293097,0.0,0.005528995317431151,0.01506970368449689,0.0
8796,1.0,0.05,0.00013354923468293097,0.0,0.005528995317431151,0.04667189022921134,0.0
8797,1.0,0.05,0.00013354923468293097,0.0,0.005528995317431151,0.04667189022921134,0.0
8798,1.0,0.05,0.00013354923468293097,0.0,0.005528995317431151,0.04667189022921134,0.0
8799,1.0,0.05,0.00013354923468293097,0.0,0.005528995317431151,0.050360080950542015,0.0
8800,1.0,0.05,0.00013354923468293097,0.0,0.005496143285718389,0.09193224148423332,0.0
8801,1.0,0.05,0.00013354923468293097,0.0,0.005496143285718389,0.062026793428629226,0.0
8802,1.0,0.05,0.00013354923468293097,0.0,0.005496143285718389,0.03190488249754894,0.0
8803,1.0,0.05,0.00013354923468293097,0.0,0.005496143285718389,0.05019961500166949,0.0
8804,1.0,0.05,0.00013354923468293097,0.0,0.005496143285718389,0.05019961500166949,0.0
8805,1.0,0.05,0.00013354923468293097,0.0,0.005496143285718389,0.06768626958523727,0.0
8806,1.0,0.05,0.00013354923468293097,0.0,0.005496143285718389,0.06768626958523727,0.0
8807,1.0,0.05,0.00013354923468293097,0.0,0.005813922411149271,0.06768626958523727,0.0
8808,1.0,0.05,0.00013911081049146397,0.0,0.005813922411149271,0.06768626958523727,0.0
8809,1.0,0.05,0.00013911081049146397,0.0,0.005813922411149271,0.06768626958523727,0.0
8810,1.0,0.05,0.0001309162745441256,0.0,0.005813922411149271,0.06768626958523727,0.0
8811,1.0,0.05,0.0001309162745441256,0.0,0.005813922411149271,0.06768626958523727,0.0
8812,1.0,0.05,0.0001309162745441256,0.0,0.005813922411149271,0.04152177749302475,0.0
8813,1.0,0.05,0.00013083208370297922,0.0,0.005813922411149271,0.04152177749302475,0.0
8814,1.0,0.05,0.00013083208370297922,0.0,0.005813922411149271,0.07727291474747429,0.0
8815,1.0,0.05,0.00013083208370297922,0.0,0.005813922411149271,0.09271465330243082,0.0
8816,1.0,0.05,0.00013083208370297922,0.0,0.005813922411149271,0.09271465330243082,0.0
8817,1.0,0.05,0.00013083208370297922,0.0,0.005813922411149271,0.1101876722669201,0.0
8818,1.0,0.05,0.00013083208370297922,0.0,0.005813922411149271,0.1101876722669201,0.0
8819,1.0,0.05,0.00013083208370297922,0.0,0.005813922411149271,0.09054121222546571,0.0
8820,1.0,0.05,0.00013083208370297922,0.0,0.005813922411149271,0.042591864828405865,0.0
8821,1.0,0.05,0.00013083208370297922,0.0,0.005905674888705457,0.0562263625623318,0.0
8822,1.0,0.05,0.00013083208370297922,0.0,0.005905674888705457,0.059289787728701526,0.0
8823,1.0,0.05,0.00013083208370297922,0.0,0.005905674888705457,0.059289787728701526,0.0
8824,1.0,0.05,0.00013083208370297922,0.0,0.005905674888705457,0.059289787728701526,0.0
8825,1.0,0.05,0.00013083208370297922,0.0,0.005905674888705457,0.018147073878402756,0.0
8826,1.0,0.05,0.00013083208370297922,0.0,0.005905674888705457,0.031603443032225495,0.0
8827,1.0,0.05,0.00013083208370297922,0.0,0.005905674888705457,0.09524854863448703,0.0
8828,1.0,0.05,0.00013083208370297922,0.0,0.005905674888705457,0.07451272845322968,0.0
8829,1.0,0.05,0.00013083208370297922,0.0,0.005905674888705457,0.0686839729159338,0.0
8830,1.0,0.05,0.00013083208370297922,0.0,0.005697497364672854,0.09812583562174626,0.0
8831,1.0,0.05,0.00013083208370297922,0.0,0.0057619134559829185,0.0726529188982552,0.0
8832,1.0,0.05,0.00013083208370297922,0.0,0.0057619134559829185,0.07004293376169808,0.0
8833,1.0,0.05,0.00013083208370297922,0.0,0.0057619134559829185,0.07004293376169808,0.0
8834,1.0,0.05,0.00013083208370297922,0.0,0.0057619134559829185,0.07004293376169808,0.0
8835,1.0,0.05,0.00013083208370297922,0.0,0.0057619134559829185,0.0379624585041359,0.0
8836,1.0,0.05,0.00013083208370297922,0.0,0.0057619134559829185,0.09277016720115575,0.0
8837,1.0,0.05,0.00013083208370297922,0.0,0.0057619134559829185,0.09277016720115575,0.0
8838,1.0,0.05,0.00013083208370297922,0.0,0.0057619134559829185,0.09277016720115575,0.0
8839,1.0,0.05,0.00013083208370297922,0.0,0.0057619134559829185,0.037289127880585006,0.0
8840,1.0,0.05,0.00013083208370297922,0.0,0.005921480146544556,0.037289127880585006,0.0
8841,1.0,0.05,0.00013198769059810257,0.0,0.005921480146544556,0.03463445914430666,0.0
8842,1.0,0.05,0.00013198769059810257,0.0,0.005921480146544556,0.03463445914430666,0.0
8843,1.0,0.05,0.00014492719273134907,0.0,0.005921480146544556,0.03463445914430666,0.0
8844,1.0,0.05,0.00012583102868696442,0.0,0.005921480146544556,0.04818796628492703,0.0
8845,1.0,0.05,0.00012583102868696442,0.0,0.005921480146544556,0.04818796628492703,0.0
8846,1.0,0.05,0.00013880242909891592,0.0,0.005921480146544556,0.04818796628492703,0.0
8847,1.0,0.05,0.00013880242909891592,0.0,0.005921480146544556,0.04805835675869775,0.0
8848,1.0,0.05,0.00013880242909891592,0.0,0.005921480146544556,0.08644974953385424,0.0
8849,1.0,0.05,0.00013880242909891592,0.0,0.005921480146544556,0.11764131214212628,0.0
8850,1.0,0.05,0.00013880242909891592,0.0,0.006065219881391762,0.049311372742785964,0.0
8851,1.0,0.05,0.00013880242909891592,0.0,0.006065219881391762,0.049311372742785964,0.0
8852,1.0,0.05,0.00013880242909891592,0.0,0.006065219881391762,0.049311372742785964,0.0
8853,1.0,0.05,0.00013880242909891592,0.0,0.006065219881391762,0.08451618660899565,0.0
8854,1.0,0.05,0.00013880242909891592,0.0,0.006065219881391762,0.08451618660899565,0.0
8855,1.0,0.05,0.00013880242909891592,0.0,0.006065219881391762,0.03860017979032913,0.0
8856,1.0,0.05,0.00013880242909891592,0.0,0.006065219881391762,0.023472947146505257,0.0
8857,1.0,0.05,0.00013880242909891592,0.0,0.006065219881391762,0.023472947146505257,0.0
8858,1.0,0.05,0.00013880242909891592,0.0,0.006065219881391762,0.07918233994906217,0.0
8859,1.0,0.05,0.00013880242909891592,0.0,0.006065219881391762,0.07918233994906217,0.0
8860,1.0,0.05,0.00013880242909891592,0.0,0.006065219881391762,0.07918233994906217,0.0
8861,1.0,0.05,0.00013880242909891592,0.0,0.006065219881391762,0.07918233994906217,0.0
8862,1.0,0.05,0.00013880242909891592,0.0,0.006065219881391762,0.07918233994906217,0.0
8863,1.0,0.05,0.00013880242909891592,0.0,0.006065219881391762,0.029868754536555995,0.0
8864,1.0,0.05,0.00013880242909891592,0.0,0.006065219881391762,0.029868754536555995,0.0
8865,1.0,0.05,0.00013880242909891592,0.0,0.006065219881391762,0.06263321953500157,0.0
8866,1.0,0.05,0.00013880242909891592,0.0,0.006065219881391762,0.030951467544806925,0.0
8867,1.0,0.05,0.00013880242909891592,0.0,0.006065219881391762,0.056314524643045094,0.0
8868,1.0,0.05,0.00013880242909891592,0.0,0.005392695641526431,0.06354496695387968,0.0
8869,1.0,0.05,0.00013880242909891592,0.0,0.005392695641526431,0.0642410399222886,0.0
8870,1.0,0.05,0.00013880242909891592,0.0,0.005392695641526431,0.0642410399222886,0.0
8871,1.0,0.05,0.00013880242909891592,0.0,0.005392695641526431,0.03817163004120568,0.0
8872,1.0,0.05,0.00013880242909891592,0.0,0.005392695641526431,0.0913010939446261,0.0
8873,1.0,0.05,0.00013880242909891592,0.0,0.005392695641526431,0.07582482739742406,0.0
8874,1.0,0.05,0.00013880242909891592,0.0,0.005391641064929636,0.07582482739742406,0.0
8875,1.0,0.05,0.00014296767169312522,0.0,0.005391641064929636,0.02715450364667719,0.0
8876,1.0,0.05,0.00014296767169312522,0.0,0.005391641064929636,0.02715450364667719,0.0
8877,1.0,0.05,0.00014296767169312522,0.0,0.005391641064929636,0.07199163829605155,0.0
8878,1.0,0.05,0.0001418832337867372,0.0,0.005391641064929636,0.07199163829605155,0.0
8879,1.0,0.05,0.0001418832337867372,0.0,0.005391641064929636,0.07199163829605155,0.0
8880,1.0,0.05,0.00013076083317055997,0.0,0.006423236270479405,0.07199163829605155,0.0
8881,1.0,0.05,0.00013076083317055997,0.0,0.006423236270479405,0.07834701872477097,0.0
8882,1.0,0.05,0.00013076083317055997,0.0,0.006423236270479405,0.07834701872477097,0.0
8883,1.0,0.05,0.00013076083317055997,0.0,0.006423236270479405,0.050281783822064934,0.0
8884,1.0,0.05,0.00013076083317055997,0.0,0.006423236270479405,0.050281783822064934,0.0
8885,1.0,0.05,0.00013076083317055997,0.0,0.0076610922164661414,0.050281783822064934,0.0
8886,1.0,0.05,0.00013076083317055997,0.0,0.0076610922164661414,0.050281783822064934,0.0
8887,1.0,0.05,0.00013076083317055997,0.0,0.0076610922164661414,0.06113489505069853,0.0
8888,1.0,0.05,0.00013076083317055997,0.0,0.0076610922164661414,0.06884721725535806,0.0
8889,1.0,0.05,0.00011570141657063074,0.0,0.0076610922164661414,0.12351178046903974,0.0
8890,1.0,0.05,0.00011570141657063074,0.0,0.0077893168975553175,0.12351178046903974,0.0
8891,1.0,0.05,0.00011570141657063074,0.0,0.0077893168975553175,0.12351178046903974,0.0
8892,1.0,0.05,0.00011570141657063074,0.0,0.0077893168975553175,0.06052924479102967,0.0
8893,1.0,0.05,0.00011570141657063074,0.0,0.0077893168975553175,0.06052924479102967,0.0
8894,1.0,0.05,0.00011570141657063074,0.0,0.007337881284120085,0.08110422097195912,0.0
8895,1.0,0.05,0.00011570141657063074,0.0,0.007337881284120085,0.08110422097195912,0.0
8896,1.0,0.05,0.00011570141657063074,0.0,0.007337881284120085,0.08110422097195912,0.0
8897,1.0,0.05,0.00011570141657063074,0.0,0.007337881284120085,0.08763857471565625,0.0
8898,1.0,0.05,0.00011570141657063074,0.0,0.00954046567833921,0.12587376815136525,0.0
8899,1.0,0.05,0.00011570141657063074,0.0,0.00954046567833921,0.12587376815136525,0.0
8900,1.0,0.05,0.00011570141657063074,0.0,0.00954046567833921,0.12587376815136525,0.0
8901,1.0,0.05,0.00011570141657063074,0.0,0.00954046567833921,0.12587376815136525,0.0
8902,1.0,0.05,0.00011570141657063074,0.0,0.00954046567833921,0.12587376815136525,0.0
8903,1.0,0.05,0.00011570141657063074,0.0,0.00954046567833921,0.11413791693887185,0.0
8904,1.0,0.05,0.00011570141657063074,0.0,0.00954046567833921,0.11413791693887185,0.0
8905,1.0,0.05,0.00011570141657063074,0.0,0.008767772989597147,0.11413791693887185,0.0
8906,1.0,0.05,0.00011570141657063074,0.0,0.008372667369615719,0.11413791693887185,0.0
8907,1.0,0.05,0.00011570141657063074,0.0,0.008372667369615719,0.11413791693887185,0.0
8908,1.0,0.05,0.00011570141657063074,0.0,0.008372667369615719,0.11413791693887185,0.0
8909,1.0,0.05,0.00011570141657063074,0.0,0.008372667369615719,0.11413791693887185,0.0
8910,1.0,0.05,0.00011570141657063074,0.0,0.008372667369615719,0.09054082447837412,0.0
8911,1.0,0.05,0.00011570141657063074,0.0,0.008372667369615719,0.1816278736242425,0.0
8912,1.0,0.05,0.00011570141657063074,0.0,0.008372667369615719,0.1816278736242425,0.0
8913,1.0,0.05,0.00011570141657063074,0.0,0.008372667369615719,0.1816278736242425,0.0
8914,1.0,0.05,0.00011570141657063074,0.0,0.008826120687186334,0.04469231183068048,0.0
8915,1.0,0.05,0.00011570141657063074,0.0,0.008826120687186334,0.10260295902437032,0.0
8916,1.0,0.05,0.00011570141657063074,0.0,0.008826120687186334,0.102327866291428,0.0
8917,1.0,0.05,0.00011570141657063074,0.0,0.008826120687186334,0.102327866291428,0.0
8918,1.0,0.05,0.00011570141657063074,0.0,0.0063629087846291945,0.102327866291428,0.0
8919,1.0,0.05,0.00012689698575769722,0.0,0.008288029552604041,0.102327866291428,0.0
8920,1.0,0.05,0.00012689698575769722,0.0,0.008059985004351882,0.102327866291428,0.0
8921,1.0,0.05,0.00012689698575769722,0.0,0.008059985004351882,0.009053047710014618,0.0
8922,1.0,0.05,0.00012689698575769722,0.0,0.008059985004351882,0.009053047710014618,0.0
8923,1.0,0.05,0.00012689698575769722,0.0,0.008059985004351882,0.009053047710014618,0.0
8924,1.0,0.05,0.00012689698575769722,0.0,0.008059985004351882,0.0167076430516634,0.0
8925,1.0,0.05,0.00012689698575769722,0.0,0.008059985004351882,0.027616578012304126,0.0
8926,1.0,0.05,0.00012689698575769722,0.0,0.008059985004351882,0.027616578012304126,0.0
8927,1.0,0.05,0.00011951446959858652,0.0,0.007001381712472986,0.09557679723479934,0.0
8928,1.0,0.05,0.00011951446959858652,0.0,0.0073508677481286065,0.09557679723479934,0.0
8929,1.0,0.05,0.00011951446959858652,0.0,0.008723768344045807,0.12057893751171209,0.0
8930,1.0,0.05,0.00011951446959858652,0.0,0.009988222948264317,0.1456306308050881,0.0
8931,1.0,0.05,0.00012200874456962033,0.0,0.009334099892520362,0.1456306308050881,0.0
8932,1.0,0.05,0.00012200874456962033,0.0,0.009164769789187429,0.16273586279685986,0.0
8933,1.0,0.05,0.00012200874456962033,0.0,0.009164769789187429,0.16273586279685986,0.0
8934,1.0,0.05,0.00012200874456962033,0.0,0.009164769789187429,0.12501233612140447,0.0
8935,1.0,0.05,0.00012200874456962033,0.0,0.009164769789187429,0.12501233612140447,0.0
8936,1.0,0.05,0.00012200874456962033,0.0,0.009164769789187429,0.12501233612140447,0.0
8937,1.0,0.05,0.00012200874456962033,0.0,0.009164769789187429,0.05410617191175225,0.0
8938,1.0,0.05,0.00012200874456962033,0.0,0.007890122758862977,0.05410617191175225,0.0
8939,1.0,0.05,0.00012200874456962033,0.0,0.006595954089599221,0.07889729311679568,0.0
8940,1.0,0.05,0.00012200874456962033,0.0,0.0073276630372811815,0.07889729311679568,0.0
8941,1.0,0.05,0.00012090784108314997,0.0,0.0073276630372811815,0.04271930509973494,0.0
8942,1.0,0.05,0.00012090784108314997,0.0,0.0073276630372811815,0.05477306936706777,0.0
8943,1.0,0.05,0.00012090784108314997,0.0,0.0073276630372811815,0.04455038035613367,0.0
8944,1.0,0.05,0.00012090784108314997,0.0,0.0073276630372811815,0.025359414352601375,0.0
8945,1.0,0.05,0.00012090784108314997,0.0,0.0073276630372811815,0.025359414352601375,0.0
8946,1.0,0.05,0.00012090784108314997,0.0,0.0073276630372811815,0.023115301191546728,0.0
8947,1.0,0.05,0.00012090784108314997,0.0,0.0073276630372811815,0.02494177847756832,0.0
8948,1.0,0.05,0.00012090784108314997,0.0,0.008018933838452844,0.02494177847756832,0.0
8949,1.0,0.05,0.00012090784108314997,0.0,0.008018933838452844,0.02494177847756832,0.0
8950,1.0,0.05,0.00012090784108314997,0.0,0.007334973355237416,0.03626564941963162,0.0
8951,1.0,0.05,0.00012090784108314997,0.0,0.007334973355237416,0.033837120011706,0.0
8952,1.0,0.05,0.00012090784108314997,0.0,0.00628047465736616,0.11015066590564038,0.0
8953,1.0,0.05,0.00012090784108314997,0.0,0.008795047638057387,0.09584841634941724,0.0
8954,1.0,0.05,0.00012130237399990568,0.0,0.008795047638057387,0.09584841634941724,0.0
8955,1.0,0.05,0.00012130237399990568,0.0,0.007013259622631946,0.04497637236859121,0.0
8956,1.0,0.05,0.00012130237399990568,0.0,0.007013259622631946,0.011662543423386544,0.0
8957,1.0,0.05,0.00013791354738592162,0.0,0.007013259622631946,0.011662543423386544,0.0
8958,1.0,0.05,0.00013791354738592162,0.0,0.007013259622631946,0.127484186261855,0.0
8959,1.0,0.05,0.00013791354738592162,0.0,0.006040679035542432,0.127484186261855,0.0
8960,1.0,0.05,0.00013791354738592162,0.0,0.006040679035542432,0.038056646234787,0.0
8961,1.0,0.05,0.00013791354738592162,0.0,0.006040679035542432,0.038056646234787,0.0
8962,1.0,0.05,0.00013791354738592162,0.0,0.006040679035542432,0.015440690034467614,0.0
8963,1.0,0.05,0.00013791354738592162,0.0,0.006040679035542432,0.015440690034467614,0.0
8964,1.0,0.05,0.00013791354738592162,0.0,0.006040679035542432,0.022495494052933458,0.0
8965,1.0,0.05,0.00013791354738592162,0.0,0.006040679035542432,0.022495494052933458,0.0
8966,1.0,0.05,0.00013791354738592162,0.0,0.006040679035542432,0.018018510343908126,0.0
8967,1.0,0.05,0.00013791354738592162,0.0,0.006040679035542432,0.10543724282043568,0.0
8968,1.0,0.05,0.00013791354738592162,0.0,0.006040679035542432,0.0408325606021481,0.0
8969,1.0,0.05,0.00013791354738592162,0.0,0.006040679035542432,0.0521028564025272,0.0
8970,1.0,0.05,0.00013791354738592162,0.0,0.006040679035542432,0.037747042557186986,0.0
8971,1.0,0.05,0.00013791354738592162,0.0,0.006040679035542432,0.07707986409829877,0.0
8972,1.0,0.05,0.00013791354738592162,0.0,0.006040679035542432,0.0476010137964395,0.0
8973,1.0,0.05,0.00013791354738592162,0.0,0.006040679035542432,0.07041689400539264,0.0
8974,1.0,0.05,0.00013791354738592162,0.0,0.006040679035542432,0.061661372784583446,0.0
8975,1.0,0.05,0.00013791354738592162,0.0,0.006040679035542432,0.027078302511184947,0.0
8976,1.0,0.05,0.00013791354738592162,0.0,0.006040679035542432,0.027078302511184947,0.0
8977,1.0,0.05,0.00013925263966083542,0.0,0.006040679035542432,0.027078302511184947,0.0
8978,1.0,0.05,0.0001376581689799396,0.0,0.006040679035542432,0.027078302511184947,0.0
8979,1.0,0.05,0.0001376581689799396,0.0,0.005469204227701346,0.0436746467505975,0.0
8980,1.0,0.05,0.0001376581689799396,0.0,0.005469204227701346,0.0436746467505975,0.0
8981,1.0,0.05,0.0001376581689799396,0.0,0.005469204227701346,0.09514412845752566,0.0
8982,1.0,0.05,0.0001376581689799396,0.0,0.005469204227701346,0.11420012115580926,0.0
8983,1.0,0.05,0.00013287859106175334,0.0,0.005469204227701346,0.11420012115580926,0.0
8984,1.0,0.05,0.00013287859106175334,0.0,0.005469204227701346,0.07019719407953273,0.0
8985,1.0,0.05,0.00013287859106175334,0.0,0.005469204227701346,0.07019719407953273,0.0
8986,1.0,0.05,0.00013287859106175334,0.0,0.005469204227701346,0.04933739647069009,0.0
8987,1.0,0.05,0.00013287859106175334,0.0,0.005469204227701346,0.04933739647069009,0.0
8988,1.0,0.05,0.00013287859106175334,0.0,0.005469204227701346,0.04933739647069009,0.0
8989,1.0,0.05,0.00013287859106175334,0.0,0.005469204227701346,0.04933739647069009,0.0
8990,1.0,0.05,0.00013287859106175334,0.0,0.005469204227701346,0.06386329247420652,0.0
8991,1.0,0.05,0.00013287859106175334,0.0,0.006576518107005076,0.06386329247420652,0.0
8992,1.0,0.05,0.00013287859106175334,0.0,0.006576518107005076,0.06148645996394281,0.0
8993,1.0,0.05,0.00013287859106175334,0.0,0.0055274153981877275,0.06841960662360518,0.0
8994,1.0,0.05,0.00013287859106175334,0.0,0.007044694291055461,0.06841960662360518,0.0
8995,1.0,0.05,0.00013287859106175334,0.0,0.004996156384708345,0.06841960662360518,0.0
8996,1.0,0.05,0.00013287859106175334,0.0,0.004996156384708345,0.06841960662360518,0.0
8997,1.0,0.05,0.00013287859106175334,0.0,0.004996156384708345,0.06841960662360518,0.0
8998,1.0,0.05,0.00013287859106175334,0.0,0.007306470268264424,0.08217450711815638,0.0
8999,1.0,0.05,0.0001314804617743638,0.0,0.006072522247180408,0.035361118148836954,0.0
9000,1.0,0.05,0.0001314804617743638,0.0,0.006072522247180408,0.04975025719876485,0.0
9001,1.0,0.05,0.0001314804617743638,0.0,0.006606250917256262,0.10225122079968424,0.0
9002,1.0,0.05,0.0001314804617743638,0.0,0.006606250917256262,0.10225122079968424,0.0
9003,1.0,0.05,0.00013004535337860849,0.0,0.006606250917256262,0.10225122079968424,0.0
9004,1.0,0.05,0.00013004535337860849,0.0,0.006606250917256262,0.10225122079968424,0.0
9005,1.0,0.05,0.00013004535337860849,0.0,0.006606250917256262,0.08179738973409023,0.0
9006,1.0,0.05,0.00013004535337860849,0.0,0.006606250917256262,0.08179738973409023,0.0
9007,1.0,0.05,0.00013004535337860849,0.0,0.0069311180904080665,0.08179738973409023,0.0
9008,1.0,0.05,0.00013004535337860849,0.0,0.0069311180904080665,0.08179738973409023,0.0
9009,1.0,0.05,0.00013004535337860849,0.0,0.0069311180904080665,0.09411156220236845,0.0
9010,1.0,0.05,0.00013004535337860849,0.0,0.0069311180904080665,0.09411156220236845,0.0
9011,1.0,0.05,0.00013004535337860849,0.0,0.0069311180904080665,0.09411156220236845,0.0
9012,1.0,0.05,0.00013004535337860849,0.0,0.006470927052287169,0.09877221449025196,0.0
9013,1.0,0.05,0.00012604114126700585,0.0,0.006470927052287169,0.09877221449025196,0.0
9014,1.0,0.05,0.00012604114126700585,0.0,0.0064425486741573595,0.09871346095940627,0.0
9015,1.0,0.05,0.00012604114126700585,0.0,0.0064425486741573595,0.09871346095940627,0.0
9016,1.0,0.05,0.00012604114126700585,0.0,0.0064425486741573595,0.09871346095940627,0.0
9017,1.0,0.05,0.00012604114126700585,0.0,0.0064425486741573595,0.09871346095940627,0.0
9018,1.0,0.05,0.00012179789136962945,0.0,0.0064425486741573595,0.08997977241063536,0.0
9019,1.0,0.05,0.00012179789136962945,0.0,0.0064425486741573595,0.06792336851587105,0.0
9020,1.0,0.05,0.00013646040830441868,0.0,0.0064425486741573595,0.037800740682860795,0.0
9021,1.0,0.05,0.00013646040830441868,0.0,0.006400596300870601,0.03194562845724615,0.0
9022,1.0,0.05,0.00013646040830441868,0.0,0.006025852527159385,0.03224999917096029,0.0
9023,1.0,0.05,0.00013646040830441868,0.0,0.006025852527159385,0.0802724572379339,0.0
9024,1.0,0.05,0.00013646040830441868,0.0,0.006025852527159385,0.027888872392888578,0.0
9025,1.0,0.05,0.00013646040830441868,0.0,0.006025852527159385,0.027888872392888578,0.0
9026,1.0,0.05,0.00013646040830441868,0.0,0.006025852527159385,0.036352993958065696,0.0
9027,1.0,0.05,0.00013646040830441868,0.0,0.006025852527159385,0.058670942349664794,0.0
9028,1.0,0.05,0.0001399460133590949,0.0,0.0055170818964377245,0.058670942349664794,0.0
9029,1.0,0.05,0.0001399460133590949,0.0,0.0055170818964377245,0.07884353855979603,0.0
9030,1.0,0.05,0.00014138878836922079,0.0,0.0055170818964377245,0.07884353855979603,0.0
9031,1.0,0.05,0.00014138878836922079,0.0,0.0055170818964377245,0.07884353855979603,0.0
9032,1.0,0.05,0.00014138878836922079,0.0,0.0055170818964377245,0.07884353855979603,0.0
9033,1.0,0.05,0.0001397602878960907,0.0,0.0055170818964377245,0.07884353855979603,0.0
9034,1.0,0.05,0.0001397602878960907,0.0,0.0055170818964377245,0.10066931758982037,0.0
9035,1.0,0.05,0.0001397602878960907,0.0,0.0055170818964377245,0.06161607449149017,0.0
9036,1.0,0.05,0.0001397602878960907,0.0,0.0055170818964377245,0.07193364363514002,0.0
9037,1.0,0.05,0.0001397602878960907,0.0,0.0055170818964377245,0.07193364363514002,0.0
9038,1.0,0.05,0.0001397602878960907,0.0,0.0055170818964377245,0.07193364363514002,0.0
9039,1.0,0.05,0.00012334817066519778,0.0,0.0055170818964377245,0.08989997688147047,0.0
9040,1.0,0.05,0.00012334817066519778,0.0,0.007170061689228175,0.08989997688147047,0.0
9041,1.0,0.05,0.00012334817066519778,0.0,0.007170061689228175,0.08989997688147047,0.0
9042,1.0,0.05,0.00012461214234406535,0.0,0.007170061689228175,0.08989997688147047,0.0
9043,1.0,0.05,0.00012461214234406535,0.0,0.00810977817786311,0.08989997688147047,0.0
9044,1.0,0.05,0.00012461214234406535,0.0,0.00810977817786311,0.08989997688147047,0.0
9045,1.0,0.05,0.00014326921423623215,0.0,0.006195784838952098,0.08989997688147047,0.0
9046,1.0,0.05,0.00014326921423623215,0.0,0.006195784838952098,0.08989997688147047,0.0
9047,1.0,0.05,0.00014326921423623215,0.0,0.006195784838952098,0.04171015799626327,0.0
9048,1.0,0.05,0.00014326921423623215,0.0,0.006195784838952098,0.03606793422579404,0.0
9049,1.0,0.05,0.00014326921423623215,0.0,0.006195784838952098,0.08202498768224917,0.0
9050,1.0,0.05,0.00014326921423623215,0.0,0.006195784838952098,0.022224863755229123,0.0
9051,1.0,0.05,0.00014326921423623215,0.0,0.006195784838952098,0.026208206855928114,0.0
9052,1.0,0.05,0.00014326921423623215,0.0,0.006195784838952098,0.026208206855928114,0.0
9053,1.0,0.05,0.00014326921423623215,0.0,0.006195784838952098,0.026208206855928114,0.0
9054,1.0,0.05,0.00014326921423623215,0.0,0.006195784838952098,0.026208206855928114,0.0
9055,1.0,0.05,0.00014326921423623215,0.0,0.006195784838952098,0.028609715666154487,0.0
9056,1.0,0.05,0.0001435248333863533,0.0,0.0061412286659296746,0.028609715666154487,0.0
9057,1.0,0.05,0.00012903978777312907,0.0,0.0061412286659296746,0.028609715666154487,0.0
9058,1.0,0.05,0.00012903978777312907,0.0,0.0061412286659296746,0.028609715666154487,0.0
9059,1.0,0.05,0.0001374928754996127,0.0,0.0061412286659296746,0.05675473491028652,0.0
9060,1.0,0.05,0.0001374928754996127,0.0,0.0061412286659296746,0.05675473491028652,0.0
9061,1.0,0.05,0.0001374928754996127,0.0,0.0061412286659296746,0.05049943489069532,0.0
9062,1.0,0.05,0.00013688396356836417,0.0,0.0061412286659296746,0.05049943489069532,0.0
9063,1.0,0.05,0.00013688396356836417,0.0,0.0061412286659296746,0.05049943489069532,0.0
9064,1.0,0.05,0.0001383875711750563,0.0,0.0061412286659296746,0.08112415902163049,0.0
9065,1.0,0.05,0.0001383875711750563,0.0,0.0061412286659296746,0.08196575548954331,0.0
9066,1.0,0.05,0.0001383875711750563,0.0,0.0061412286659296746,0.10036547833563575,0.0
9067,1.0,0.05,0.0001383875711750563,0.0,0.0061412286659296746,0.10036547833563575,0.0
9068,1.0,0.05,0.0001323075522594782,0.0,0.0061412286659296746,0.10036547833563575,0.0
9069,1.0,0.05,0.0001323075522594782,0.0,0.0061412286659296746,0.10036547833563575,0.0
9070,1.0,0.05,0.0001418420927984753,0.0,0.0061412286659296746,0.10036547833563575,0.0
9071,1.0,0.05,0.0001418420927984753,0.0,0.0061412286659296746,0.09497606945670962,0.0
9072,1.0,0.05,0.00013741916617328326,0.0,0.0061412286659296746,0.09497606945670962,0.0
9073,1.0,0.05,0.00013741916617328326,0.0,0.0061412286659296746,0.03295452381009188,0.0
9074,1.0,0.05,0.00013741916617328326,0.0,0.0061412286659296746,0.046203953505565686,0.0
9075,1.0,0.05,0.00013741916617328326,0.0,0.0061412286659296746,0.046203953505565686,0.0
9076,1.0,0.05,0.0001407307625274942,0.0,0.0061412286659296746,0.04196329111816863,0.0
9077,1.0,0.05,0.00013260097782015948,0.0,0.0061412286659296746,0.03702537663382247,0.0
9078,1.0,0.05,0.00013260097782015948,0.0,0.0061412286659296746,0.03702537663382247,0.0
9079,1.0,0.05,0.00013260097782015948,0.0,0.0061412286659296746,0.03702537663382247,0.0
9080,1.0,0.05,0.00013260097782015948,0.0,0.0061412286659296746,0.07415187987221772,0.0
9081,1.0,0.05,0.00013260097782015948,0.0,0.0061412286659296746,0.07415187987221772,0.0
9082,1.0,0.05,0.00013260097782015948,0.0,0.0061412286659296746,0.07415187987221772,0.0
9083,1.0,0.05,0.00013260097782015948,0.0,0.0061412286659296746,0.07415187987221772,0.0
9084,1.0,0.05,0.00013260097782015948,0.0,0.0061412286659296746,0.07415187987221772,0.0
9085,1.0,0.05,0.00013260097782015948,0.0,0.0061412286659296746,0.07415187987221772,0.0
9086,1.0,0.05,0.00013260097782015948,0.0,0.006094883709312986,0.07415187987221772,0.0
9087,1.0,0.05,0.00013260097782015948,0.0,0.006094883709312986,0.07415187987221772,0.0
9088,1.0,0.05,0.00013260097782015948,0.0,0.006094883709312986,0.07415187987221772,0.0
9089,1.0,0.05,0.00013260097782015948,0.0,0.006094883709312986,0.07415187987221772,0.0
9090,1.0,0.05,0.0001412318631824274,0.0,0.006094883709312986,0.07415187987221772,0.0
9091,1.0,0.05,0.0001412318631824274,0.0,0.005623431382933399,0.07415187987221772,0.0
9092,1.0,0.05,0.0001412318631824274,0.0,0.005623431382933399,0.07415187987221772,0.0
9093,1.0,0.05,0.0001412318631824274,0.0,0.005623431382933399,0.09263011202048144,0.0
9094,1.0,0.05,0.0001412318631824274,0.0,0.005623431382933399,0.09263011202048144,0.0
9095,1.0,0.05,0.0001412318631824274,0.0,0.005623431382933399,0.09263011202048144,0.0
9096,1.0,0.05,0.0001412318631824274,0.0,0.005623431382933399,0.012746002959774178,0.0
9097,1.0,0.05,0.0001412318631824274,0.0,0.005623431382933399,0.012746002959774178,0.0
9098,1.0,0.05,0.0001412318631824274,0.0,0.005623431382933399,0.01661270021369244,0.0
9099,1.0,0.05,0.0001412318631824274,0.0,0.005623431382933399,0.01661270021369244,0.0
9100,1.0,0.05,0.0001412318631824274,0.0,0.005623431382933399,0.13137330918263485,0.0
9101,1.0,0.05,0.0001412318631824274,0.0,0.005623431382933399,0.13137330918263485,0.0
9102,1.0,0.05,0.0001412318631824274,0.0,0.005623431382933399,0.14057013641654842,0.0
9103,1.0,0.05,0.0001412318631824274,0.0,0.005623431382933399,0.14057013641654842,0.0
9104,1.0,0.05,0.0001412318631824274,0.0,0.005623431382933399,0.14057013641654842,0.0
9105,1.0,0.05,0.0001412318631824274,0.0,0.005623431382933399,0.10765064884240641,0.0
9106,1.0,0.05,0.0001412318631824274,0.0,0.005623431382933399,0.05663712020457714,0.0
9107,1.0,0.05,0.0001412318631824274,0.0,0.005623431382933399,0.044577116752451254,0.0
9108,1.0,0.05,0.0001327161399107985,0.0,0.005623431382933399,0.044577116752451254,0.0
9109,1.0,0.05,0.0001327161399107985,0.0,0.0064206758264671706,0.044577116752451254,0.0
9110,1.0,0.05,0.0001327161399107985,0.0,0.0064206758264671706,0.044577116752451254,0.0
9111,1.0,0.05,0.0001327161399107985,0.0,0.0064206758264671706,0.044577116752451254,0.0
9112,1.0,0.05,0.0001327161399107985,0.0,0.0064206758264671706,0.044577116752451254,0.0
9113,1.0,0.05,0.0001327161399107985,0.0,0.0064206758264671706,0.04072579889405105,0.0
9114,1.0,0.05,0.0001327161399107985,0.0,0.0064206758264671706,0.12801069379019192,0.0
9115,1.0,0.05,0.00012805006061554483,0.0,0.0064206758264671706,0.10206084177174961,0.0
9116,1.0,0.05,0.00012805006061554483,0.0,0.006159289845152646,0.10206084177174961,0.0
9117,1.0,0.05,0.00012805006061554483,0.0,0.006159289845152646,0.10206084177174961,0.0
9118,1.0,0.05,0.00012805006061554483,0.0,0.006159289845152646,0.10206084177174961,0.0
9119,1.0,0.05,0.00012805006061554483,0.0,0.006159289845152646,0.052179122035223395,0.0
9120,1.0,0.05,0.00012805006061554483,0.0,0.006159289845152646,0.052179122035223395,0.0
9121,1.0,0.05,0.00012805006061554483,0.0,0.006159289845152646,0.09264159248317999,0.0
9122,1.0,0.05,0.00012805006061554483,0.0,0.006159289845152646,0.09264159248317999,0.0
9123,1.0,0.05,0.00012805006061554483,0.0,0.005113985073006628,0.07494015290954033,0.0
9124,1.0,0.05,0.00012805006061554483,0.0,0.007063988938835727,0.09105940479570752,0.0
9125,1.0,0.05,0.00012805006061554483,0.0,0.007063988938835727,0.09105940479570752,0.0
9126,1.0,0.05,0.00012805006061554483,0.0,0.007063988938835727,0.09105940479570752,0.0
9127,1.0,0.05,0.00012805006061554483,0.0,0.007063988938835727,0.08931051185151154,0.0
9128,1.0,0.05,0.00012805006061554483,0.0,0.007063988938835727,0.04517428356515574,0.0
9129,1.0,0.05,0.00012805006061554483,0.0,0.006098299799702868,0.04517428356515574,0.0
9130,1.0,0.05,0.00012805006061554483,0.0,0.006098299799702868,0.04517428356515574,0.0
9131,1.0,0.05,0.00012805006061554483,0.0,0.006098299799702868,0.04517428356515574,0.0
9132,1.0,0.05,0.00012805006061554483,0.0,0.006098299799702868,0.0624923650238267,0.0
9133,1.0,0.05,0.00012805006061554483,0.0,0.006098299799702868,0.0624923650238267,0.0
9134,1.0,0.05,0.00012805006061554483,0.0,0.006098299799702868,0.034366034824586215,0.0
9135,1.0,0.05,0.00012805006061554483,0.0,0.006098299799702868,0.034366034824586215,0.0
9136,1.0,0.05,0.00012805006061554483,0.0,0.006465043449882435,0.019676765634159918,0.0
9137,1.0,0.05,0.00012805006061554483,0.0,0.006465043449882435,0.043479074284050845,0.0
9138,1.0,0.05,0.00012805006061554483,0.0,0.006078511757808937,0.1292373573453966,0.0
9139,1.0,0.05,0.00012805006061554483,0.0,0.006078511757808937,0.1292373573453966,0.0
9140,1.0,0.05,0.00012805006061554483,0.0,0.006078511757808937,0.1292373573453966,0.0
9141,1.0,0.05,0.00012805006061554483,0.0,0.006078511757808937,0.1292373573453966,0.0
9142,1.0,0.05,0.00012805006061554483,0.0,0.006078511757808937,0.08647996002221105,0.0
9143,1.0,0.05,0.00012805006061554483,0.0,0.006078511757808937,0.05057352793661749,0.0
9144,1.0,0.05,0.00012805006061554483,0.0,0.006078511757808937,0.05057352793661749,0.0
9145,1.0,0.05,0.00012805006061554483,0.0,0.006078511757808937,0.07962755980697746,0.0
9146,1.0,0.05,0.00012805006061554483,0.0,0.006078511757808937,0.07962755980697746,0.0
9147,1.0,0.05,0.00012805006061554483,0.0,0.006078511757808937,0.07962755980697746,0.0
9148,1.0,0.05,0.00012805006061554483,0.0,0.006078511757808937,0.07962755980697746,0.0
9149,1.0,0.05,0.00012805006061554483,0.0,0.006662095405316084,0.07962755980697746,0.0
9150,1.0,0.05,0.00012805006061554483,0.0,0.006662095405316084,0.08921861453127167,0.0
9151,1.0,0.05,0.00012805006061554483,0.0,0.006662095405316084,0.08921861453127167,0.0
9152,1.0,0.05,0.00012805006061554483,0.0,0.006662095405316084,0.08921861453127167,0.0
9153,1.0,0.05,0.00012805006061554483,0.0,0.006662095405316084,0.08921861453127167,0.0
9154,1.0,0.05,0.00012805006061554483,0.0,0.006662095405316084,0.08921861453127167,0.0
9155,1.0,0.05,0.00012805006061554483,0.0,0.006662095405316084,0.05916067005182309,0.0
9156,1.0,0.05,0.00012805006061554483,0.0,0.006662095405316084,0.05916067005182309,0.0
9157,1.0,0.05,0.00012805006061554483,0.0,0.005868971913467314,0.05916067005182309,0.0
9158,1.0,0.05,0.00012805006061554483,0.0,0.005868971913467314,0.046331054324369465,0.0
9159,1.0,0.05,0.0001307531517671097,0.0,0.005868971913467314,0.07584673678361536,0.0
9160,1.0,0.05,0.0001307531517671097,0.0,0.005868971913467314,0.07584673678361536,0.0
9161,1.0,0.05,0.0001307531517671097,0.0,0.005868971913467314,0.05216656481857983,0.0
9162,1.0,0.05,0.0001307531517671097,0.0,0.005868971913467314,0.05216656481857983,0.0
9163,1.0,0.05,0.0001307531517671097,0.0,0.005868971913467314,0.05216656481857983,0.0
9164,1.0,0.05,0.0001334923280225079,0.0,0.005868971913467314,0.05216656481857983,0.0
9165,1.0,0.05,0.0001334923280225079,0.0,0.005868971913467314,0.05216656481857983,0.0
9166,1.0,0.05,0.0001334923280225079,0.0,0.005868971913467314,0.07667827582995364,0.0
9167,1.0,0.05,0.0001334923280225079,0.0,0.005868971913467314,0.07667827582995364,0.0
9168,1.0,0.05,0.0001334923280225079,0.0,0.005983772820188409,0.049933625693776754,0.0
9169,1.0,0.05,0.0001334923280225079,0.0,0.006275744422438736,0.1227490557543719,0.0
9170,1.0,0.05,0.0001334923280225079,0.0,0.006275744422438736,0.12562864085073572,0.0
9171,1.0,0.05,0.0001334923280225079,0.0,0.006275744422438736,0.12562864085073572,0.0
9172,1.0,0.05,0.0001334923280225079,0.0,0.006275744422438736,0.12562864085073572,0.0
9173,1.0,0.05,0.0001334923280225079,0.0,0.006275744422438736,0.08763628788839983,0.0
9174,1.0,0.05,0.0001334923280225079,0.0,0.006275744422438736,0.08763628788839983,0.0
9175,1.0,0.05,0.0001334923280225079,0.0,0.006275744422438736,0.07137865976387855,0.0
9176,1.0,0.05,0.0001334923280225079,0.0,0.006275744422438736,0.06766923663596563,0.0
9177,1.0,0.05,0.0001334923280225079,0.0,0.006275744422438736,0.02607958473325534,0.0
9178,1.0,0.05,0.0001334923280225079,0.0,0.006275744422438736,0.025797057165626552,0.0
9179,1.0,0.05,0.0001334923280225079,0.0,0.006275744422438736,0.025797057165626552,0.0
9180,1.0,0.05,0.0001334923280225079,0.0,0.006275744422438736,0.025797057165626552,0.0
9181,1.0,0.05,0.00012825793279265733,0.0,0.006275744422438736,0.025797057165626552,0.0
9182,1.0,0.05,0.00012825793279265733,0.0,0.006275744422438736,0.013981698086970366,0.0
9183,1.0,0.05,0.00012825793279265733,0.0,0.006275744422438736,0.013981698086970366,0.0
9184,1.0,0.05,0.00012825793279265733,0.0,0.006275744422438736,0.03942115369187183,0.0
9185,1.0,0.05,0.00012825793279265733,0.0,0.006275744422438736,0.14008480924806968,0.0
9186,1.0,0.05,0.00012825793279265733,0.0,0.007045432768251817,0.14008480924806968,0.0
9187,1.0,0.05,0.00012825793279265733,0.0,0.006328984386700742,0.14008480924806968,0.0
9188,1.0,0.05,0.00012825793279265733,0.0,0.006328984386700742,0.1265698165232866,0.0
9189,1.0,0.05,0.00012825793279265733,0.0,0.006183518688015718,0.09079364446197198,0.0
9190,1.0,0.05,0.00012825793279265733,0.0,0.006183518688015718,0.09079364446197198,0.0
9191,1.0,0.05,0.00013741201932411314,0.0,0.006183518688015718,0.09079364446197198,0.0
9192,1.0,0.05,0.00013510584874219976,0.0,0.006183518688015718,0.08734509173593882,0.0
9193,1.0,0.05,0.00013510584874219976,0.0,0.006183518688015718,0.04463386626267585,0.0
9194,1.0,0.05,0.00013510584874219976,0.0,0.006183518688015718,0.01200705503412934,0.0
9195,1.0,0.05,0.0001322927633134614,0.0,0.006183518688015718,0.026834291977020315,0.0
9196,1.0,0.05,0.0001322927633134614,0.0,0.006183518688015718,0.02568704284243203,0.0
9197,1.0,0.05,0.0001322927633134614,0.0,0.006183518688015718,0.02568704284243203,0.0
9198,1.0,0.05,0.0001322927633134614,0.0,0.005666856049495394,0.02568704284243203,0.0
9199,1.0,0.05,0.0001322927633134614,0.0,0.005666856049495394,0.030958043941698918,0.0
9200,1.0,0.05,0.0001322927633134614,0.0,0.005666856049495394,0.030958043941698918,0.0
9201,1.0,0.05,0.0001322927633134614,0.0,0.005370447720677582,0.025632286688784978,0.0
9202,1.0,0.05,0.0001322927633134614,0.0,0.005370447720677582,0.02721389539649708,0.0
9203,1.0,0.05,0.0001322927633134614,0.0,0.005370447720677582,0.02841144814297142,0.0
9204,1.0,0.05,0.0001322927633134614,0.0,0.005370447720677582,0.032508337915175815,0.0
9205,1.0,0.05,0.0001322927633134614,0.0,0.0061935016055847,0.014490891704896753,0.0
9206,1.0,0.05,0.0001322927633134614,0.0,0.0061935016055847,0.0625939255078596,0.0
9207,1.0,0.05,0.0001322927633134614,0.0,0.0061935016055847,0.0625939255078596,0.0
9208,1.0,0.05,0.0001322927633134614,0.0,0.0061935016055847,0.06735212253388363,0.0
9209,1.0,0.05,0.0001322927633134614,0.0,0.0061935016055847,0.06735212253388363,0.0
9210,1.0,0.05,0.0001322927633134614,0.0,0.0061935016055847,0.06735212253388363,0.0
9211,1.0,0.05,0.0001322927633134614,0.0,0.006802675542070342,0.09727828392504934,0.0
9212,1.0,0.05,0.0001322927633134614,0.0,0.00556152823062417,0.1047384328110096,0.0
9213,1.0,0.05,0.0001322927633134614,0.0,0.00559977338651441,0.07912671884069183,0.0
9214,1.0,0.05,0.0001322927633134614,0.0,0.00559977338651441,0.07912671884069183,0.0
9215,1.0,0.05,0.0001322927633134614,0.0,0.005695401982455765,0.037436701329822596,0.0
9216,1.0,0.05,0.0001322927633134614,0.0,0.005695401982455765,0.05561764521702399,0.0
9217,1.0,0.05,0.0001322927633134614,0.0,0.005695401982455765,0.0462695190946777,0.0
9218,1.0,0.05,0.0001322927633134614,0.0,0.005695401982455765,0.09856607559634759,0.0
9219,1.0,0.05,0.0001322927633134614,0.0,0.005695401982455765,0.09856607559634759,0.0
9220,1.0,0.05,0.0001322927633134614,0.0,0.005695401982455765,0.05470086708902318,0.0
9221,1.0,0.05,0.0001322927633134614,0.0,0.005695401982455765,0.05470086708902318,0.0
9222,1.0,0.05,0.0001322927633134614,0.0,0.005695401982455765,0.04841066630819484,0.0
9223,1.0,0.05,0.00013339644307088058,0.0,0.005695401982455765,0.11918850995442185,0.0
9224,1.0,0.05,0.00013339644307088058,0.0,0.007936843168186112,0.09872308173315184,0.0
9225,1.0,0.05,0.00013339644307088058,0.0,0.005930998656680987,0.1070383715786773,0.0
9226,1.0,0.05,0.00013339644307088058,0.0,0.005930998656680987,0.04522767967448701,0.0
9227,1.0,0.05,0.00013339644307088058,0.0,0.005930998656680987,0.03626835445211715,0.0
9228,1.0,0.05,0.00013339644307088058,0.0,0.005930998656680987,0.03626835445211715,0.0
9229,1.0,0.05,0.00013339644307088058,0.0,0.005930998656680987,0.03626835445211715,0.0
9230,1.0,0.05,0.00013339644307088058,0.0,0.005930998656680987,0.07433495317135123,0.0
9231,1.0,0.05,0.00013339644307088058,0.0,0.005930998656680987,0.07433495317135123,0.0
9232,1.0,0.05,0.00013339644307088058,0.0,0.005930998656680987,0.07433495317135123,0.0
9233,1.0,0.05,0.00013360103010333805,0.0,0.005930998656680987,0.07461751890217082,0.0
9234,1.0,0.05,0.0001358601415616687,0.0,0.006165463990583749,0.07461751890217082,0.0
9235,1.0,0.05,0.0001322449995762866,0.0,0.006165463990583749,0.0543379675073529,0.0
9236,1.0,0.05,0.0001322449995762866,0.0,0.005707498567918429,0.0543379675073529,0.0
9237,1.0,0.05,0.00013011468787289398,0.0,0.005707498567918429,0.04578802324406134,0.0
9238,1.0,0.05,0.00013011468787289398,0.0,0.005707498567918429,0.04578802324406134,0.0
9239,1.0,0.05,0.00012317251426523354,0.0,0.005707498567918429,0.04578802324406134,0.0
9240,1.0,0.05,0.00012317251426523354,0.0,0.005707498567918429,0.04578802324406134,0.0
9241,1.0,0.05,0.00012317251426523354,0.0,0.005707498567918429,0.05766972254795586,0.0
9242,1.0,0.05,0.00012317251426523354,0.0,0.00797773248370867,0.05766972254795586,0.0
9243,1.0,0.05,0.00012317251426523354,0.0,0.007910605196422995,0.12303302292728771,0.0
9244,1.0,0.05,0.00012317251426523354,0.0,0.006998529861964278,0.11602661025911709,0.0
9245,1.0,0.05,0.00013141568768803942,0.0,0.006998529861964278,0.12679987630852935,0.0
9246,1.0,0.05,0.00013141568768803942,0.0,0.006922149705192245,0.12679987630852935,0.0
9247,1.0,0.05,0.00012709495816591002,0.0,0.006922149705192245,0.11375863325536022,0.0
9248,1.0,0.05,0.00012709495816591002,0.0,0.005640538825250232,0.05330484576881265,0.0
9249,1.0,0.05,0.00012709495816591002,0.0,0.005640538825250232,0.023119584137992515,0.0
9250,1.0,0.05,0.00012709495816591002,0.0,0.005640538825250232,0.03037628697708584,0.0
9251,1.0,0.05,0.00012709495816591002,0.0,0.005640538825250232,0.1581542435049642,0.0
9252,1.0,0.05,0.00012709495816591002,0.0,0.005640538825250232,0.11474176561026823,0.0
9253,1.0,0.05,0.00012709495816591002,0.0,0.005640538825250232,0.11474176561026823,0.0
9254,1.0,0.05,0.00012709495816591002,0.0,0.005640538825250232,0.04504704719964121,0.0
9255,1.0,0.05,0.00012709495816591002,0.0,0.005640538825250232,0.04504704719964121,0.0
9256,1.0,0.05,0.00012709495816591002,0.0,0.005640538825250232,0.04504704719964121,0.0
9257,1.0,0.05,0.00013933201061734453,0.0,0.005640538825250232,0.04504704719964121,0.0
9258,1.0,0.05,0.00013933201061734453,0.0,0.006067840584812828,0.04504704719964121,0.0
9259,1.0,0.05,0.00013933201061734453,0.0,0.006067840584812828,0.03769151430290498,0.0
9260,1.0,0.05,0.00013933201061734453,0.0,0.006067840584812828,0.1017924522711474,0.0
9261,1.0,0.05,0.00013933201061734453,0.0,0.006067840584812828,0.1017924522711474,0.0
9262,1.0,0.05,0.00013480052895442133,0.0,0.006554709634435927,0.1017924522711474,0.0
9263,1.0,0.05,0.00013480052895442133,0.0,0.00566171607172515,0.1017924522711474,0.0
9264,1.0,0.05,0.00013480052895442133,0.0,0.005919102192404508,0.0664851190630781,0.0
9265,1.0,0.05,0.00013480052895442133,0.0,0.005919102192404508,0.0664851190630781,0.0
9266,1.0,0.05,0.00013480052895442133,0.0,0.005919102192404508,0.0664851190630781,0.0
9267,1.0,0.05,0.00013480052895442133,0.0,0.005919102192404508,0.0664851190630781,0.0
9268,1.0,0.05,0.00013480052895442133,0.0,0.005919102192404508,0.04776965452518943,0.0
9269,1.0,0.05,0.00013480052895442133,0.0,0.005919102192404508,0.049506837729487704,0.0
9270,1.0,0.05,0.00013480052895442133,0.0,0.005919102192404508,0.049506837729487704,0.0
9271,1.0,0.05,0.00013480052895442133,0.0,0.005919102192404508,0.05748129397635725,0.0
9272,1.0,0.05,0.00013480052895442133,0.0,0.005919102192404508,0.05748129397635725,0.0
9273,1.0,0.05,0.00013816233283172615,0.0,0.005919102192404508,0.05748129397635725,0.0
9274,1.0,0.05,0.00013816233283172615,0.0,0.005919102192404508,0.05748129397635725,0.0
9275,1.0,0.05,0.00013816233283172615,0.0,0.005919102192404508,0.04595949824823365,0.0
9276,1.0,0.05,0.00013816233283172615,0.0,0.005919102192404508,0.04595949824823365,0.0
9277,1.0,0.05,0.00013816233283172615,0.0,0.005919102192404508,0.05479451529572024,0.0
9278,1.0,0.05,0.00013816233283172615,0.0,0.005919102192404508,0.05479451529572024,0.0
9279,1.0,0.05,0.00013816233283172615,0.0,0.005953261699294016,0.05479451529572024,0.0
9280,1.0,0.05,0.00013578917838912545,0.0,0.005850427437506006,0.03457642260993021,0.0
9281,1.0,0.05,0.00013578917838912545,0.0,0.005850427437506006,0.02684066481924085,0.0
9282,1.0,0.05,0.00013578917838912545,0.0,0.005850427437506006,0.02684066481924085,0.0
9283,1.0,0.05,0.00013578917838912545,0.0,0.005850427437506006,0.03139528865286708,0.0
9284,1.0,0.05,0.00013904014064547833,0.0,0.005850427437506006,0.0821116527135472,0.0
9285,1.0,0.05,0.00013904014064547833,0.0,0.005850427437506006,0.0821116527135472,0.0
9286,1.0,0.05,0.00013904014064547833,0.0,0.005850427437506006,0.0821116527135472,0.0
9287,1.0,0.05,0.00013904014064547833,0.0,0.005850427437506006,0.0821116527135472,0.0
9288,1.0,0.05,0.00013039650500675963,0.0,0.005850427437506006,0.03782218459990424,0.0
9289,1.0,0.05,0.00013039650500675963,0.0,0.005850427437506006,0.08975620261725267,0.0
9290,1.0,0.05,0.00013321854437780496,0.0,0.005850427437506006,0.08975620261725267,0.0
9291,1.0,0.05,0.00013525380060124424,0.0,0.005850427437506006,0.04208356577279161,0.0
9292,1.0,0.05,0.00013525380060124424,0.0,0.005850427437506006,0.0481752328178893,0.0
9293,1.0,0.05,0.00013525380060124424,0.0,0.005850427437506006,0.0481752328178893,0.0
9294,1.0,0.05,0.00013525380060124424,0.0,0.005850427437506006,0.07944464897540417,0.0
9295,1.0,0.05,0.00013525380060124424,0.0,0.005850427437506006,0.07944464897540417,0.0
9296,1.0,0.05,0.00013525380060124424,0.0,0.005850427437506006,0.07944464897540417,0.0
9297,1.0,0.05,0.00013525380060124424,0.0,0.005850427437506006,0.07944464897540417,0.0
9298,1.0,0.05,0.00013525380060124424,0.0,0.005850427437506006,0.07944464897540417,0.0
9299,1.0,0.05,0.00013525380060124424,0.0,0.005850427437506006,0.07944464897540417,0.0
9300,1.0,0.05,0.00013525380060124424,0.0,0.005850427437506006,0.07944464897540417,0.0
9301,1.0,0.05,0.00013204919611797445,0.0,0.005850427437506006,0.07606293418819214,0.0
9302,1.0,0.05,0.00013204919611797445,0.0,0.005850427437506006,0.07606293418819214,0.0
9303,1.0,0.05,0.00013204919611797445,0.0,0.005850427437506006,0.07606293418819214,0.0
9304,1.0,0.05,0.00013204919611797445,0.0,0.005850427437506006,0.07606293418819214,0.0
9305,1.0,0.05,0.00013204919611797445,0.0,0.005850427437506006,0.03141171701304883,0.0
9306,1.0,0.05,0.00013204919611797445,0.0,0.005850427437506006,0.07116974679031493,0.0
9307,1.0,0.05,0.00013204919611797445,0.0,0.005850427437506006,0.12214999796134443,0.0
9308,1.0,0.05,0.00013488822804183623,0.0,0.005850427437506006,0.047818129145330214,0.0
9309,1.0,0.05,0.00013488822804183623,0.0,0.005850427437506006,0.047818129145330214,0.0
9310,1.0,0.05,0.00013488822804183623,0.0,0.005850427437506006,0.047818129145330214,0.0
9311,1.0,0.05,0.00013488822804183623,0.0,0.005850427437506006,0.047818129145330214,0.0
9312,1.0,0.05,0.00013488822804183623,0.0,0.005850427437506006,0.047818129145330214,0.0
9313,1.0,0.05,0.00013488822804183623,0.0,0.005850427437506006,0.047818129145330214,0.0
9314,1.0,0.05,0.00013488822804183623,0.0,0.005850427437506006,0.042310468553421784,0.0
9315,1.0,0.05,0.00013488822804183623,0.0,0.005850427437506006,0.015387282418806405,0.0
9316,1.0,0.05,0.00013488822804183623,0.0,0.00584961412095918,0.03335696216768286,0.0
9317,1.0,0.05,0.00013488822804183623,0.0,0.00584961412095918,0.03335696216768286,0.0
9318,1.0,0.05,0.00013488822804183623,0.0,0.00584961412095918,0.03335696216768286,0.0
9319,1.0,0.05,0.00013488822804183623,0.0,0.00584961412095918,0.05413109342081889,0.0
9320,1.0,0.05,0.00013488822804183623,0.0,0.00584961412095918,0.05413109342081889,0.0
9321,1.0,0.05,0.00013488822804183623,0.0,0.00584961412095918,0.024182669441616497,0.0
9322,1.0,0.05,0.00013488822804183623,0.0,0.00584961412095918,0.040288368897228,0.0
9323,1.0,0.05,0.00013574439058418937,0.0,0.00584961412095918,0.040288368897228,0.0
9324,1.0,0.05,0.00013574439058418937,0.0,0.00584961412095918,0.040288368897228,0.0
9325,1.0,0.05,0.00013574439058418937,0.0,0.00584961412095918,0.036218992251731245,0.0
9326,1.0,0.05,0.00013574439058418937,0.0,0.00584961412095918,0.036218992251731245,0.0
9327,1.0,0.05,0.00013574439058418937,0.0,0.00584961412095918,0.036218992251731245,0.0
9328,1.0,0.05,0.00013574439058418937,0.0,0.007704027687650229,0.06520746187863241,0.0
9329,1.0,0.05,0.00013574439058418937,0.0,0.007704027687650229,0.06520746187863241,0.0
9330,1.0,0.05,0.00013574439058418937,0.0,0.007704027687650229,0.06520746187863241,0.0
9331,1.0,0.05,0.00013574439058418937,0.0,0.007704027687650229,0.06520746187863241,0.0
9332,1.0,0.05,0.00013574439058418937,0.0,0.007704027687650229,0.06520746187863241,0.0
9333,1.0,0.05,0.00013574439058418937,0.0,0.007704027687650229,0.06520746187863241,0.0
9334,1.0,0.05,0.00013574439058418937,0.0,0.007704027687650229,0.06520746187863241,0.0
9335,1.0,0.05,0.00013574439058418937,0.0,0.00585900503890161,0.06520746187863241,0.0
9336,1.0,0.05,0.00013574439058418937,0.0,0.00585900503890161,0.06520746187863241,0.0
9337,1.0,0.05,0.00013364303108688805,0.0,0.00585900503890161,0.06929288675299879,0.0
9338,1.0,0.05,0.00013540006226030966,0.0,0.00585900503890161,0.06929288675299879,0.0
9339,1.0,0.05,0.00013540006226030966,0.0,0.00585900503890161,0.04899671122624135,0.0
9340,1.0,0.05,0.00013540006226030966,0.0,0.00585900503890161,0.03903773402849292,0.0
9341,1.0,0.05,0.00013540006226030966,0.0,0.00585900503890161,0.10902162679950476,0.0
9342,1.0,0.05,0.0001423335602561729,0.0,0.00585900503890161,0.1039106086892932,0.0
9343,1.0,0.05,0.0001423335602561729,0.0,0.00585900503890161,0.1039106086892932,0.0
9344,1.0,0.05,0.0001423335602561729,0.0,0.005813517201644782,0.1039106086892932,0.0
9345,1.0,0.05,0.0001423335602561729,0.0,0.005813517201644782,0.1039106086892932,0.0
9346,1.0,0.05,0.0001423335602561729,0.0,0.005813517201644782,0.06513115396276661,0.0
9347,1.0,0.05,0.0001423335602561729,0.0,0.006021841467116429,0.06513115396276661,0.0
9348,1.0,0.05,0.0001423335602561729,0.0,0.006021841467116429,0.02047108460112422,0.0
9349,1.0,0.05,0.0001423335602561729,0.0,0.006021841467116429,0.02047108460112422,0.0
9350,1.0,0.05,0.0001423335602561729,0.0,0.006021841467116429,0.05703595896630629,0.0
9351,1.0,0.05,0.0001423335602561729,0.0,0.006021841467116429,0.05703595896630629,0.0
9352,1.0,0.05,0.0001423335602561729,0.0,0.006021841467116429,0.05703595896630629,0.0
9353,1.0,0.05,0.0001423335602561729,0.0,0.006021841467116429,0.05703595896630629,0.0
9354,1.0,0.05,0.0001423335602561729,0.0,0.006021841467116429,0.07713847582079275,0.0
9355,1.0,0.05,0.0001423335602561729,0.0,0.006021841467116429,0.03779767578773464,0.0
9356,1.0,0.05,0.0001423335602561729,0.0,0.006021841467116429,0.05027842096733247,0.0
9357,1.0,0.05,0.0001423335602561729,0.0,0.006021841467116429,0.03335441804385281,0.0
9358,1.0,0.05,0.0001423335602561729,0.0,0.006125228540099082,0.03335441804385281,0.0
9359,1.0,0.05,0.0001423335602561729,0.0,0.006125228540099082,0.018641981586532762,0.0
9360,1.0,0.05,0.0001423335602561729,0.0,0.005817139003608107,0.005895739249539211,0.0
9361,1.0,0.05,0.00013634485666195507,0.0,0.005817139003608107,0.005895739249539211,0.0
9362,1.0,0.05,0.00013634485666195507,0.0,0.005817139003608107,0.005895739249539211,0.0
9363,1.0,0.05,0.00013634485666195507,0.0,0.005817139003608107,0.005951769882597503,0.0
9364,1.0,0.05,0.00013634485666195507,0.0,0.005817139003608107,0.005951769882597503,0.0
9365,1.0,0.05,0.00013634485666195507,0.0,0.005817139003608107,0.007579511953812496,0.0
9366,1.0,0.05,0.00013634485666195507,0.0,0.005817139003608107,0.004708457331677921,0.0
9367,1.0,0.05,0.00013634485666195507,0.0,0.005817139003608107,0.008123975228003876,0.0
9368,1.0,0.05,0.00013634485666195507,0.0,0.005817139003608107,0.0345120191525952,0.0
9369,1.0,0.05,0.00013634485666195507,0.0,0.00527973220175827,0.09672791617375144,0.0
9370,1.0,0.05,0.00013634485666195507,0.0,0.00527973220175827,0.09672791617375144,0.0
9371,1.0,0.05,0.00013634485666195507,0.0,0.00527973220175827,0.09672791617375144,0.0
9372,1.0,0.05,0.00013634485666195507,0.0,0.00527973220175827,0.09672791617375144,0.0
9373,1.0,0.05,0.00013634485666195507,0.0,0.00527973220175827,0.07843498635973507,0.0
9374,1.0,0.05,0.00013634485666195507,0.0,0.005198123032491715,0.07843498635973507,0.0
9375,1.0,0.05,0.00013634485666195507,0.0,0.005198123032491715,0.07843498635973507,0.0
9376,1.0,0.05,0.00013634485666195507,0.0,0.005198123032491715,0.05895225116575659,0.0
9377,1.0,0.05,0.00013634485666195507,0.0,0.005198123032491715,0.0740259499878011,0.0
9378,1.0,0.05,0.00013634485666195507,0.0,0.005198123032491715,0.0740259499878011,0.0
9379,1.0,0.05,0.00013634485666195507,0.0,0.005198123032491715,0.0740259499878011,0.0
9380,1.0,0.05,0.00013634485666195507,0.0,0.005198123032491715,0.08205311026178101,0.0
9381,1.0,0.05,0.00013634485666195507,0.0,0.005198123032491715,0.08205311026178101,0.0
9382,1.0,0.05,0.00013634485666195507,0.0,0.005198123032491715,0.08205311026178101,0.0
9383,1.0,0.05,0.000116273750204386,0.0,0.00789205884231228,0.08205311026178101,0.0
9384,1.0,0.05,0.000116273750204386,0.0,0.00789205884231228,0.17518530908562602,0.0
9385,1.0,0.05,0.000116273750204386,0.0,0.00789205884231228,0.17518530908562602,0.0
9386,1.0,0.05,0.000116273750204386,0.0,0.00789205884231228,0.17518530908562602,0.0
9387,1.0,0.05,0.000116273750204386,0.0,0.006897560157115097,0.17518530908562602,0.0
9388,1.0,0.05,0.00012312591039454425,0.0,0.006897560157115097,0.17518530908562602,0.0
9389,1.0,0.05,0.0001323805417382761,0.0,0.006897560157115097,0.1082966369515896,0.0
9390,1.0,0.05,0.0001323805417382761,0.0,0.006897560157115097,0.1082966369515896,0.0
9391,1.0,0.05,0.00013061075408904178,0.0,0.007629058439279964,0.06450370948505126,0.0
9392,1.0,0.05,0.00013061075408904178,0.0,0.006741539359510686,0.04894057937541698,0.0
9393,1.0,0.05,0.00012643487891198557,0.0,0.007519570709787664,0.047768076277795404,0.0
9394,1.0,0.05,0.00012643487891198557,0.0,0.007519570709787664,0.1531715426830547,0.0
9395,1.0,0.05,0.00012643487891198557,0.0,0.007519570709787664,0.1293839791335763,0.0
9396,1.0,0.05,0.00012643487891198557,0.0,0.007519570709787664,0.13483076200970062,0.0
9397,1.0,0.05,0.00012643487891198557,0.0,0.007519570709787664,0.13483076200970062,0.0
9398,1.0,0.05,0.00012643487891198557,0.0,0.007519570709787664,0.13483076200970062,0.0
9399,1.0,0.05,0.00012643487891198557,0.0,0.0071848837666189744,0.05705505317461336,0.0
9400,1.0,0.05,0.00012643487891198557,0.0,0.0059493931615241125,0.05705505317461336,0.0
9401,1.0,0.05,0.00012643487891198557,0.0,0.007163725921358926,0.05705505317461336,0.0
9402,1.0,0.05,0.00012643487891198557,0.0,0.007163725921358926,0.05705505317461336,0.0
9403,1.0,0.05,0.00012643487891198557,0.0,0.007163725921358926,0.03202534652699124,0.0
9404,1.0,0.05,0.00012643487891198557,0.0,0.005854370906334876,0.03202534652699124,0.0
9405,1.0,0.05,0.00012643487891198557,0.0,0.005854370906334876,0.0199132717745408,0.0
9406,1.0,0.05,0.00012643487891198557,0.0,0.005854370906334876,0.0038206865322698578,0.0
9407,1.0,0.05,0.00012643487891198557,0.0,0.005854370906334876,0.0038206865322698578,0.0
9408,1.0,0.05,0.00012643487891198557,0.0,0.005854370906334876,0.005297108710885335,0.0
9409,1.0,0.05,0.00012643487891198557,0.0,0.005854370906334876,0.005297108710885335,0.0
9410,1.0,0.05,0.00012643487891198557,0.0,0.005854370906334876,0.005297108710885335,0.0
9411,1.0,0.05,0.00012643487891198557,0.0,0.005854370906334876,0.015897223641822333,0.0
9412,1.0,0.05,0.00012643487891198557,0.0,0.005854370906334876,0.015897223641822333,0.0
9413,1.0,0.05,0.00012643487891198557,0.0,0.005854370906334876,0.015897223641822333,0.0
9414,1.0,0.05,0.00012643487891198557,0.0,0.005750612713152561,0.023716413925374914,0.0
9415,1.0,0.05,0.00012643487891198557,0.0,0.005750612713152561,0.023716413925374914,0.0
9416,1.0,0.05,0.0001296989450496917,0.0,0.005750612713152561,0.023911974522250475,0.0
9417,1.0,0.05,0.0001421559934793178,0.0,0.005750612713152561,0.02516252464255373,0.0
9418,1.0,0.05,0.0001421559934793178,0.0,0.005750612713152561,0.03167474975355028,0.0
9419,1.0,0.05,0.0001421559934793178,0.0,0.005750612713152561,0.03167474975355028,0.0
9420,1.0,0.05,0.0001406476500297401,0.0,0.005750612713152561,0.03167474975355028,0.0
9421,1.0,0.05,0.00013270469739269105,0.0,0.005750612713152561,0.09191537502522856,0.0
9422,1.0,0.05,0.00013270469739269105,0.0,0.005868950748764465,0.09191537502522856,0.0
9423,1.0,0.05,0.00013270469739269105,0.0,0.005868950748764465,0.0961774842957877,0.0
9424,1.0,0.05,0.00013270469739269105,0.0,0.005868950748764465,0.0961774842957877,0.0
9425,1.0,0.05,0.00013270469739269105,0.0,0.005868950748764465,0.0961774842957877,0.0
9426,1.0,0.05,0.00013270469739269105,0.0,0.005868950748764465,0.0961774842957877,0.0
9427,1.0,0.05,0.00013270469739269105,0.0,0.005868950748764465,0.0961774842957877,0.0
9428,1.0,0.05,0.00013270469739269105,0.0,0.005868950748764465,0.0961774842957877,0.0
9429,1.0,0.05,0.00013270469739269105,0.0,0.005868950748764465,0.0961774842957877,0.0
9430,1.0,0.05,0.00013270469739269105,0.0,0.005868950748764465,0.04492869701620688,0.0
9431,1.0,0.05,0.00013270469739269105,0.0,0.005868950748764465,0.011766422756019546,0.0
9432,1.0,0.05,0.00013270469739269105,0.0,0.005868950748764465,0.03338207686251586,0.0
9433,1.0,0.05,0.00013270469739269105,0.0,0.005868950748764465,0.14769489345764558,0.0
9434,1.0,0.05,0.00013270469739269105,0.0,0.005868950748764465,0.14769489345764558,0.0
9435,1.0,0.05,0.00013270469739269105,0.0,0.005868950748764465,0.14769489345764558,0.0
9436,1.0,0.05,0.00013270469739269105,0.0,0.005868950748764465,0.09740010605453818,0.0
9437,1.0,0.05,0.00013270469739269105,0.0,0.005868950748764465,0.09740010605453818,0.0
9438,1.0,0.05,0.00013270469739269105,0.0,0.005868950748764465,0.052384124017574,0.0
9439,1.0,0.05,0.00013092471888470587,0.0,0.005868950748764465,0.052384124017574,0.0
9440,1.0,0.05,0.00013092471888470587,0.0,0.005868950748764465,0.0526082305633455,0.0
9441,1.0,0.05,0.00013092471888470587,0.0,0.006371818460431604,0.08628584290385709,0.0
9442,1.0,0.05,0.00013092471888470587,0.0,0.006371818460431604,0.08628584290385709,0.0
9443,1.0,0.05,0.00013092471888470587,0.0,0.006371818460431604,0.08628584290385709,0.0
9444,1.0,0.05,0.00013092471888470587,0.0,0.006371818460431604,0.07675335506335436,0.0
9445,1.0,0.05,0.00013092471888470587,0.0,0.006371818460431604,0.10044743257731961,0.0
9446,1.0,0.05,0.00013092471888470587,0.0,0.006371818460431604,0.08246394341858705,0.0
9447,1.0,0.05,0.00012803369028005886,0.0,0.006371818460431604,0.08246394341858705,0.0
9448,1.0,0.05,0.00012803369028005886,0.0,0.006371818460431604,0.09355363019973807,0.0
9449,1.0,0.05,0.00012803369028005886,0.0,0.006371818460431604,0.09355363019973807,0.0
9450,1.0,0.05,0.00012803369028005886,0.0,0.006016704650990943,0.09355363019973807,0.0
9451,1.0,0.05,0.00012803369028005886,0.0,0.006016704650990943,0.09355363019973807,0.0
9452,1.0,0.05,0.00012803369028005886,0.0,0.006016704650990943,0.07083286559128854,0.0
9453,1.0,0.05,0.00012803369028005886,0.0,0.006016704650990943,0.09777954812106221,0.0
9454,1.0,0.05,0.00012803369028005886,0.0,0.006016704650990943,0.07609098465660329,0.0
9455,1.0,0.05,0.00012803369028005886,0.0,0.006016704650990943,0.07609098465660329,0.0
9456,1.0,0.05,0.00012803369028005886,0.0,0.007392076279866995,0.07370634828644701,0.0
9457,1.0,0.05,0.00012803369028005886,0.0,0.007392076279866995,0.07370634828644701,0.0
9458,1.0,0.05,0.0001241947841687545,0.0,0.007392076279866995,0.07370634828644701,0.0
9459,1.0,0.05,0.0001241947841687545,0.0,0.007392076279866995,0.10451873425098598,0.0
9460,1.0,0.05,0.0001241947841687545,0.0,0.008418234239213677,0.09997704724241527,0.0
9461,1.0,0.05,0.0001241947841687545,0.0,0.007915942927953083,0.09997704724241527,0.0
9462,1.0,0.05,0.0001241947841687545,0.0,0.007915942927953083,0.09997704724241527,0.0
9463,1.0,0.05,0.0001241947841687545,0.0,0.007915942927953083,0.09997704724241527,0.0
9464,1.0,0.05,0.0001241947841687545,0.0,0.007915942927953083,0.09997704724241527,0.0
9465,1.0,0.05,0.0001241947841687545,0.0,0.007915942927953083,0.09997704724241527,0.0
9466,1.0,0.05,0.0001241947841687545,0.0,0.007915942927953083,0.1230257513257614,0.0
9467,1.0,0.05,0.0001241947841687545,0.0,0.007915942927953083,0.1230257513257614,0.0
9468,1.0,0.05,0.0001241947841687545,0.0,0.0072689902817985605,0.1230257513257614,0.0
9469,1.0,0.05,0.00011695323507909562,0.0,0.0077682682048692145,0.1230257513257614,0.0
9470,1.0,0.05,0.00011695323507909562,0.0,0.008277679309603846,0.1230257513257614,0.0
9471,1.0,0.05,0.00011695323507909562,0.0,0.008277679309603846,0.0732006684159775,0.0
9472,1.0,0.05,0.0001317080596688306,0.0,0.0075947573280606435,0.13057880301832897,0.0
9473,1.0,0.05,0.0001317080596688306,0.0,0.00675864874113857,0.10659998780141053,0.0
9474,1.0,0.05,0.0001317080596688306,0.0,0.006223175061149804,0.10659998780141053,0.0
9475,1.0,0.05,0.0001317080596688306,0.0,0.006223175061149804,0.10638975435374012,0.0
9476,1.0,0.05,0.0001317080596688306,0.0,0.006223175061149804,0.11684666064678309,0.0
9477,1.0,0.05,0.00013027445086784804,0.0,0.006223175061149804,0.11684666064678309,0.0
9478,1.0,0.05,0.00013027445086784804,0.0,0.006223175061149804,0.11684666064678309,0.0
9479,1.0,0.05,0.00013027445086784804,0.0,0.006941867695807703,0.09596052951112292,0.0
9480,1.0,0.05,0.00013027445086784804,0.0,0.006941867695807703,0.09596052951112292,0.0
9481,1.0,0.05,0.00013027445086784804,0.0,0.006941867695807703,0.09206081459629548,0.0
9482,1.0,0.05,0.00013027445086784804,0.0,0.006941867695807703,0.04977286999460413,0.0
9483,1.0,0.05,0.00013027445086784804,0.0,0.006941867695807703,0.10260956074245528,0.0
9484,1.0,0.05,0.00012935982288240466,0.0,0.005895610739173799,0.10260956074245528,0.0
9485,1.0,0.05,0.00012935982288240466,0.0,0.005895610739173799,0.10260956074245528,0.0
9486,1.0,0.05,0.00012935982288240466,0.0,0.005895610739173799,0.04305210461900079,0.0
9487,1.0,0.05,0.00012935982288240466,0.0,0.005895610739173799,0.04305210461900079,0.0
9488,1.0,0.05,0.00012775522843226221,0.0,0.005895610739173799,0.1039291481584172,0.0
9489,1.0,0.05,0.00012775522843226221,0.0,0.005895610739173799,0.1039291481584172,0.0
9490,1.0,0.05,0.00012775522843226221,0.0,0.007564867478166622,0.1039291481584172,0.0
9491,1.0,0.05,0.00012775522843226221,0.0,0.007150246307972479,0.08876913882847559,0.0
9492,1.0,0.05,0.00012775522843226221,0.0,0.007150246307972479,0.09076683732232727,0.0
9493,1.0,0.05,0.00012775522843226221,0.0,0.007150246307972479,0.09076683732232727,0.0
9494,1.0,0.05,0.00012775522843226221,0.0,0.007150246307972479,0.07098887648841906,0.0
9495,1.0,0.05,0.00012775522843226221,0.0,0.007150246307972479,0.05420726584989377,0.0
9496,1.0,0.05,0.00012775522843226221,0.0,0.007150246307972479,0.05420726584989377,0.0
9497,1.0,0.05,0.00012775522843226221,0.0,0.007150246307972479,0.054452582041030206,0.0
9498,1.0,0.05,0.00012775522843226221,0.0,0.007150246307972479,0.04206528688629727,0.0
9499,1.0,0.05,0.00012775522843226221,0.0,0.006662175586487189,0.03699530748742347,0.0
9500,1.0,0.05,0.00012775522843226221,0.0,0.006662175586487189,0.03699530748742347,0.0
9501,1.0,0.05,0.00012775522843226221,0.0,0.006005657444945858,0.03576542748718368,0.0
9502,1.0,0.05,0.00012775522843226221,0.0,0.006005657444945858,0.10008527093691758,0.0
9503,1.0,0.05,0.00012775522843226221,0.0,0.006005657444945858,0.0843258416453225,0.0
9504,1.0,0.05,0.00012775522843226221,0.0,0.006005657444945858,0.10950647633827568,0.0
9505,1.0,0.05,0.00012775522843226221,0.0,0.006005657444945858,0.09107187884940535,0.0
9506,1.0,0.05,0.00012775522843226221,0.0,0.006005657444945858,0.09107187884940535,0.0
9507,1.0,0.05,0.00012775522843226221,0.0,0.006005657444945858,0.09107187884940535,0.0
9508,1.0,0.05,0.00012775522843226221,0.0,0.006005657444945858,0.09107187884940535,0.0
9509,1.0,0.05,0.00012775522843226221,0.0,0.006005657444945858,0.09107187884940535,0.0
9510,1.0,0.05,0.00012775522843226221,0.0,0.006005657444945858,0.09107187884940535,0.0
9511,1.0,0.05,0.00012775522843226221,0.0,0.006045854554840832,0.09107187884940535,0.0
9512,1.0,0.05,0.00012235249669450426,0.0,0.006045854554840832,0.09107187884940535,0.0
9513,1.0,0.05,0.00012235249669450426,0.0,0.006045854554840832,0.09107187884940535,0.0
9514,1.0,0.05,0.00012235249669450426,0.0,0.006045854554840832,0.09107187884940535,0.0
9515,1.0,0.05,0.00012235249669450426,0.0,0.006045854554840832,0.03644320196084656,0.0
9516,1.0,0.05,0.00012235249669450426,0.0,0.005946179594192848,0.06808532769465271,0.0
9517,1.0,0.05,0.00013869180302138542,0.0,0.005946179594192848,0.06808532769465271,0.0
9518,1.0,0.05,0.00011961977703588459,0.0,0.005946179594192848,0.06808532769465271,0.0
9519,1.0,0.05,0.0001426355941414987,0.0,0.005946179594192848,0.06808532769465271,0.0
9520,1.0,0.05,0.0001426355941414987,0.0,0.005383506378092064,0.08947309191282216,0.0
9521,1.0,0.05,0.0001426355941414987,0.0,0.005383506378092064,0.03715428577788327,0.0
9522,1.0,0.05,0.00013810755695387625,0.0,0.005383506378092064,0.05581057009131596,0.0
9523,1.0,0.05,0.00013810755695387625,0.0,0.005383506378092064,0.05581057009131596,0.0
9524,1.0,0.05,0.00013810755695387625,0.0,0.005383506378092064,0.05581057009131596,0.0
9525,1.0,0.05,0.00013810755695387625,0.0,0.0063804662222758,0.05581057009131596,0.0
9526,1.0,0.05,0.00013810755695387625,0.0,0.0063804662222758,0.05581057009131596,0.0
9527,1.0,0.05,0.00013810755695387625,0.0,0.0063804662222758,0.05581057009131596,0.0
9528,1.0,0.05,0.00013810755695387625,0.0,0.0063804662222758,0.05581057009131596,0.0
9529,1.0,0.05,0.00013810755695387625,0.0,0.0063804662222758,0.05581057009131596,0.0
9530,1.0,0.05,0.00013810755695387625,0.0,0.0063804662222758,0.05581057009131596,0.0
9531,1.0,0.05,0.00013810755695387625,0.0,0.0063804662222758,0.05581057009131596,0.0
9532,1.0,0.05,0.00013810755695387625,0.0,0.0063804662222758,0.05581057009131596,0.0
9533,1.0,0.05,0.00013810755695387625,0.0,0.005687901474248635,0.05581057009131596,0.0
9534,1.0,0.05,0.00013810755695387625,0.0,0.005687901474248635,0.05581057009131596,0.0
9535,1.0,0.05,0.00013810755695387625,0.0,0.005687901474248635,0.05581057009131596,0.0
9536,1.0,0.05,0.00013810755695387625,0.0,0.005687901474248635,0.05581057009131596,0.0
9537,1.0,0.05,0.00013810755695387625,0.0,0.005687901474248635,0.05581057009131596,0.0
9538,1.0,0.05,0.0001355380880475623,0.0,0.005687901474248635,0.05581057009131596,0.0
9539,1.0,0.05,0.0001355380880475623,0.0,0.005687901474248635,0.05581057009131596,0.0
9540,1.0,0.05,0.0001355380880475623,0.0,0.005687901474248635,0.05581057009131596,0.0
9541,1.0,0.05,0.0001355380880475623,0.0,0.005687901474248635,0.05581057009131596,0.0
9542,1.0,0.05,0.0001355380880475623,0.0,0.005687901474248635,0.05581057009131596,0.0
9543,1.0,0.05,0.0001355380880475623,0.0,0.005687901474248635,0.07806548401622501,0.0
9544,1.0,0.05,0.0001355380880475623,0.0,0.005687901474248635,0.07806548401622501,0.0
9545,1.0,0.05,0.0001355380880475623,0.0,0.005687901474248635,0.05009781862799511,0.0
9546,1.0,0.05,0.0001355380880475623,0.0,0.005687901474248635,0.05009781862799511,0.0
9547,1.0,0.05,0.0001355380880475623,0.0,0.005687901474248635,0.05009781862799511,0.0
9548,1.0,0.05,0.0001355380880475623,0.0,0.005687901474248635,0.05009781862799511,0.0
9549,1.0,0.05,0.0001355380880475623,0.0,0.005687901474248635,0.05009781862799511,0.0
9550,1.0,0.05,0.0001355380880475623,0.0,0.005687901474248635,0.05009781862799511,0.0
9551,1.0,0.05,0.0001355380880475623,0.0,0.005687901474248635,0.05009781862799511,0.0
9552,1.0,0.05,0.0001355380880475623,0.0,0.005687901474248635,0.05009781862799511,0.0
9553,1.0,0.05,0.0001355380880475623,0.0,0.005687901474248635,0.06001724725140233,0.0
9554,1.0,0.05,0.0001355380880475623,0.0,0.005687901474248635,0.06001724725140233,0.0
9555,1.0,0.05,0.0001355380880475623,0.0,0.005687901474248635,0.06001724725140233,0.0
9556,1.0,0.05,0.0001355380880475623,0.0,0.005687901474248635,0.06001724725140233,0.0
9557,1.0,0.05,0.0001355380880475623,0.0,0.005687901474248635,0.06001724725140233,0.0
9558,1.0,0.05,0.0001343972603250503,0.0,0.005687901474248635,0.06001724725140233,0.0
9559,1.0,0.05,0.0001343972603250503,0.0,0.005687901474248635,0.06001724725140233,0.0
9560,1.0,0.05,0.0001343972603250503,0.0,0.005687901474248635,0.06001724725140233,0.0
9561,1.0,0.05,0.0001343972603250503,0.0,0.005979434822994841,0.10713751480137623,0.0
9562,1.0,0.05,0.0001343972603250503,0.0,0.005979434822994841,0.08448124888285957,0.0
9563,1.0,0.05,0.0001343972603250503,0.0,0.005979434822994841,0.07255245299069275,0.0
9564,1.0,0.05,0.0001343972603250503,0.0,0.005979434822994841,0.07255245299069275,0.0
9565,1.0,0.05,0.0001343972603250503,0.0,0.005979434822994841,0.0764124472178722,0.0
9566,1.0,0.05,0.0001343972603250503,0.0,0.005979434822994841,0.023772484176641705,0.0
9567,1.0,0.05,0.0001343972603250503,0.0,0.0050851750743694515,0.06858098628241027,0.0
9568,1.0,0.05,0.0001343972603250503,0.0,0.007385330976488985,0.06858098628241027,0.0
9569,1.0,0.05,0.0001343972603250503,0.0,0.007385330976488985,0.06858098628241027,0.0
9570,1.0,0.05,0.0001343972603250503,0.0,0.007385330976488985,0.09995776608104773,0.0
9571,1.0,0.05,0.0001343972603250503,0.0,0.005781900651539747,0.06839459847721749,0.0
9572,1.0,0.05,0.00013432637024470435,0.0,0.005781900651539747,0.055300885333711094,0.0
9573,1.0,0.05,0.00013432637024470435,0.0,0.006837874536769595,0.055175719276099884,0.0
9574,1.0,0.05,0.00013432637024470435,0.0,0.005619321999247241,0.055175719276099884,0.0
9575,1.0,0.05,0.00013432637024470435,0.0,0.005898282868380795,0.055175719276099884,0.0
9576,1.0,0.05,0.00013432637024470435,0.0,0.005898282868380795,0.03650164895848394,0.0
9577,1.0,0.05,0.00013432637024470435,0.0,0.005898282868380795,0.03650164895848394,0.0
9578,1.0,0.05,0.00013432637024470435,0.0,0.005898282868380795,0.04662116206660196,0.0
9579,1.0,0.05,0.00013432637024470435,0.0,0.005898282868380795,0.04662116206660196,0.0
9580,1.0,0.05,0.00013432637024470435,0.0,0.005898282868380795,0.08246240926175277,0.0
9581,1.0,0.05,0.00013432637024470435,0.0,0.005898282868380795,0.09137275782699726,0.0
9582,1.0,0.05,0.00013432637024470435,0.0,0.005898282868380795,0.04256965502719906,0.0
9583,1.0,0.05,0.00013432637024470435,0.0,0.005898282868380795,0.04256965502719906,0.0
9584,1.0,0.05,0.00013432637024470435,0.0,0.005898282868380795,0.04256965502719906,0.0
9585,1.0,0.05,0.00013432637024470435,0.0,0.005898282868380795,0.07255616085203517,0.0
9586,1.0,0.05,0.00013432637024470435,0.0,0.005898282868380795,0.05872460876771024,0.0
9587,1.0,0.05,0.00013432637024470435,0.0,0.005898282868380795,0.07623306297139981,0.0
9588,1.0,0.05,0.00013432637024470435,0.0,0.005898282868380795,0.07623306297139981,0.0
9589,1.0,0.05,0.00013999491896714563,0.0,0.005437395852164875,0.07623306297139981,0.0
9590,1.0,0.05,0.00013498827130091574,0.0,0.005437395852164875,0.07623306297139981,0.0
9591,1.0,0.05,0.00013498827130091574,0.0,0.006823156370452367,0.07623306297139981,0.0
9592,1.0,0.05,0.00013331107518267212,0.0,0.006823156370452367,0.03135555709090281,0.0
9593,1.0,0.05,0.00012535462715033058,0.0,0.006823156370452367,0.07423677094613482,0.0
9594,1.0,0.05,0.00012535462715033058,0.0,0.006823156370452367,0.11853713801266667,0.0
9595,1.0,0.05,0.00012952332659915114,0.0,0.006823156370452367,0.04175662619446327,0.0
9596,1.0,0.05,0.00012952332659915114,0.0,0.006823156370452367,0.038919235834220724,0.0
9597,1.0,0.05,0.00012952332659915114,0.0,0.006823156370452367,0.0404459951221961,0.0
9598,1.0,0.05,0.00012952332659915114,0.0,0.006823156370452367,0.0309627947427778,0.0
9599,1.0,0.05,0.00012952332659915114,0.0,0.006823156370452367,0.0314764705508374,0.0
9600,1.0,0.05,0.00012952332659915114,0.0,0.005172505270272153,0.0314764705508374,0.0
9601,1.0,0.05,0.00012952332659915114,0.0,0.005172505270272153,0.03210777080960127,0.0
9602,1.0,0.05,0.00012952332659915114,0.0,0.005172505270272153,0.032523763056768906,0.0
9603,1.0,0.05,0.00014026912229526026,0.0,0.005172505270272153,0.07778427886451848,0.0
9604,1.0,0.05,0.00014026912229526026,0.0,0.005172505270272153,0.05156586229667553,0.0
9605,1.0,0.05,0.00014026912229526026,0.0,0.005172505270272153,0.05156586229667553,0.0
9606,1.0,0.05,0.00014026912229526026,0.0,0.005172505270272153,0.030099018396682484,0.0
9607,1.0,0.05,0.00014026912229526026,0.0,0.005172505270272153,0.025946037544159493,0.0
9608,1.0,0.05,0.00014026912229526026,0.0,0.005172505270272153,0.10545401077105446,0.0
9609,1.0,0.05,0.00014026912229526026,0.0,0.005172505270272153,0.1150538274223831,0.0
9610,1.0,0.05,0.00014026912229526026,0.0,0.005172505270272153,0.1150538274223831,0.0
9611,1.0,0.05,0.00014026912229526026,0.0,0.00544641777475922,0.1150538274223831,0.0
9612,1.0,0.05,0.00014026912229526026,0.0,0.00544641777475922,0.1150538274223831,0.0
9613,1.0,0.05,0.00014026912229526026,0.0,0.00544641777475922,0.024809541083772493,0.0
9614,1.0,0.05,0.00014026912229526026,0.0,0.00544641777475922,0.024809541083772493,0.0
9615,1.0,0.05,0.00014026912229526026,0.0,0.00544641777475922,0.024809541083772493,0.0
9616,1.0,0.05,0.00013445485859847164,0.0,0.00545907526454389,0.03275879797121882,0.0
9617,1.0,0.05,0.00013445485859847164,0.0,0.00545907526454389,0.03275879797121882,0.0
9618,1.0,0.05,0.00013445485859847164,0.0,0.005909512207340264,0.032901824115738276,0.0
9619,1.0,0.05,0.00013445485859847164,0.0,0.005909512207340264,0.055646536418771965,0.0
9620,1.0,0.05,0.00013445485859847164,0.0,0.005909512207340264,0.09348029606318467,0.0
9621,1.0,0.05,0.00013445485859847164,0.0,0.005909512207340264,0.09348029606318467,0.0
9622,1.0,0.05,0.00013445485859847164,0.0,0.005909512207340264,0.09348029606318467,0.0
9623,1.0,0.05,0.00013445485859847164,0.0,0.005909512207340264,0.09348029606318467,0.0
9624,1.0,0.05,0.00013445485859847164,0.0,0.005909512207340264,0.09348029606318467,0.0
9625,1.0,0.05,0.00013445485859847164,0.0,0.005909512207340264,0.06868618090377432,0.0
9626,1.0,0.05,0.00013445485859847164,0.0,0.0058276103283652165,0.10983894992969694,0.0
9627,1.0,0.05,0.00013445485859847164,0.0,0.0058276103283652165,0.10983894992969694,0.0
9628,1.0,0.05,0.00013445485859847164,0.0,0.0058276103283652165,0.10983894992969694,0.0
9629,1.0,0.05,0.00013445485859847164,0.0,0.0058276103283652165,0.050026579673854266,0.0
9630,1.0,0.05,0.00013445485859847164,0.0,0.005954131866657458,0.050026579673854266,0.0
9631,1.0,0.05,0.00013445485859847164,0.0,0.005954131866657458,0.06492476324708485,0.0
9632,1.0,0.05,0.00013445485859847164,0.0,0.005954131866657458,0.06492476324708485,0.0
9633,1.0,0.05,0.00013445485859847164,0.0,0.005954131866657458,0.06492476324708485,0.0
9634,1.0,0.05,0.00013445485859847164,0.0,0.005954131866657458,0.06492476324708485,0.0
9635,1.0,0.05,0.00013445485859847164,0.0,0.005954131866657458,0.06492476324708485,0.0
9636,1.0,0.05,0.00013445485859847164,0.0,0.005954131866657458,0.06492476324708485,0.0
9637,1.0,0.05,0.00013445485859847164,0.0,0.005954131866657458,0.04739657434210496,0.0
9638,1.0,0.05,0.00013445485859847164,0.0,0.005954131866657458,0.05199712910436389,0.0
9639,1.0,0.05,0.00013445485859847164,0.0,0.0060448041255701775,0.05199712910436389,0.0
9640,1.0,0.05,0.00012895509821901564,0.0,0.0060448041255701775,0.05199712910436389,0.0
9641,1.0,0.05,0.00012895509821901564,0.0,0.0060448041255701775,0.05199712910436389,0.0
9642,1.0,0.05,0.00012895509821901564,0.0,0.0060448041255701775,0.08213823587521044,0.0
9643,1.0,0.05,0.00012895509821901564,0.0,0.0060448041255701775,0.10827620134114131,0.0
9644,1.0,0.05,0.00012895509821901564,0.0,0.0060448041255701775,0.07151146801602828,0.0
9645,1.0,0.05,0.00012895509821901564,0.0,0.0060448041255701775,0.06413569613912609,0.0
9646,1.0,0.05,0.00012895509821901564,0.0,0.0060448041255701775,0.0837323948479664,0.0
9647,1.0,0.05,0.00012895509821901564,0.0,0.0060448041255701775,0.0837323948479664,0.0
9648,1.0,0.05,0.00012895509821901564,0.0,0.0060448041255701775,0.08961189708012474,0.0
9649,1.0,0.05,0.00012895509821901564,0.0,0.0060448041255701775,0.08961189708012474,0.0
9650,1.0,0.05,0.00012895509821901564,0.0,0.0060448041255701775,0.08961189708012474,0.0
9651,1.0,0.05,0.00012895509821901564,0.0,0.0060448041255701775,0.0670039356099727,0.0
9652,1.0,0.05,0.0001395363952168078,0.0,0.0060448041255701775,0.0670039356099727,0.0
9653,1.0,0.05,0.0001395363952168078,0.0,0.0060448041255701775,0.046617328214012474,0.0
9654,1.0,0.05,0.0001395363952168078,0.0,0.0060448041255701775,0.046617328214012474,0.0
9655,1.0,0.05,0.0001395363952168078,0.0,0.0060448041255701775,0.046617328214012474,0.0
9656,1.0,0.05,0.0001395363952168078,0.0,0.006011328670215229,0.05522785269640589,0.0
9657,1.0,0.05,0.0001395363952168078,0.0,0.006053862791857515,0.05522785269640589,0.0
9658,1.0,0.05,0.0001395363952168078,0.0,0.006053862791857515,0.05522785269640589,0.0
9659,1.0,0.05,0.0001395363952168078,0.0,0.006053862791857515,0.07867901418421627,0.0
9660,1.0,0.05,0.0001395363952168078,0.0,0.006053862791857515,0.06758696160109362,0.0
9661,1.0,0.05,0.0001395363952168078,0.0,0.006053862791857515,0.057002976984209634,0.0
9662,1.0,0.05,0.0001395363952168078,0.0,0.006053862791857515,0.019698728305920635,0.0
9663,1.0,0.05,0.0001395363952168078,0.0,0.005795746925184317,0.02843026876432974,0.0
9664,1.0,0.05,0.0001395363952168078,0.0,0.005795746925184317,0.02843026876432974,0.0
9665,1.0,0.05,0.0001395363952168078,0.0,0.005795746925184317,0.07819914129333705,0.0
9666,1.0,0.05,0.0001395363952168078,0.0,0.005795746925184317,0.07819914129333705,0.0
9667,1.0,0.05,0.0001395363952168078,0.0,0.0057997112790235655,0.07819914129333705,0.0
9668,1.0,0.05,0.0001395363952168078,0.0,0.0057997112790235655,0.07819914129333705,0.0
9669,1.0,0.05,0.0001395363952168078,0.0,0.0057997112790235655,0.027619623125101203,0.0
9670,1.0,0.05,0.0001395363952168078,0.0,0.0057997112790235655,0.027619623125101203,0.0
9671,1.0,0.05,0.0001395363952168078,0.0,0.0057997112790235655,0.04078106574152785,0.0
9672,1.0,0.05,0.0001395363952168078,0.0,0.0057997112790235655,0.08352299748054028,0.0
9673,1.0,0.05,0.0001395363952168078,0.0,0.0057997112790235655,0.08352299748054028,0.0
9674,1.0,0.05,0.0001395363952168078,0.0,0.0057997112790235655,0.09573435649752167,0.0
9675,1.0,0.05,0.00014350922960326104,0.0,0.0057997112790235655,0.09573435649752167,0.0
9676,1.0,0.05,0.00014350922960326104,0.0,0.0057997112790235655,0.09573435649752167,0.0
9677,1.0,0.05,0.00014350922960326104,0.0,0.0057997112790235655,0.09573435649752167,0.0
9678,1.0,0.05,0.00014350922960326104,0.0,0.0057997112790235655,0.09573435649752167,0.0
9679,1.0,0.05,0.00014350922960326104,0.0,0.0057997112790235655,0.09573435649752167,0.0
9680,1.0,0.05,0.00014350922960326104,0.0,0.0057997112790235655,0.07545683989878457,0.0
9681,1.0,0.05,0.00014350922960326104,0.0,0.0057997112790235655,0.09050294532263237,0.0
9682,1.0,0.05,0.00014350922960326104,0.0,0.0057997112790235655,0.09050294532263237,0.0
9683,1.0,0.05,0.0001306639924937361,0.0,0.0057997112790235655,0.06757989934381475,0.0
9684,1.0,0.05,0.0001306639924937361,0.0,0.006910822089662276,0.06757989934381475,0.0
9685,1.0,0.05,0.00012729688175716175,0.0,0.006910822089662276,0.12389711973041535,0.0
9686,1.0,0.05,0.00012729688175716175,0.0,0.006346065409781021,0.12389711973041535,0.0
9687,1.0,0.05,0.00012729688175716175,0.0,0.006346065409781021,0.09508502656052886,0.0
9688,1.0,0.05,0.00012729688175716175,0.0,0.006346065409781021,0.09508502656052886,0.0
9689,1.0,0.05,0.00012729688175716175,0.0,0.006751856557839869,0.13521607289916882,0.0
9690,1.0,0.05,0.00012729688175716175,0.0,0.0060991783996015,0.11445449438209976,0.0
9691,1.0,0.05,0.00012729688175716175,0.0,0.006118639795265126,0.0686007190688801,0.0
9692,1.0,0.05,0.00012729688175716175,0.0,0.006118639795265126,0.0686007190688801,0.0
9693,1.0,0.05,0.00012729688175716175,0.0,0.005293577672431169,0.06129908078934012,0.0
9694,1.0,0.05,0.00012729688175716175,0.0,0.005293577672431169,0.06780324197191533,0.0
9695,1.0,0.05,0.00012729688175716175,0.0,0.005293577672431169,0.08647979789522546,0.0
9696,1.0,0.05,0.00012729688175716175,0.0,0.005293577672431169,0.08647979789522546,0.0
9697,1.0,0.05,0.00012729688175716175,0.0,0.008276959788628808,0.08647979789522546,0.0
9698,1.0,0.05,0.00012729688175716175,0.0,0.0068689559791316355,0.08647979789522546,0.0
9699,1.0,0.05,0.00012729688175716175,0.0,0.0068689559791316355,0.08647979789522546,0.0
9700,1.0,0.05,0.00012729688175716175,0.0,0.006779800990445989,0.11155256430211516,0.0
9701,1.0,0.05,0.00012729688175716175,0.0,0.006779800990445989,0.11155256430211516,0.0
9702,1.0,0.05,0.00012729688175716175,0.0,0.006779800990445989,0.11155256430211516,0.0
9703,1.0,0.05,0.00012729688175716175,0.0,0.006779800990445989,0.06029787214397581,0.0
9704,1.0,0.05,0.0001345599180100862,0.0,0.0063863980262533464,0.11554140434914717,0.0
9705,1.0,0.05,0.0001345599180100862,0.0,0.0063863980262533464,0.11554140434914717,0.0
9706,1.0,0.05,0.0001345599180100862,0.0,0.0063863980262533464,0.06946197463933082,0.0
9707,1.0,0.05,0.0001345599180100862,0.0,0.0061526818672876975,0.05608329332828188,0.0
9708,1.0,0.05,0.0001345599180100862,0.0,0.0061526818672876975,0.07341918811640749,0.0
9709,1.0,0.05,0.0001345599180100862,0.0,0.0061526818672876975,0.07341918811640749,0.0
9710,1.0,0.05,0.0001345599180100862,0.0,0.0061526818672876975,0.07341918811640749,0.0
9711,1.0,0.05,0.0001345599180100862,0.0,0.006023735597088853,0.07341918811640749,0.0
9712,1.0,0.05,0.0001345599180100862,0.0,0.006023735597088853,0.07341918811640749,0.0
9713,1.0,0.05,0.0001345599180100862,0.0,0.006023735597088853,0.07126537792805974,0.0
9714,1.0,0.05,0.0001345599180100862,0.0,0.006023735597088853,0.05570871517731665,0.0
9715,1.0,0.05,0.0001345599180100862,0.0,0.006023735597088853,0.1084266362044316,0.0
9716,1.0,0.05,0.0001345599180100862,0.0,0.006023735597088853,0.1084266362044316,0.0
9717,1.0,0.05,0.0001345599180100862,0.0,0.006023735597088853,0.04479597575877586,0.0
9718,1.0,0.05,0.0001345599180100862,0.0,0.006023735597088853,0.02541306732185939,0.0
9719,1.0,0.05,0.0001345599180100862,0.0,0.006023735597088853,0.02541306732185939,0.0
9720,1.0,0.05,0.0001345599180100862,0.0,0.006023735597088853,0.02541306732185939,0.0
9721,1.0,0.05,0.0001345599180100862,0.0,0.006023735597088853,0.03562085382010091,0.0
9722,1.0,0.05,0.0001345599180100862,0.0,0.006023735597088853,0.03562085382010091,0.0
9723,1.0,0.05,0.0001345599180100862,0.0,0.006023735597088853,0.11497794815868641,0.0
9724,1.0,0.05,0.0001345599180100862,0.0,0.006023735597088853,0.057611704811229424,0.0
9725,1.0,0.05,0.00013287096170891812,0.0,0.006023735597088853,0.031198594845621097,0.0
9726,1.0,0.05,0.00013287096170891812,0.0,0.006023735597088853,0.031198594845621097,0.0
9727,1.0,0.05,0.00013287096170891812,0.0,0.006023735597088853,0.031198594845621097,0.0
9728,1.0,0.05,0.00013287096170891812,0.0,0.006023735597088853,0.031198594845621097,0.0
9729,1.0,0.05,0.00013287096170891812,0.0,0.006023735597088853,0.04004334237728985,0.0
9730,1.0,0.05,0.00013287096170891812,0.0,0.006023735597088853,0.04004334237728985,0.0
9731,1.0,0.05,0.00013287096170891812,0.0,0.006023735597088853,0.03403850618009325,0.0
9732,1.0,0.05,0.00013287096170891812,0.0,0.006023735597088853,0.03403850618009325,0.0
9733,1.0,0.05,0.00013287096170891812,0.0,0.0061880097762491305,0.03403850618009325,0.0
9734,1.0,0.05,0.00013481533399484758,0.0,0.0061880097762491305,0.02600024915515484,0.0
9735,1.0,0.05,0.00013481533399484758,0.0,0.0061880097762491305,0.005926672179048423,0.0
9736,1.0,0.05,0.00013481533399484758,0.0,0.0061880097762491305,0.010392863720699034,0.0
9737,1.0,0.05,0.00013481533399484758,0.0,0.0061880097762491305,0.010392863720699034,0.0
9738,1.0,0.05,0.00013481533399484758,0.0,0.0061880097762491305,0.010392863720699034,0.0
9739,1.0,0.05,0.00013481533399484758,0.0,0.0061880097762491305,0.0054977213656605475,0.0
9740,1.0,0.05,0.00013481533399484758,0.0,0.005929813879059556,0.016277853580884342,0.0
9741,1.0,0.05,0.00013481533399484758,0.0,0.005929813879059556,0.016277853580884342,0.0
9742,1.0,0.05,0.00013481533399484758,0.0,0.005929813879059556,0.045342530810810244,0.0
9743,1.0,0.05,0.00013481533399484758,0.0,0.005929813879059556,0.045342530810810244,0.0
9744,1.0,0.05,0.00013481533399484758,0.0,0.005929813879059556,0.10768378539622206,0.0
9745,1.0,0.05,0.00013481533399484758,0.0,0.005929813879059556,0.04580628621077207,0.0
9746,1.0,0.05,0.00013481533399484758,0.0,0.005929813879059556,0.04580628621077207,0.0
9747,1.0,0.05,0.00013481533399484758,0.0,0.005929813879059556,0.04580628621077207,0.0
9748,1.0,0.05,0.00013481533399484758,0.0,0.005929813879059556,0.04580628621077207,0.0
9749,1.0,0.05,0.00013481533399484758,0.0,0.005929813879059556,0.09414178912659445,0.0
9750,1.0,0.05,0.00013481533399484758,0.0,0.005929813879059556,0.09414178912659445,0.0
9751,1.0,0.05,0.00013481533399484758,0.0,0.0057954624316911615,0.09414178912659445,0.0
9752,1.0,0.05,0.00013481533399484758,0.0,0.0057954624316911615,0.06355574016151466,0.0
9753,1.0,0.05,0.00013481533399484758,0.0,0.0057954624316911615,0.06355574016151466,0.0
9754,1.0,0.05,0.00013481533399484758,0.0,0.005880136602698963,0.06355574016151466,0.0
9755,1.0,0.05,0.00013481533399484758,0.0,0.005880136602698963,0.06355574016151466,0.0
9756,1.0,0.05,0.00013731359747640696,0.0,0.005880136602698963,0.04188947625533167,0.0
9757,1.0,0.05,0.00013731359747640696,0.0,0.005880136602698963,0.08872597837629201,0.0
9758,1.0,0.05,0.00013731359747640696,0.0,0.005880136602698963,0.06661574353642731,0.0
9759,1.0,0.05,0.00013731359747640696,0.0,0.005880136602698963,0.046385638060361584,0.0
9760,1.0,0.05,0.00013731359747640696,0.0,0.005880136602698963,0.046385638060361584,0.0
9761,1.0,0.05,0.00013731359747640696,0.0,0.005880136602698963,0.05480784360114449,0.0
9762,1.0,0.05,0.00013731359747640696,0.0,0.005880136602698963,0.05480784360114449,0.0
9763,1.0,0.05,0.00013731359747640696,0.0,0.005880136602698963,0.05480784360114449,0.0
9764,1.0,0.05,0.00013731359747640696,0.0,0.005880136602698963,0.05480784360114449,0.0
9765,1.0,0.05,0.00013731359747640696,0.0,0.005880136602698963,0.05480784360114449,0.0
9766,1.0,0.05,0.00013731359747640696,0.0,0.005880136602698963,0.05480784360114449,0.0
9767,1.0,0.05,0.00013731359747640696,0.0,0.005880136602698963,0.05480784360114449,0.0
9768,1.0,0.05,0.00013731359747640696,0.0,0.005880136602698963,0.05480784360114449,0.0
9769,1.0,0.05,0.00013731359747640696,0.0,0.005880136602698963,0.05480784360114449,0.0
9770,1.0,0.05,0.00013731359747640696,0.0,0.005880136602698963,0.05480784360114449,0.0
9771,1.0,0.05,0.00013731359747640696,0.0,0.005880136602698963,0.05480784360114449,0.0
9772,1.0,0.05,0.00013731359747640696,0.0,0.005880136602698963,0.05480784360114449,0.0
9773,1.0,0.05,0.00013731359747640696,0.0,0.005880136602698963,0.05480784360114449,0.0
9774,1.0,0.05,0.00013731359747640696,0.0,0.005880136602698963,0.05480784360114449,0.0
9775,1.0,0.05,0.00013731359747640696,0.0,0.005880136602698963,0.040523439205973746,0.0
9776,1.0,0.05,0.00013731359747640696,0.0,0.005880136602698963,0.040523439205973746,0.0
9777,1.0,0.05,0.00013731359747640696,0.0,0.005880136602698963,0.040523439205973746,0.0
9778,1.0,0.05,0.00013731359747640696,0.0,0.005880136602698963,0.11131995792655475,0.0
9779,1.0,0.05,0.00013731359747640696,0.0,0.005880136602698963,0.11131995792655475,0.0
9780,1.0,0.05,0.00013731359747640696,0.0,0.005880136602698963,0.015829737866936998,0.0
9781,1.0,0.05,0.00012843809836613938,0.0,0.005880136602698963,0.05153751717413792,0.0
9782,1.0,0.05,0.00014159929288954181,0.0,0.005880136602698963,0.03759247547214808,0.0
9783,1.0,0.05,0.00014159929288954181,0.0,0.005880136602698963,0.03759247547214808,0.0
9784,1.0,0.05,0.00014159929288954181,0.0,0.005880136602698963,0.06609108476540629,0.0
9785,1.0,0.05,0.00014159929288954181,0.0,0.005880136602698963,0.06609108476540629,0.0
9786,1.0,0.05,0.00014159929288954181,0.0,0.005880136602698963,0.06609108476540629,0.0
9787,1.0,0.05,0.00014159929288954181,0.0,0.005290505021151489,0.06609108476540629,0.0
9788,1.0,0.05,0.00013365692396543661,0.0,0.005290505021151489,0.06609108476540629,0.0
9789,1.0,0.05,0.00013365692396543661,0.0,0.005290505021151489,0.05885465806990399,0.0
9790,1.0,0.05,0.00013365692396543661,0.0,0.005290505021151489,0.10996122809329523,0.0
9791,1.0,0.05,0.00013365692396543661,0.0,0.005290505021151489,0.10996122809329523,0.0
9792,1.0,0.05,0.00013365692396543661,0.0,0.005290505021151489,0.044706480235297094,0.0
9793,1.0,0.05,0.00013365692396543661,0.0,0.005290505021151489,0.044706480235297094,0.0
9794,1.0,0.05,0.00013365692396543661,0.0,0.005290505021151489,0.044706480235297094,0.0
9795,1.0,0.05,0.00013365692396543661,0.0,0.005290505021151489,0.044706480235297094,0.0
9796,1.0,0.05,0.00013365692396543661,0.0,0.0054477891966419525,0.08478927317119012,0.0
9797,1.0,0.05,0.00013365692396543661,0.0,0.0054477891966419525,0.08478927317119012,0.0
9798,1.0,0.05,0.00013365692396543661,0.0,0.0054477891966419525,0.08478927317119012,0.0
9799,1.0,0.05,0.00013365692396543661,0.0,0.0054477891966419525,0.08478927317119012,0.0
9800,1.0,0.05,0.00013365692396543661,0.0,0.006043668420990127,0.10217982577274116,0.0
9801,1.0,0.05,0.00013365692396543661,0.0,0.006043668420990127,0.048908091329985866,0.0
9802,1.0,0.05,0.00013365692396543661,0.0,0.006043668420990127,0.048908091329985866,0.0
9803,1.0,0.05,0.00013365692396543661,0.0,0.006043668420990127,0.048908091329985866,0.0
9804,1.0,0.05,0.00013365692396543661,0.0,0.006043668420990127,0.04900347498274841,0.0
9805,1.0,0.05,0.00013365692396543661,0.0,0.0058795797537697855,0.04900347498274841,0.0
9806,1.0,0.05,0.00013365692396543661,0.0,0.006525293571178215,0.06810947009293017,0.0
9807,1.0,0.05,0.00013365692396543661,0.0,0.006525293571178215,0.03496374593001493,0.0
9808,1.0,0.05,0.00013365692396543661,0.0,0.006525293571178215,0.03496374593001493,0.0
9809,1.0,0.05,0.00013365692396543661,0.0,0.005467424623030116,0.05729375863297974,0.0
9810,1.0,0.05,0.00013365692396543661,0.0,0.006703197059281777,0.05729375863297974,0.0
9811,1.0,0.05,0.00013365692396543661,0.0,0.006703197059281777,0.05729375863297974,0.0
9812,1.0,0.05,0.00013365692396543661,0.0,0.006703197059281777,0.05729375863297974,0.0
9813,1.0,0.05,0.00013365692396543661,0.0,0.006703197059281777,0.05729375863297974,0.0
9814,1.0,0.05,0.00013365692396543661,0.0,0.006703197059281777,0.06975041499059594,0.0
9815,1.0,0.05,0.00013365692396543661,0.0,0.006703197059281777,0.0670280392147768,0.0
9816,1.0,0.05,0.00013365692396543661,0.0,0.006361906506900769,0.08462249948219969,0.0
9817,1.0,0.05,0.00013365692396543661,0.0,0.006361906506900769,0.08462249948219969,0.0
9818,1.0,0.05,0.00013365692396543661,0.0,0.006361906506900769,0.08524546971511197,0.0
9819,1.0,0.05,0.00013365692396543661,0.0,0.006361906506900769,0.08524546971511197,0.0
9820,1.0,0.05,0.00013365692396543661,0.0,0.006361906506900769,0.08524546971511197,0.0
9821,1.0,0.05,0.00013365692396543661,0.0,0.006361906506900769,0.08524546971511197,0.0
9822,1.0,0.05,0.00013365692396543661,0.0,0.007085218621781975,0.08524546971511197,0.0
9823,1.0,0.05,0.00013365692396543661,0.0,0.007085218621781975,0.08524546971511197,0.0
9824,1.0,0.05,0.00013365692396543661,0.0,0.007085218621781975,0.08524546971511197,0.0
9825,1.0,0.05,0.00013365692396543661,0.0,0.007085218621781975,0.07693163824653435,0.0
9826,1.0,0.05,0.00013365692396543661,0.0,0.007085218621781975,0.07693163824653435,0.0
9827,1.0,0.05,0.00013365692396543661,0.0,0.007085218621781975,0.08652571229673194,0.0
9828,1.0,0.05,0.00013365692396543661,0.0,0.007085218621781975,0.07960484504841683,0.0
9829,1.0,0.05,0.00013365692396543661,0.0,0.007085218621781975,0.07960484504841683,0.0
9830,1.0,0.05,0.00013077193818988034,0.0,0.007085218621781975,0.0837151194555142,0.0
9831,1.0,0.05,0.00013077193818988034,0.0,0.007085218621781975,0.11045221083607075,0.0
9832,1.0,0.05,0.00013077193818988034,0.0,0.007085218621781975,0.11045221083607075,0.0
9833,1.0,0.05,0.00013077193818988034,0.0,0.006986199936087167,0.04891671815943596,0.0
9834,1.0,0.05,0.00013077193818988034,0.0,0.006986199936087167,0.04063431853303291,0.0
9835,1.0,0.05,0.00013077193818988034,0.0,0.006986199936087167,0.009810694935381855,0.0
9836,1.0,0.05,0.00013077193818988034,0.0,0.006986199936087167,0.01655922699699556,0.0
9837,1.0,0.05,0.00013077193818988034,0.0,0.006986199936087167,0.011529904570390773,0.0
9838,1.0,0.05,0.00013077193818988034,0.0,0.007230647400922223,0.011529904570390773,0.0
9839,1.0,0.05,0.00013077193818988034,0.0,0.0074686925895823975,0.013669333884837027,0.0
9840,1.0,0.05,0.00013077193818988034,0.0,0.0074686925895823975,0.03030457042259333,0.0
9841,1.0,0.05,0.00013077193818988034,0.0,0.0074686925895823975,0.12134926424764479,0.0
9842,1.0,0.05,0.00013077193818988034,0.0,0.0074686925895823975,0.12134926424764479,0.0
9843,1.0,0.05,0.00013077193818988034,0.0,0.0074686925895823975,0.12167920254478394,0.0
9844,1.0,0.05,0.00013077193818988034,0.0,0.0074686925895823975,0.12167920254478394,0.0
9845,1.0,0.05,0.00013077193818988034,0.0,0.007735090622173806,0.10921246316085823,0.0
9846,1.0,0.05,0.00013077193818988034,0.0,0.00681666648043751,0.08390976923582458,0.0
9847,1.0,0.05,0.00013077193818988034,0.0,0.00681666648043751,0.08390976923582458,0.0
9848,1.0,0.05,0.00013077193818988034,0.0,0.007609832296760509,0.11483655324089642,0.0
9849,1.0,0.05,0.00013077193818988034,0.0,0.0067116381616889815,0.06070354451902558,0.0
9850,1.0,0.05,0.00013077193818988034,0.0,0.0067116381616889815,0.051454339436713514,0.0
9851,1.0,0.05,0.00013077193818988034,0.0,0.0067116381616889815,0.051454339436713514,0.0
9852,1.0,0.05,0.00013077193818988034,0.0,0.005986332628957158,0.051454339436713514,0.0
9853,1.0,0.05,0.00013077193818988034,0.0,0.005986332628957158,0.051454339436713514,0.0
9854,1.0,0.05,0.00013077193818988034,0.0,0.006534306822526498,0.051454339436713514,0.0
9855,1.0,0.05,0.00013077193818988034,0.0,0.006534306822526498,0.051454339436713514,0.0
9856,1.0,0.05,0.00013077193818988034,0.0,0.006534306822526498,0.048128758897363524,0.0
9857,1.0,0.05,0.00013077193818988034,0.0,0.006534306822526498,0.05633136596628955,0.0
9858,1.0,0.05,0.00013077193818988034,0.0,0.006534306822526498,0.11834504643121233,0.0
9859,1.0,0.05,0.00013077193818988034,0.0,0.006534306822526498,0.0585723472532511,0.0
9860,1.0,0.05,0.00013077193818988034,0.0,0.006534306822526498,0.0585723472532511,0.0
9861,1.0,0.05,0.00013077193818988034,0.0,0.006534306822526498,0.07303200510265133,0.0
9862,1.0,0.05,0.00013077193818988034,0.0,0.006534306822526498,0.11613700272252019,0.0
9863,1.0,0.05,0.00013077193818988034,0.0,0.006534306822526498,0.11613700272252019,0.0
9864,1.0,0.05,0.00013400960784145372,0.0,0.006534306822526498,0.11613700272252019,0.0
9865,1.0,0.05,0.00013400960784145372,0.0,0.005717184467983401,0.11613700272252019,0.0
9866,1.0,0.05,0.00013400960784145372,0.0,0.005717184467983401,0.11613700272252019,0.0
9867,1.0,0.05,0.00013400960784145372,0.0,0.006178084400140502,0.09104486102257774,0.0
9868,1.0,0.05,0.00013400960784145372,0.0,0.006178084400140502,0.08191461598172153,0.0
9869,1.0,0.05,0.00013400960784145372,0.0,0.006178084400140502,0.08191461598172153,0.0
9870,1.0,0.05,0.00013400960784145372,0.0,0.006178084400140502,0.03968141627734334,0.0
9871,1.0,0.05,0.00013400960784145372,0.0,0.006538912392822734,0.06841066108587027,0.0
9872,1.0,0.05,0.00013400960784145372,0.0,0.0064014909518958435,0.04262266128523548,0.0
9873,1.0,0.05,0.00013400960784145372,0.0,0.0064014909518958435,0.04262266128523548,0.0
9874,1.0,0.05,0.00013400960784145372,0.0,0.007280149299103314,0.06849000652271463,0.0
9875,1.0,0.05,0.00013400960784145372,0.0,0.007280149299103314,0.06849000652271463,0.0
9876,1.0,0.05,0.00013400960784145372,0.0,0.006815356005069273,0.06849000652271463,0.0
9877,1.0,0.05,0.00013400960784145372,0.0,0.006815356005069273,0.055081907092677435,0.0
9878,1.0,0.05,0.00013400960784145372,0.0,0.007186088466968956,0.055081907092677435,0.0
9879,1.0,0.05,0.00013400960784145372,0.0,0.005409945463950047,0.055081907092677435,0.0
9880,1.0,0.05,0.00013400960784145372,0.0,0.005409945463950047,0.06445923942629561,0.0
9881,1.0,0.05,0.00013400960784145372,0.0,0.005409945463950047,0.05727900434773553,0.0
9882,1.0,0.05,0.00013400960784145372,0.0,0.005409945463950047,0.06041043791898616,0.0
9883,1.0,0.05,0.00013400960784145372,0.0,0.005409945463950047,0.06041043791898616,0.0
9884,1.0,0.05,0.00013400960784145372,0.0,0.005409945463950047,0.06041043791898616,0.0
9885,1.0,0.05,0.00013400960784145372,0.0,0.005409945463950047,0.031524991584944526,0.0
9886,1.0,0.05,0.00013400960784145372,0.0,0.005409945463950047,0.031524991584944526,0.0
9887,1.0,0.05,0.00013400960784145372,0.0,0.005409945463950047,0.04343615706329591,0.0
9888,1.0,0.05,0.00013400960784145372,0.0,0.005409945463950047,0.04343615706329591,0.0
9889,1.0,0.05,0.00013771259004836465,0.0,0.005409945463950047,0.045549205454454976,0.0
9890,1.0,0.05,0.00013771259004836465,0.0,0.005409945463950047,0.045549205454454976,0.0
9891,1.0,0.05,0.00013771259004836465,0.0,0.005409945463950047,0.05334983546519983,0.0
9892,1.0,0.05,0.00013771259004836465,0.0,0.005409945463950047,0.05334983546519983,0.0
9893,1.0,0.05,0.00013771259004836465,0.0,0.005409945463950047,0.05334983546519983,0.0
9894,1.0,0.05,0.00013771259004836465,0.0,0.006220101612160171,0.07503251207103172,0.0
9895,1.0,0.05,0.00013771259004836465,0.0,0.006220101612160171,0.07503251207103172,0.0
9896,1.0,0.05,0.00013043057017157736,0.0,0.006220101612160171,0.03321035864033371,0.0
9897,1.0,0.05,0.00013043057017157736,0.0,0.006220101612160171,0.04305083308734106,0.0
9898,1.0,0.05,0.00013043057017157736,0.0,0.006220101612160171,0.04305083308734106,0.0
9899,1.0,0.05,0.00013043057017157736,0.0,0.006220101612160171,0.10829706641812809,0.0
9900,1.0,0.05,0.00013043057017157736,0.0,0.006220101612160171,0.08489600132726785,0.0
9901,1.0,0.05,0.00013043057017157736,0.0,0.006220101612160171,0.08489600132726785,0.0
9902,1.0,0.05,0.00013043057017157736,0.0,0.006220101612160171,0.10414548020250637,0.0
9903,1.0,0.05,0.00013043057017157736,0.0,0.006220101612160171,0.10414548020250637,0.0
9904,1.0,0.05,0.00013059948105886536,0.0,0.006220101612160171,0.10414548020250637,0.0
9905,1.0,0.05,0.00013059948105886536,0.0,0.006220101612160171,0.10414548020250637,0.0
9906,1.0,0.05,0.00013059948105886536,0.0,0.006220101612160171,0.10414548020250637,0.0
9907,1.0,0.05,0.00012120347099689734,0.0,0.006220101612160171,0.10414548020250637,0.0
9908,1.0,0.05,0.00012120347099689734,0.0,0.006220101612160171,0.10414548020250637,0.0
9909,1.0,0.05,0.00012120347099689734,0.0,0.009328612152892934,0.10414548020250637,0.0
9910,1.0,0.05,0.00012120347099689734,0.0,0.005976784703413587,0.10414548020250637,0.0
9911,1.0,0.05,0.00012120347099689734,0.0,0.005976784703413587,0.09723623218172481,0.0
9912,1.0,0.05,0.00013202341699143028,0.0,0.008754507750453317,0.05294753682942139,0.0
9913,1.0,0.05,0.00013202341699143028,0.0,0.007781659083746837,0.05294753682942139,0.0
9914,1.0,0.05,0.00013202341699143028,0.0,0.0061768617786405605,0.05294753682942139,0.0
9915,1.0,0.05,0.00013202341699143028,0.0,0.0061768617786405605,0.027861518907212134,0.0
9916,1.0,0.05,0.00013468363487596357,0.0,0.0061768617786405605,0.10857096631135346,0.0
9917,1.0,0.05,0.00013468363487596357,0.0,0.00582464748124037,0.10857096631135346,0.0
9918,1.0,0.05,0.00013105974770036063,0.0,0.00582464748124037,0.10857096631135346,0.0
9919,1.0,0.05,0.00013105974770036063,0.0,0.00582464748124037,0.10857096631135346,0.0
9920,1.0,0.05,0.00013105974770036063,0.0,0.00582464748124037,0.09275075442096851,0.0
9921,1.0,0.05,0.00013105974770036063,0.0,0.00582464748124037,0.09275075442096851,0.0
9922,1.0,0.05,0.00013105974770036063,0.0,0.00582464748124037,0.09275075442096851,0.0
9923,1.0,0.05,0.00013105974770036063,0.0,0.00582464748124037,0.11611180155764408,0.0
9924,1.0,0.05,0.00013105974770036063,0.0,0.00582464748124037,0.07810355761238524,0.0
9925,1.0,0.05,0.00013105974770036063,0.0,0.00582464748124037,0.11648859322382979,0.0
9926,1.0,0.05,0.00013417432034231776,0.0,0.00582464748124037,0.07789129315636018,0.0
9927,1.0,0.05,0.00013417432034231776,0.0,0.00582464748124037,0.07620561195508294,0.0
9928,1.0,0.05,0.00013417432034231776,0.0,0.00582464748124037,0.0742701359213363,0.0
9929,1.0,0.05,0.00013417432034231776,0.0,0.00582464748124037,0.0742701359213363,0.0
9930,1.0,0.05,0.00013417432034231776,0.0,0.00582464748124037,0.0742701359213363,0.0
9931,1.0,0.05,0.00013417432034231776,0.0,0.00582464748124037,0.0742701359213363,0.0
9932,1.0,0.05,0.00013417432034231776,0.0,0.00582464748124037,0.0742701359213363,0.0
9933,1.0,0.05,0.00013417432034231776,0.0,0.00582464748124037,0.0742701359213363,0.0
9934,1.0,0.05,0.00013417432034231776,0.0,0.00582464748124037,0.12053039624792884,0.0
9935,1.0,0.05,0.00013417432034231776,0.0,0.00582464748124037,0.046807426604977886,0.0
9936,1.0,0.05,0.00013417432034231776,0.0,0.00582464748124037,0.046807426604977886,0.0
9937,1.0,0.05,0.00013417432034231776,0.0,0.00582464748124037,0.0896438586202864,0.0
9938,1.0,0.05,0.00013417432034231776,0.0,0.00582464748124037,0.0896438586202864,0.0
9939,1.0,0.05,0.00013417432034231776,0.0,0.00582464748124037,0.0896438586202864,0.0
9940,1.0,0.05,0.00013417432034231776,0.0,0.00582464748124037,0.0896438586202864,0.0
9941,1.0,0.05,0.00013417432034231776,0.0,0.006945486840297191,0.0896438586202864,0.0
9942,1.0,0.05,0.00013417432034231776,0.0,0.00531081737464836,0.038273344115149405,0.0
9943,1.0,0.05,0.00013634456108925153,0.0,0.00531081737464836,0.038273344115149405,0.0
9944,1.0,0.05,0.00013634456108925153,0.0,0.00531081737464836,0.0242315918967638,0.0
9945,1.0,0.05,0.00013634456108925153,0.0,0.00531081737464836,0.02657160881349686,0.0
9946,1.0,0.05,0.00013634456108925153,0.0,0.00531081737464836,0.02657160881349686,0.0
9947,1.0,0.05,0.00013634456108925153,0.0,0.00531081737464836,0.08778294263919942,0.0
9948,1.0,0.05,0.00013188718689469999,0.0,0.00531081737464836,0.08778294263919942,0.0
9949,1.0,0.05,0.00012998436874597232,0.0,0.00864796454591428,0.09783439227877183,0.0
9950,1.0,0.05,0.00011824648053059686,0.0,0.00864796454591428,0.06067804853925032,0.0
9951,1.0,0.05,0.00011824648053059686,0.0,0.00864796454591428,0.06382313906060773,0.0
9952,1.0,0.05,0.00012556099673858046,0.0,0.009007352428887156,0.06382313906060773,0.0
9953,1.0,0.05,0.00012556099673858046,0.0,0.009007352428887156,0.09219237141554383,0.0
9954,1.0,0.05,0.00012556099673858046,0.0,0.005751868853839896,0.08042793451413682,0.0
9955,1.0,0.05,0.00012556099673858046,0.0,0.005751868853839896,0.045494130312504065,0.0
9956,1.0,0.05,0.00014084798735757527,0.0,0.005751868853839896,0.045494130312504065,0.0
9957,1.0,0.05,0.00014084798735757527,0.0,0.005751868853839896,0.045494130312504065,0.0
9958,1.0,0.05,0.00014084798735757527,0.0,0.005751868853839896,0.02534008598325539,0.0
9959,1.0,0.05,0.00014084798735757527,0.0,0.005751868853839896,0.0381672549236719,0.0
9960,1.0,0.05,0.00014084798735757527,0.0,0.005751868853839896,0.0381672549236719,0.0
9961,1.0,0.05,0.00014084798735757527,0.0,0.005751868853839896,0.0381672549236719,0.0
9962,1.0,0.05,0.00014084798735757527,0.0,0.005751868853839896,0.08455252786257085,0.0
9963,1.0,0.05,0.00014084798735757527,0.0,0.005918306639273388,0.08455252786257085,0.0
9964,1.0,0.05,0.0001394751516883645,0.0,0.005918306639273388,0.03191373999993832,0.0
9965,1.0,0.05,0.0001394751516883645,0.0,0.006163662660935169,0.0505044133790531,0.0
9966,1.0,0.05,0.0001394751516883645,0.0,0.006163662660935169,0.054944573937244306,0.0
9967,1.0,0.05,0.0001394751516883645,0.0,0.006163662660935169,0.03240152548950984,0.0
9968,1.0,0.05,0.0001394751516883645,0.0,0.006229501166612822,0.03240152548950984,0.0
9969,1.0,0.05,0.0001394751516883645,0.0,0.006229501166612822,0.059356308974665914,0.0
9970,1.0,0.05,0.0001394751516883645,0.0,0.006229501166612822,0.03802598452943019,0.0
9971,1.0,0.05,0.0001394751516883645,0.0,0.006229501166612822,0.03802598452943019,0.0
9972,1.0,0.05,0.0001394751516883645,0.0,0.006229501166612822,0.025014871918667327,0.0
9973,1.0,0.05,0.0001394751516883645,0.0,0.006229501166612822,0.03294420947018635,0.0
9974,1.0,0.05,0.0001394751516883645,0.0,0.006229501166612822,0.028258586916872653,0.0
9975,1.0,0.05,0.0001394751516883645,0.0,0.006229501166612822,0.028258586916872653,0.0
9976,1.0,0.05,0.0001394751516883645,0.0,0.006229501166612822,0.028258586916872653,0.0
9977,1.0,0.05,0.0001394751516883645,0.0,0.006229501166612822,0.028258586916872653,0.0
9978,1.0,0.05,0.00013623248720701824,0.0,0.006102825732743526,0.036742583071856114,0.0
9979,1.0,0.05,0.00013623248720701824,0.0,0.006102825732743526,0.03396677135610279,0.0
9980,1.0,0.05,0.00013623248720701824,0.0,0.006102825732743526,0.03396677135610279,0.0
9981,1.0,0.05,0.00013623248720701824,0.0,0.006102825732743526,0.03396677135610279,0.0
9982,1.0,0.05,0.00013623248720701824,0.0,0.006102825732743526,0.03396677135610279,0.0
9983,1.0,0.05,0.00013623248720701824,0.0,0.005941402006958008,0.03396677135610279,0.0
9984,1.0,0.05,0.00013623248720701824,0.0,0.005941402006958008,0.03396677135610279,0.0
9985,1.0,0.05,0.00013623248720701824,0.0,0.005941402006958008,0.03396677135610279,0.0
9986,1.0,0.05,0.00013623248720701824,0.0,0.005941402006958008,0.03396677135610279,0.0
9987,1.0,0.05,0.00013623248720701824,0.0,0.005941402006958008,0.020677498808039093,0.0
9988,1.0,0.05,0.00013623248720701824,0.0,0.005985624994519619,0.042938103323079,0.0
9989,1.0,0.05,0.00013623248720701824,0.0,0.005985624994519619,0.042938103323079,0.0
9990,1.0,0.05,0.00013623248720701824,0.0,0.005985624994519619,0.0776819042098212,0.0
9991,1.0,0.05,0.00013623248720701824,0.0,0.005481184665738775,0.06482777855250568,0.0
9992,1.0,0.05,0.00013623248720701824,0.0,0.005545796669328254,0.06790189024910297,0.0
9993,1.0,0.05,0.00013623248720701824,0.0,0.006137662815259412,0.03497501692784685,0.0
9994,1.0,0.05,0.00013623248720701824,0.0,0.006137662815259412,0.03497501692784685,0.0
9995,1.0,0.05,0.00013623248720701824,0.0,0.006137662815259412,0.03497501692784685,0.0
9996,1.0,0.05,0.00013623248720701824,0.0,0.006137662815259412,0.009046228199990293,0.0
9997,1.0,0.05,0.0001363237097561326,0.0,0.006137662815259412,0.018455314092783642,0.0
9998,1.0,0.05,0.0001363237097561326,0.0,0.006137662815259412,0.014450699319731312,0.0
9999,1.0,0.05,0.0001363237097561326,0.0,0.006137662815259412,0.026240283752238865,0.0
10000,1.0,0.05,0.00013637538734436908,0.0,0.007341400116087389,0.04459233971986283,0.0
10001,1.0,0.05,0.00013637538734436908,0.0,0.007341400116087389,0.03676807678340652,0.0
10002,1.0,0.05,0.00013637538734436908,0.0,0.007341400116087389,0.03676807678340652,0.0
10003,1.0,0.05,0.00013637538734436908,0.0,0.006717049127585239,0.03676807678340652,0.0
10004,1.0,0.05,0.00013056416611824837,0.0,0.006717049127585239,0.09939138090973453,0.0
10005,1.0,0.05,0.00012352590214850074,0.0,0.006717049127585239,0.09939138090973453,0.0
10006,1.0,0.05,0.0001296288694726226,0.0,0.006717049127585239,0.09939138090973453,0.0
10007,1.0,0.05,0.00013400533809501106,0.0,0.006717049127585239,0.09939138090973453,0.0
10008,1.0,0.05,0.00013400533809501106,0.0,0.006717049127585239,0.09939138090973453,0.0
10009,1.0,0.05,0.00012521594458197815,0.0,0.006717049127585239,0.11632649510093368,0.0
10010,1.0,0.05,0.00012521594458197815,0.0,0.006032542558557846,0.11632649510093368,0.0
10011,1.0,0.05,0.00012521594458197815,0.0,0.006797679483108229,0.11632649510093368,0.0
10012,1.0,0.05,0.00012521594458197815,0.0,0.006797679483108229,0.11632649510093368,0.0
10013,1.0,0.05,0.00012521594458197815,0.0,0.006797679483108229,0.11632649510093368,0.0
10014,1.0,0.05,0.00012521594458197815,0.0,0.006915035229156711,0.11632649510093368,0.0
10015,1.0,0.05,0.00012521594458197815,0.0,0.006915035229156711,0.06048069777866148,0.0
10016,1.0,0.05,0.00012521594458197815,0.0,0.006915035229156711,0.10284759948507986,0.0
10017,1.0,0.05,0.00012233031400663688,0.0,0.006915035229156711,0.10284759948507986,0.0
10018,1.0,0.05,0.00012233031400663688,0.0,0.006915035229156711,0.07935183721883365,0.0
10019,1.0,0.05,0.00012233031400663688,0.0,0.00744677598436192,0.07935183721883365,0.0
10020,1.0,0.05,0.0001280355244239162,0.0,0.00744677598436192,0.07935183721883365,0.0
10021,1.0,0.05,0.00014416604924635668,0.0,0.0066452350510829645,0.06008315420215628,0.0
10022,1.0,0.05,0.00013913137666670718,0.0,0.0066452350510829645,0.06008315420215628,0.0
10023,1.0,0.05,0.00013913137666670718,0.0,0.006168027039037099,0.06008315420215628,0.0
10024,1.0,0.05,0.00013913137666670718,0.0,0.006168027039037099,0.04258582692556012,0.0
10025,1.0,0.05,0.00013913137666670718,0.0,0.006168027039037099,0.11500011275737543,0.0
10026,1.0,0.05,0.00013913137666670718,0.0,0.006168027039037099,0.031151918324372436,0.0
10027,1.0,0.05,0.00013913137666670718,0.0,0.006168027039037099,0.031151918324372436,0.0
10028,1.0,0.05,0.00013913137666670718,0.0,0.0058517380549302925,0.031151918324372436,0.0
10029,1.0,0.05,0.00013913137666670718,0.0,0.0058517380549302925,0.043672194143508015,0.0
10030,1.0,0.05,0.00013913137666670718,0.0,0.0058517380549302925,0.11810564327091161,0.0
10031,1.0,0.05,0.00013661000175563894,0.0,0.0058517380549302925,0.1043034619290727,0.0
10032,1.0,0.05,0.00013661000175563894,0.0,0.0058517380549302925,0.09613623123085273,0.0
10033,1.0,0.05,0.00013661000175563894,0.0,0.0058517380549302925,0.09613623123085273,0.0
10034,1.0,0.05,0.00013661000175563894,0.0,0.0058517380549302925,0.09613623123085273,0.0
10035,1.0,0.05,0.00013661000175563894,0.0,0.0058517380549302925,0.09613623123085273,0.0
10036,1.0,0.05,0.00013661000175563894,0.0,0.0058517380549302925,0.09613623123085273,0.0
10037,1.0,0.05,0.00013661000175563894,0.0,0.0058517380549302925,0.09613623123085273,0.0
10038,1.0,0.05,0.00013661000175563894,0.0,0.0060157407158619725,0.09613623123085273,0.0
10039,1.0,0.05,0.00013661000175563894,0.0,0.0060157407158619725,0.10693212259713464,0.0
10040,1.0,0.05,0.00013661000175563894,0.0,0.0060157407158619725,0.12885489896773689,0.0
10041,1.0,0.05,0.00013661000175563894,0.0,0.0060157407158619725,0.12885489896773689,0.0
10042,1.0,0.05,0.00013661000175563894,0.0,0.0060157407158619725,0.05632774329298146,0.0
10043,1.0,0.05,0.00013661000175563894,0.0,0.0060157407158619725,0.06004856318335991,0.0
10044,1.0,0.05,0.00013661000175563894,0.0,0.0060157407158619725,0.06004856318335991,0.0
10045,1.0,0.05,0.00013661000175563894,0.0,0.0060157407158619725,0.025391040787008535,0.0
10046,1.0,0.05,0.00013661000175563894,0.0,0.0060157407158619725,0.04352548526689314,0.0
10047,1.0,0.05,0.00013661000175563894,0.0,0.0060157407158619725,0.04352548526689314,0.0
10048,1.0,0.05,0.00013661000175563894,0.0,0.0060157407158619725,0.04352548526689314,0.0
10049,1.0,0.05,0.00013661000175563894,0.0,0.0060157407158619725,0.0849656061822534,0.0
10050,1.0,0.05,0.00013661000175563894,0.0,0.0060157407158619725,0.0849656061822534,0.0
10051,1.0,0.05,0.00013661000175563894,0.0,0.006810952006561404,0.0716549057778876,0.0
10052,1.0,0.05,0.00013661000175563894,0.0,0.006810952006561404,0.09874839265230562,0.0
10053,1.0,0.05,0.00013661000175563894,0.0,0.006810952006561404,0.09874839265230562,0.0
10054,1.0,0.05,0.00013661000175563894,0.0,0.006810952006561404,0.0385083248482355,0.0
10055,1.0,0.05,0.00013197729056042422,0.0,0.006810952006561404,0.07674216348407907,0.0
10056,1.0,0.05,0.00013197729056042422,0.0,0.006810952006561404,0.04040579973425901,0.0
10057,1.0,0.05,0.00013197729056042422,0.0,0.006810952006561404,0.11102770653243847,0.0
10058,1.0,0.05,0.00013197729056042422,0.0,0.006810952006561404,0.11102770653243847,0.0
10059,1.0,0.05,0.00013197729056042422,0.0,0.006810952006561404,0.13299451843249097,0.0
10060,1.0,0.05,0.0001260855171902284,0.0,0.006810952006561404,0.13299451843249097,0.0
10061,1.0,0.05,0.0001260855171902284,0.0,0.006810952006561404,0.12931084805725307,0.0
10062,1.0,0.05,0.0001260855171902284,0.0,0.006760838172315305,0.12931084805725307,0.0
10063,1.0,0.05,0.0001260855171902284,0.0,0.006760838172315305,0.12931084805725307,0.0
10064,1.0,0.05,0.0001260855171902284,0.0,0.006760838172315305,0.08813800039659214,0.0
10065,1.0,0.05,0.0001260855171902284,0.0,0.008280931563482597,0.09711798539342771,0.0
10066,1.0,0.05,0.0001260855171902284,0.0,0.008280931563482597,0.05268808455560888,0.0
10067,1.0,0.05,0.0001260855171902284,0.0,0.007610622481797584,0.05268808455560888,0.0
10068,1.0,0.05,0.0001260855171902284,0.0,0.006553845977601275,0.05268808455560888,0.0
10069,1.0,0.05,0.0001260855171902284,0.0,0.006553845977601275,0.05268808455560888,0.0
10070,1.0,0.05,0.0001260855171902284,0.0,0.006553845977601275,0.02930810229017672,0.0
10071,1.0,0.05,0.0001260855171902284,0.0,0.006553845977601275,0.02930810229017672,0.0
10072,1.0,0.05,0.0001260855171902284,0.0,0.006553845977601275,0.02930810229017672,0.0
10073,1.0,0.05,0.0001260855171902284,0.0,0.006553845977601275,0.06058726283629427,0.0
10074,1.0,0.05,0.0001260855171902284,0.0,0.006709151869482325,0.06058726283629427,0.0
10075,1.0,0.05,0.0001260855171902284,0.0,0.0056811593790777664,0.06058726283629427,0.0
10076,1.0,0.05,0.0001260855171902284,0.0,0.007080525095479134,0.06058726283629427,0.0
10077,1.0,0.05,0.0001260855171902284,0.0,0.007080525095479134,0.06058726283629427,0.0
10078,1.0,0.05,0.0001260855171902284,0.0,0.007797888454201253,0.06058726283629427,0.0
10079,1.0,0.05,0.0001260855171902284,0.0,0.007797888454201253,0.06058726283629427,0.0
10080,1.0,0.05,0.0001260855171902284,0.0,0.008141379796776895,0.07445771927618566,0.0
10081,1.0,0.05,0.0001260855171902284,0.0,0.008141379796776895,0.07445771927618566,0.0
10082,1.0,0.05,0.0001260855171902284,0.0,0.008141379796776895,0.07445771927618566,0.0
10083,1.0,0.05,0.0001260855171902284,0.0,0.006495461632029017,0.05690515483945704,0.0
10084,1.0,0.05,0.00012368499781858312,0.0,0.006495461632029017,0.05690515483945704,0.0
10085,1.0,0.05,0.00012368499781858312,0.0,0.007411926021020844,0.05690515483945704,0.0
10086,1.0,0.05,0.00012368499781858312,0.0,0.007411926021020844,0.05690515483945704,0.0
10087,1.0,0.05,0.00012368499781858312,0.0,0.007411926021020844,0.03300246215228324,0.0
10088,1.0,0.05,0.00012368499781858312,0.0,0.007411926021020844,0.03300246215228324,0.0
10089,1.0,0.05,0.00012368499781858312,0.0,0.007411926021020844,0.0687575549241266,0.0
10090,1.0,0.05,0.00012368499781858312,0.0,0.007411926021020844,0.0687575549241266,0.0
10091,1.0,0.05,0.00012368499781858312,0.0,0.007144611840151233,0.0687575549241266,0.0
10092,1.0,0.05,0.00012368499781858312,0.0,0.007144611840151233,0.0687575549241266,0.0
10093,1.0,0.05,0.00012368499781858312,0.0,0.007449691843179867,0.1075967035685304,0.0
10094,1.0,0.05,0.00012368499781858312,0.0,0.007101675326813677,0.1075967035685304,0.0
10095,1.0,0.05,0.00012368499781858312,0.0,0.006219249595975227,0.1075967035685304,0.0
10096,1.0,0.05,0.00012368499781858312,0.0,0.006219249595975227,0.1075967035685304,0.0
10097,1.0,0.05,0.00012368499781858312,0.0,0.006219249595975227,0.1075967035685304,0.0
10098,1.0,0.05,0.00012368499781858312,0.0,0.006219249595975227,0.1062684188160138,0.0
10099,1.0,0.05,0.00012368499781858312,0.0,0.007172255948329907,0.1062684188160138,0.0
10100,1.0,0.05,0.00012368499781858312,0.0,0.007172255948329907,0.1062684188160138,0.0
10101,1.0,0.05,0.00012368499781858312,0.0,0.007172255948329907,0.1062684188160138,0.0
10102,1.0,0.05,0.00012368499781858312,0.0,0.007172255948329907,0.1062684188160138,0.0
10103,1.0,0.05,0.00012368499781858312,0.0,0.007172255948329907,0.1062684188160138,0.0
10104,1.0,0.05,0.00012368499781858312,0.0,0.007172255948329907,0.1062684188160138,0.0
10105,1.0,0.05,0.00012368499781858312,0.0,0.007172255948329907,0.1062684188160138,0.0
10106,1.0,0.05,0.00012368499781858312,0.0,0.007172255948329907,0.07084262570759026,0.0
10107,1.0,0.05,0.00012368499781858312,0.0,0.007172255948329907,0.07084262570759026,0.0
10108,1.0,0.05,0.00012368499781858312,0.0,0.007172255948329907,0.07297533818343932,0.0
10109,1.0,0.05,0.00012368499781858312,0.0,0.007172255948329907,0.0700809451519181,0.0
10110,1.0,0.05,0.00012368499781858312,0.0,0.00826431160254848,0.0700809451519181,0.0
10111,1.0,0.05,0.00012368499781858312,0.0,0.007638518229792951,0.1313192630377999,0.0
10112,1.0,0.05,0.00012368499781858312,0.0,0.006766012994128049,0.12029708056607152,0.0
10113,1.0,0.05,0.00012368499781858312,0.0,0.006766012994128049,0.12029708056607152,0.0
10114,1.0,0.05,0.00012368499781858312,0.0,0.0063550101453982225,0.12029708056607152,0.0
10115,1.0,0.05,0.00012368499781858312,0.0,0.0063550101453982225,0.12029708056607152,0.0
10116,1.0,0.05,0.00012368499781858312,0.0,0.0063550101453982225,0.12029708056607152,0.0
10117,1.0,0.05,0.00012368499781858312,0.0,0.006164355922602714,0.11563608834976863,0.0
10118,1.0,0.05,0.00012368499781858312,0.0,0.006123438175821192,0.11563608834976863,0.0
10119,1.0,0.05,0.00012368499781858312,0.0,0.006123438175821192,0.11563608834976863,0.0
10120,1.0,0.05,0.0001354039678450629,0.0,0.006123438175821192,0.07982630240453802,0.0
10121,1.0,0.05,0.0001354039678450629,0.0,0.006123438175821192,0.0802601553928097,0.0
10122,1.0,0.05,0.0001354039678450629,0.0,0.006123438175821192,0.06978820701110808,0.0
10123,1.0,0.05,0.0001354039678450629,0.0,0.006123438175821192,0.07357516317968275,0.0
10124,1.0,0.05,0.0001354039678450629,0.0,0.006123438175821192,0.07357516317968275,0.0
10125,1.0,0.05,0.0001354039678450629,0.0,0.006123438175821192,0.07357516317968275,0.0
10126,1.0,0.05,0.0001354039678450629,0.0,0.006123438175821192,0.07357516317968275,0.0
10127,1.0,0.05,0.0001354039678450629,0.0,0.006123438175821192,0.06567318244437036,0.0
10128,1.0,0.05,0.0001354039678450629,0.0,0.006123438175821192,0.01198332112588554,0.0
10129,1.0,0.05,0.0001354039678450629,0.0,0.006123438175821192,0.004628689450746098,0.0
10130,1.0,0.05,0.0001354039678450629,0.0,0.006123438175821192,0.008118203033888735,0.0
10131,1.0,0.05,0.0001354039678450629,0.0,0.006123438175821192,0.021978757954152894,0.0
10132,1.0,0.05,0.0001354039678450629,0.0,0.006123438175821192,0.06863305960794061,0.0
10133,1.0,0.05,0.0001354039678450629,0.0,0.006123438175821192,0.06863305960794061,0.0
10134,1.0,0.05,0.0001354039678450629,0.0,0.006123438175821192,0.07372792685648887,0.0
10135,1.0,0.05,0.0001354039678450629,0.0,0.006123438175821192,0.0627214761724938,0.0
10136,1.0,0.05,0.0001354039678450629,0.0,0.006123438175821192,0.0627214761724938,0.0
10137,1.0,0.05,0.0001354039678450629,0.0,0.006123438175821192,0.0627214761724938,0.0
10138,1.0,0.05,0.0001354039678450629,0.0,0.006123438175821192,0.10044169850918716,0.0
10139,1.0,0.05,0.00013562866046872512,0.0,0.006123438175821192,0.10044169850918716,0.0
10140,1.0,0.05,0.00013562866046872512,0.0,0.006123438175821192,0.07641499620537906,0.0
10141,1.0,0.05,0.00013562866046872512,0.0,0.006123438175821192,0.07641499620537906,0.0
10142,1.0,0.05,0.00013562866046872512,0.0,0.006123438175821192,0.027066153408628918,0.0
10143,1.0,0.05,0.00013562866046872512,0.0,0.006123438175821192,0.009587747090116389,0.0
10144,1.0,0.05,0.00013562866046872512,0.0,0.006123438175821192,0.020189988453647743,0.0
10145,1.0,0.05,0.00013562866046872512,0.0,0.006123438175821192,0.020189988453647743,0.0
10146,1.0,0.05,0.00013562866046872512,0.0,0.006123438175821192,0.020189988453647743,0.0
10147,1.0,0.05,0.00013562866046872512,0.0,0.006123438175821192,0.020189988453647743,0.0
10148,1.0,0.05,0.00013562866046872512,0.0,0.006123438175821192,0.014815406432954748,0.0
10149,1.0,0.05,0.00013562866046872512,0.0,0.006123438175821192,0.014815406432954748,0.0
10150,1.0,0.05,0.00013562866046872512,0.0,0.006123438175821192,0.015910909935847706,0.0
10151,1.0,0.05,0.00013562866046872512,0.0,0.005844346590609821,0.03205489296067745,0.0
10152,1.0,0.05,0.00013715401359716504,0.0,0.005844346590609821,0.03575060156381227,0.0
10153,1.0,0.05,0.00013715401359716504,0.0,0.005844346590609821,0.039639882176652486,0.0
10154,1.0,0.05,0.00014003565162906573,0.0,0.005844346590609821,0.039639882176652486,0.0
10155,1.0,0.05,0.00014003565162906573,0.0,0.0052362158449095865,0.0343909775587111,0.0
10156,1.0,0.05,0.00014003565162906573,0.0,0.0052362158449095865,0.0343909775587111,0.0
10157,1.0,0.05,0.00014003565162906573,0.0,0.0052362158449095865,0.0343909775587111,0.0
10158,1.0,0.05,0.00014003565162906573,0.0,0.005966823407560119,0.0343909775587111,0.0
10159,1.0,0.05,0.00014003565162906573,0.0,0.005966823407560119,0.027096798611409203,0.0
10160,1.0,0.05,0.00014003565162906573,0.0,0.005966823407560119,0.041688335961162656,0.0
10161,1.0,0.05,0.00013408989387338202,0.0,0.005966823407560119,0.041688335961162656,0.0
10162,1.0,0.05,0.00013408989387338202,0.0,0.005966823407560119,0.03241716295374247,0.0
10163,1.0,0.05,0.00013408989387338202,0.0,0.005966823407560119,0.03366493972053829,0.0
10164,1.0,0.05,0.00013860891950544195,0.0,0.005966823407560119,0.04026268946926258,0.0
10165,1.0,0.05,0.00013860891950544195,0.0,0.005966823407560119,0.04503651718866616,0.0
10166,1.0,0.05,0.00013860891950544195,0.0,0.005966823407560119,0.0708429057303637,0.0
10167,1.0,0.05,0.00013860891950544195,0.0,0.005966823407560119,0.0708429057303637,0.0
10168,1.0,0.05,0.00013860891950544195,0.0,0.005966823407560119,0.06088746366318061,0.0
10169,1.0,0.05,0.00013860891950544195,0.0,0.005966823407560119,0.06088746366318061,0.0
10170,1.0,0.05,0.00013860891950544195,0.0,0.005966823407560119,0.06088746366318061,0.0
10171,1.0,0.05,0.00013860891950544195,0.0,0.005966823407560119,0.06088746366318061,0.0
10172,1.0,0.05,0.00013053158837163036,0.0,0.005966823407560119,0.06088746366318061,0.0
10173,1.0,0.05,0.00013053158837163036,0.0,0.005966823407560119,0.06088746366318061,0.0
10174,1.0,0.05,0.00013053158837163036,0.0,0.005966823407560119,0.06088746366318061,0.0
10175,1.0,0.05,0.00013053158837163036,0.0,0.006144159563245457,0.06088746366318061,0.0
10176,1.0,0.05,0.00013053158837163036,0.0,0.006703341321097737,0.07973342518434445,0.0
10177,1.0,0.05,0.00013053158837163036,0.0,0.006703341321097737,0.07973342518434445,0.0
10178,1.0,0.05,0.00013053158837163036,0.0,0.006703341321097737,0.07973342518434445,0.0
10179,1.0,0.05,0.00013053158837163036,0.0,0.006703341321097737,0.10328479292919984,0.0
10180,1.0,0.05,0.00013053158837163036,0.0,0.006688865712631857,0.08681558123780522,0.0
10181,1.0,0.05,0.00013053158837163036,0.0,0.006688865712631857,0.09285468723087853,0.0
10182,1.0,0.05,0.00013053158837163036,0.0,0.006688865712631857,0.10384747550859634,0.0
10183,1.0,0.05,0.00013053158837163036,0.0,0.006688865712631857,0.10290574764475566,0.0
10184,1.0,0.05,0.00013053158837163036,0.0,0.006688865712631857,0.1084503367438061,0.0
10185,1.0,0.05,0.00013053158837163036,0.0,0.006688865712631857,0.1084503367438061,0.0
10186,1.0,0.05,0.00013053158837163036,0.0,0.006688865712631857,0.03898897288883421,0.0
10187,1.0,0.05,0.00013053158837163036,0.0,0.006688865712631857,0.06566668127855031,0.0
10188,1.0,0.05,0.00013053158837163036,0.0,0.006688865712631857,0.06566668127855031,0.0
10189,1.0,0.05,0.00013053158837163036,0.0,0.006688865712631857,0.06566668127855031,0.0
10190,1.0,0.05,0.00013053158837163036,0.0,0.006343816354469639,0.08777307184969566,0.0
10191,1.0,0.05,0.00013053158837163036,0.0,0.006343816354469639,0.08777307184969566,0.0
10192,1.0,0.05,0.00013053158837163036,0.0,0.006343816354469639,0.07288114273515665,0.0
10193,1.0,0.05,0.00013053158837163036,0.0,0.006343816354469639,0.07288114273515665,0.0
10194,1.0,0.05,0.00013053158837163036,0.0,0.006343816354469639,0.07288114273515665,0.0
10195,1.0,0.05,0.00013053158837163036,0.0,0.006343816354469639,0.12389559938461166,0.0
10196,1.0,0.05,0.00013053158837163036,0.0,0.006343816354469639,0.068785927886263,0.0
10197,1.0,0.05,0.00013053158837163036,0.0,0.006343816354469639,0.068785927886263,0.0
10198,1.0,0.05,0.00013053158837163036,0.0,0.006128093348109743,0.05332615362764407,0.0
10199,1.0,0.05,0.00013053158837163036,0.0,0.00608321819817597,0.05332615362764407,0.0
10200,1.0,0.05,0.00013053158837163036,0.0,0.00608321819817597,0.0644163049913424,0.0
10201,1.0,0.05,0.00013053158837163036,0.0,0.00608321819817597,0.0644163049913424,0.0
10202,1.0,0.05,0.0001354161746187087,0.0,0.00608321819817597,0.0660879657362186,0.0
10203,1.0,0.05,0.0001354161746187087,0.0,0.00608321819817597,0.0645509179960812,0.0
10204,1.0,0.05,0.0001354161746187087,0.0,0.00608321819817597,0.0645509179960812,0.0
10205,1.0,0.05,0.0001354161746187087,0.0,0.00608321819817597,0.051633854735020815,0.0
10206,1.0,0.05,0.0001354161746187087,0.0,0.00608321819817597,0.051633854735020815,0.0
10207,1.0,0.05,0.0001354161746187087,0.0,0.00608321819817597,0.051633854735020815,0.0
10208,1.0,0.05,0.0001354161746187087,0.0,0.00608321819817597,0.051633854735020815,0.0
10209,1.0,0.05,0.0001354161746187087,0.0,0.00608321819817597,0.07499531485523882,0.0
10210,1.0,0.05,0.0001354161746187087,0.0,0.00608321819817597,0.06363659931383879,0.0
10211,1.0,0.05,0.0001354161746187087,0.0,0.00608321819817597,0.06363659931383879,0.0
10212,1.0,0.05,0.0001354161746187087,0.0,0.00608321819817597,0.07645078428002251,0.0
10213,1.0,0.05,0.0001354161746187087,0.0,0.00608321819817597,0.0610966399584628,0.0
10214,1.0,0.05,0.0001354161746187087,0.0,0.006194527353235092,0.10369611662085104,0.0
10215,1.0,0.05,0.0001354161746187087,0.0,0.006194527353235092,0.04465011843767644,0.0
10216,1.0,0.05,0.0001354161746187087,0.0,0.006194527353235092,0.04465011843767644,0.0
10217,1.0,0.05,0.0001354161746187087,0.0,0.006194527353235092,0.04465011843767644,0.0
10218,1.0,0.05,0.0001354161746187087,0.0,0.006194527353235092,0.012472605183440769,0.0
10219,1.0,0.05,0.0001354161746187087,0.0,0.006194527353235092,0.009168969234606084,0.0
10220,1.0,0.05,0.0001354161746187087,0.0,0.006194527353235092,0.009168969234606084,0.0
10221,1.0,0.05,0.0001354161746187087,0.0,0.006194527353235092,0.009168969234606084,0.0
10222,1.0,0.05,0.0001308872145875499,0.0,0.005591868711087876,0.0067373218604290346,0.0
10223,1.0,0.05,0.0001308872145875499,0.0,0.005591868711087876,0.016665370564132986,0.0
10224,1.0,0.05,0.0001308872145875499,0.0,0.005591868711087876,0.04202736676759479,0.0
10225,1.0,0.05,0.0001308872145875499,0.0,0.005591868711087876,0.04202736676759479,0.0
10226,1.0,0.05,0.0001308872145875499,0.0,0.005591868711087876,0.05769372097862677,0.0
10227,1.0,0.05,0.0001308872145875499,0.0,0.005591868711087876,0.044964182495751584,0.0
10228,1.0,0.05,0.0001308872145875499,0.0,0.005867058564833513,0.014402405862312045,0.0
10229,1.0,0.05,0.0001308872145875499,0.0,0.005867058564833513,0.03541434657533715,0.0
10230,1.0,0.05,0.0001308872145875499,0.0,0.005867058564833513,0.022362321259233355,0.0
10231,1.0,0.05,0.0001308872145875499,0.0,0.005867058564833513,0.022362321259233355,0.0
10232,1.0,0.05,0.0001308872145875499,0.0,0.006063420012898369,0.022362321259233355,0.0
10233,1.0,0.05,0.0001308872145875499,0.0,0.006063420012898369,0.020522827679650395,0.0
10234,1.0,0.05,0.0001308872145875499,0.0,0.006063420012898369,0.08836293424509509,0.0
10235,1.0,0.05,0.0001308872145875499,0.0,0.006063420012898369,0.1330409338545804,0.0
10236,1.0,0.05,0.0001308872145875499,0.0,0.006063420012898369,0.03362856884376973,0.0
10237,1.0,0.05,0.0001308872145875499,0.0,0.006063420012898369,0.09866726093561769,0.0
10238,1.0,0.05,0.0001308872145875499,0.0,0.006615771024951588,0.09866726093561769,0.0
10239,1.0,0.05,0.0001308872145875499,0.0,0.006615771024951588,0.10799814329122283,0.0
10240,1.0,0.05,0.0001308872145875499,0.0,0.006615771024951588,0.10799814329122283,0.0
10241,1.0,0.05,0.0001308872145875499,0.0,0.007300071026002747,0.10799814329122283,0.0
10242,1.0,0.05,0.0001308872145875499,0.0,0.007300071026002747,0.04888899937465157,0.0
10243,1.0,0.05,0.0001308872145875499,0.0,0.007300071026002747,0.04888899937465157,0.0
10244,1.0,0.05,0.0001308872145875499,0.0,0.007300071026002747,0.04888899937465157,0.0
10245,1.0,0.05,0.0001308872145875499,0.0,0.007300071026002747,0.07657012501966169,0.0
10246,1.0,0.05,0.0001308872145875499,0.0,0.007300071026002747,0.06444296631279335,0.0
10247,1.0,0.05,0.0001308872145875499,0.0,0.006062374636474512,0.04805482453505097,0.0
10248,1.0,0.05,0.0001308872145875499,0.0,0.0055554259415452,0.04805482453505097,0.0
10249,1.0,0.05,0.00012885578717842304,0.0,0.0055554259415452,0.06562378071212494,0.0
10250,1.0,0.05,0.00012885578717842304,0.0,0.0055554259415452,0.06562378071212494,0.0
10251,1.0,0.05,0.00012885578717842304,0.0,0.0055554259415452,0.06562378071212494,0.0
10252,1.0,0.05,0.00012885578717842304,0.0,0.0055554259415452,0.06562378071212494,0.0
10253,1.0,0.05,0.00012885578717842304,0.0,0.0055554259415452,0.06562378071212494,0.0
10254,1.0,0.05,0.00012885578717842304,0.0,0.0055554259415452,0.05101911848389349,0.0
10255,1.0,0.05,0.00012885578717842304,0.0,0.0055554259415452,0.05101911848389349,0.0
10256,1.0,0.05,0.00012885578717842304,0.0,0.005801660411656598,0.05027197721779708,0.0
10257,1.0,0.05,0.00012885578717842304,0.0,0.005801660411656598,0.05027197721779708,0.0
10258,1.0,0.05,0.00012885578717842304,0.0,0.005801660411656598,0.10421864054664248,0.0
10259,1.0,0.05,0.00012885578717842304,0.0,0.007697647393535051,0.10421864054664248,0.0
10260,1.0,0.05,0.00012885578717842304,0.0,0.0076912249787503125,0.10421864054664248,0.0
10261,1.0,0.05,0.00012182475004901449,0.0,0.0076912249787503125,0.10421864054664248,0.0
10262,1.0,0.05,0.00012182475004901449,0.0,0.0076912249787503125,0.10421864054664248,0.0
10263,1.0,0.05,0.00012182475004901449,0.0,0.0076912249787503125,0.10421864054664248,0.0
10264,1.0,0.05,0.00012182475004901449,0.0,0.0076912249787503125,0.10421864054664248,0.0
10265,1.0,0.05,0.00012182475004901449,0.0,0.0076912249787503125,0.10421864054664248,0.0
10266,1.0,0.05,0.00012182475004901449,0.0,0.0076912249787503125,0.10421864054664248,0.0
10267,1.0,0.05,0.00012182475004901449,0.0,0.0076912249787503125,0.10421864054664248,0.0
10268,1.0,0.05,0.00012182475004901449,0.0,0.0076912249787503125,0.10421864054664248,0.0
10269,1.0,0.05,0.00012182475004901449,0.0,0.0076912249787503125,0.10421864054664248,0.0
10270,1.0,0.05,0.00012182475004901449,0.0,0.0076912249787503125,0.10421864054664248,0.0
10271,1.0,0.05,0.00012182475004901449,0.0,0.0076912249787503125,0.12497403760923993,0.0
10272,1.0,0.05,0.00012182475004901449,0.0,0.0076912249787503125,0.045771012932953464,0.0
10273,1.0,0.05,0.00012182475004901449,0.0,0.0076912249787503125,0.05631286021968272,0.0
10274,1.0,0.05,0.00012182475004901449,0.0,0.0076912249787503125,0.05631286021968272,0.0
10275,1.0,0.05,0.00012182475004901449,0.0,0.0076912249787503125,0.015662121060911718,0.0
10276,1.0,0.05,0.00012182475004901449,0.0,0.0076912249787503125,0.028048339888526314,0.0
10277,1.0,0.05,0.00012182475004901449,0.0,0.0076912249787503125,0.033895047770331976,0.0
10278,1.0,0.05,0.00012182475004901449,0.0,0.008217794992074534,0.033895047770331976,0.0
10279,1.0,0.05,0.00012182475004901449,0.0,0.007419412012049987,0.033895047770331976,0.0
10280,1.0,0.05,0.00012182475004901449,0.0,0.007419412012049987,0.033895047770331976,0.0
10281,1.0,0.05,0.0001301854780602363,0.0,0.007419412012049987,0.033895047770331976,0.0
10282,1.0,0.05,0.0001301854780602363,0.0,0.007419412012049987,0.058042625061992044,0.0
10283,1.0,0.05,0.0001301854780602363,0.0,0.006134164540211228,0.10609639825385757,0.0
10284,1.0,0.05,0.0001301854780602363,0.0,0.006134164540211228,0.10609639825385757,0.0
10285,1.0,0.05,0.0001301854780602363,0.0,0.005989787483321343,0.059623019033838674,0.0
10286,1.0,0.05,0.0001301854780602363,0.0,0.0070463064101584085,0.0882849874085537,0.0
10287,1.0,0.05,0.0001301854780602363,0.0,0.0070463064101584085,0.08919748161140181,0.0
10288,1.0,0.05,0.000129938975515086,0.0,0.005733506503007898,0.08919748161140181,0.0
10289,1.0,0.05,0.000129938975515086,0.0,0.005733506503007898,0.08919748161140181,0.0
10290,1.0,0.05,0.000129938975515086,0.0,0.005974960142644879,0.08919748161140181,0.0
10291,1.0,0.05,0.000129938975515086,0.0,0.005974960142644879,0.07535873071908736,0.0
10292,1.0,0.05,0.000129938975515086,0.0,0.005974960142644879,0.05476718668549033,0.0
10293,1.0,0.05,0.000129938975515086,0.0,0.005974960142644879,0.05476718668549033,0.0
10294,1.0,0.05,0.000129938975515086,0.0,0.005974960142644879,0.05476718668549033,0.0
10295,1.0,0.05,0.000129938975515086,0.0,0.005974960142644879,0.0659286280964615,0.0
10296,1.0,0.05,0.000129938975515086,0.0,0.005974960142644879,0.10649269462462403,0.0
10297,1.0,0.05,0.000129938975515086,0.0,0.005974960142644879,0.10649269462462403,0.0
10298,1.0,0.05,0.000129938975515086,0.0,0.005974960142644879,0.10649269462462403,0.0
10299,1.0,0.05,0.000129938975515086,0.0,0.005974960142644879,0.025384284018867304,0.0
10300,1.0,0.05,0.000129938975515086,0.0,0.005974960142644879,0.07524016204410115,0.0
10301,1.0,0.05,0.000129938975515086,0.0,0.005974960142644879,0.07524016204410115,0.0
10302,1.0,0.05,0.00013405796881229228,0.0,0.005974960142644879,0.0672155907286506,0.0
10303,1.0,0.05,0.00013405796881229228,0.0,0.005974960142644879,0.0672155907286506,0.0
10304,1.0,0.05,0.00013405796881229228,0.0,0.005974960142644879,0.07475898250853624,0.0
10305,1.0,0.05,0.00013405796881229228,0.0,0.005974960142644879,0.07475898250853624,0.0
10306,1.0,0.05,0.00013405796881229228,0.0,0.005974960142644879,0.07475898250853624,0.0
10307,1.0,0.05,0.00013405796881229228,0.0,0.005974960142644879,0.07475898250853624,0.0
10308,1.0,0.05,0.00013405796881229228,0.0,0.005974960142644879,0.026406104615277128,0.0
10309,1.0,0.05,0.00013405796881229228,0.0,0.005974960142644879,0.026406104615277128,0.0
10310,1.0,0.05,0.00013405796881229228,0.0,0.005974960142644879,0.026406104615277128,0.0
10311,1.0,0.05,0.00013405796881229228,0.0,0.005974960142644879,0.050315725970533416,0.0
10312,1.0,0.05,0.00013405796881229228,0.0,0.005974960142644879,0.05194789862556633,0.0
10313,1.0,0.05,0.00013405796881229228,0.0,0.005974960142644879,0.05194789862556633,0.0
10314,1.0,0.05,0.00013405796881229228,0.0,0.005904319213254912,0.05194789862556633,0.0
10315,1.0,0.05,0.00013405796881229228,0.0,0.005904319213254912,0.05194789862556633,0.0
10316,1.0,0.05,0.00013405796881229228,0.0,0.005904319213254912,0.0746386251115055,0.0
10317,1.0,0.05,0.00013405796881229228,0.0,0.005551591321214088,0.0746386251115055,0.0
10318,1.0,0.05,0.00013405796881229228,0.0,0.005551591321214088,0.0746386251115055,0.0
10319,1.0,0.05,0.00013646790180019624,0.0,0.005551591321214088,0.0746386251115055,0.0
10320,1.0,0.05,0.00013646790180019624,0.0,0.005551591321214088,0.0746386251115055,0.0
10321,1.0,0.05,0.00013646790180019624,0.0,0.005551591321214088,0.026463863242524553,0.0
10322,1.0,0.05,0.00013646790180019624,0.0,0.005551591321214088,0.0337972465966564,0.0
10323,1.0,0.05,0.00013646790180019624,0.0,0.005551591321214088,0.0337972465966564,0.0
10324,1.0,0.05,0.00013646790180019624,0.0,0.005551591321214088,0.06072707033491418,0.0
10325,1.0,0.05,0.00013646790180019624,0.0,0.005320786898435176,0.04516028314998689,0.0
10326,1.0,0.05,0.00013646790180019624,0.0,0.005320786898435176,0.04516028314998689,0.0
10327,1.0,0.05,0.00013646790180019624,0.0,0.006154507946424476,0.03786295182002668,0.0
10328,1.0,0.05,0.00013646790180019624,0.0,0.006154507946424476,0.06931506735034132,0.0
10329,1.0,0.05,0.00013646790180019624,0.0,0.006154507946424476,0.0601849626390514,0.0
10330,1.0,0.05,0.00013646790180019624,0.0,0.006154507946424476,0.0601849626390514,0.0
10331,1.0,0.05,0.00013646790180019624,0.0,0.006154507946424476,0.034014563663288644,0.0
10332,1.0,0.05,0.00013646790180019624,0.0,0.006154507946424476,0.018947497080229928,0.0
10333,1.0,0.05,0.00013646790180019624,0.0,0.005502033686855568,0.03990713414191067,0.0
10334,1.0,0.05,0.00013646790180019624,0.0,0.007038725172499913,0.03990713414191067,0.0
10335,1.0,0.05,0.00013646790180019624,0.0,0.006130945028535096,0.07146212370882031,0.0
10336,1.0,0.05,0.00013646790180019624,0.0,0.006130945028535096,0.07146212370882031,0.0
10337,1.0,0.05,0.00013646790180019624,0.0,0.006498712327118198,0.07146212370882031,0.0
10338,1.0,0.05,0.00013374454594711527,0.0,0.006498712327118198,0.10006385364896023,0.0
10339,1.0,0.05,0.00013374454594711527,0.0,0.006498712327118198,0.10006385364896023,0.0
10340,1.0,0.05,0.00013374454594711527,0.0,0.006498712327118198,0.10006385364896023,0.0
10341,1.0,0.05,0.00013374454594711527,0.0,0.006498712327118198,0.10006385364896023,0.0
10342,1.0,0.05,0.00013374454594711527,0.0,0.0065207812918484905,0.10006385364896023,0.0
10343,1.0,0.05,0.00013374454594711527,0.0,0.005689973659822348,0.10006385364896023,0.0
10344,1.0,0.05,0.00013374454594711527,0.0,0.005901801854014492,0.10006385364896023,0.0
10345,1.0,0.05,0.00013436785678260256,0.0,0.005901801854014492,0.10006385364896023,0.0
10346,1.0,0.05,0.00013436785678260256,0.0,0.005901801854014492,0.09358598858541367,0.0
10347,1.0,0.05,0.00013436785678260256,0.0,0.005901801854014492,0.030373780981724847,0.0
10348,1.0,0.05,0.00013436785678260256,0.0,0.005901801854014492,0.030373780981724847,0.0
10349,1.0,0.05,0.000128692304759107,0.0,0.005901801854014492,0.01844215330660656,0.0
10350,1.0,0.05,0.00012858635224874412,0.0,0.005901801854014492,0.02381681712240905,0.0
10351,1.0,0.05,0.0001273870336005179,0.0,0.005952973805791179,0.01712551688987436,0.0
10352,1.0,0.05,0.00014251843007906688,0.0,0.005952973805791179,0.010105763519668921,0.0
10353,1.0,0.05,0.00014251843007906688,0.0,0.005952973805791179,0.017522077003207383,0.0
10354,1.0,0.05,0.00014251843007906688,0.0,0.005952973805791179,0.017522077003207383,0.0
10355,1.0,0.05,0.00014572749555592703,0.0,0.005952973805791179,0.017522077003207383,0.0
10356,1.0,0.05,0.00014572749555592703,0.0,0.005952973805791179,0.044418171812159,0.0
10357,1.0,0.05,0.00014572749555592703,0.0,0.005952973805791179,0.04289746155203844,0.0
10358,1.0,0.05,0.00014572749555592703,0.0,0.005952973805791179,0.04289746155203844,0.0
10359,1.0,0.05,0.00014572749555592703,0.0,0.005952973805791179,0.04289746155203844,0.0
10360,1.0,0.05,0.00014572749555592703,0.0,0.005952973805791179,0.03354697750420592,0.0
10361,1.0,0.05,0.00014572749555592703,0.0,0.005952973805791179,0.03354697750420592,0.0
10362,1.0,0.05,0.00014572749555592703,0.0,0.005952973805791179,0.05377047843549116,0.0
10363,1.0,0.05,0.00014572749555592703,0.0,0.005952973805791179,0.05377047843549116,0.0
10364,1.0,0.05,0.00014572749555592703,0.0,0.005952973805791179,0.05377047843549116,0.0
10365,1.0,0.05,0.0001282986728837459,0.0,0.005952973805791179,0.06669744009070615,0.0
10366,1.0,0.05,0.0001282986728837459,0.0,0.005952973805791179,0.06669744009070615,0.0
10367,1.0,0.05,0.0001282986728837459,0.0,0.005952973805791179,0.057848937070733436,0.0
10368,1.0,0.05,0.0001282986728837459,0.0,0.005952973805791179,0.041382934110698606,0.0
10369,1.0,0.05,0.0001282986728837459,0.0,0.005952973805791179,0.03512170759230742,0.0
10370,1.0,0.05,0.0001282986728837459,0.0,0.005952973805791179,0.06895328184389705,0.0
10371,1.0,0.05,0.0001282986728837459,0.0,0.005952973805791179,0.06895328184389705,0.0
10372,1.0,0.05,0.0001282986728837459,0.0,0.005952973805791179,0.09435945598452045,0.0
10373,1.0,0.05,0.0001282986728837459,0.0,0.005952973805791179,0.09435945598452045,0.0
10374,1.0,0.05,0.0001282986728837459,0.0,0.005952973805791179,0.0845910651193263,0.0
10375,1.0,0.05,0.0001282986728837459,0.0,0.006335599088885908,0.0845910651193263,0.0
10376,1.0,0.05,0.0001282986728837459,0.0,0.0064324988238003335,0.1175944115766007,0.0
10377,1.0,0.05,0.0001282986728837459,0.0,0.0064324988238003335,0.1175944115766007,0.0
10378,1.0,0.05,0.0001221756833977151,0.0,0.0070760963758383305,0.1175944115766007,0.0
10379,1.0,0.05,0.00012218109302749368,0.0,0.0070760963758383305,0.1175944115766007,0.0
10380,1.0,0.05,0.0001204521077831928,0.0,0.007404631866884733,0.07312932829615966,0.0
10381,1.0,0.05,0.0001204521077831928,0.0,0.007404631866884733,0.07312932829615966,0.0
10382,1.0,0.05,0.0001204521077831928,0.0,0.007404631866884733,0.024164404440413664,0.0
10383,1.0,0.05,0.0001204521077831928,0.0,0.007404631866884733,0.025150910785163808,0.0
10384,1.0,0.05,0.0001204521077831928,0.0,0.007404631866884733,0.025150910785163808,0.0
10385,1.0,0.05,0.0001204521077831928,0.0,0.007404631866884733,0.013531504470899514,0.0
10386,1.0,0.05,0.0001204521077831928,0.0,0.007404631866884733,0.015416669492234487,0.0
10387,1.0,0.05,0.0001204521077831928,0.0,0.006326276401982191,0.01921511137838392,0.0
10388,1.0,0.05,0.0001204521077831928,0.0,0.006326276401982191,0.012401043648268547,0.0
10389,1.0,0.05,0.0001204521077831928,0.0,0.0076878522469750925,0.012401043648268547,0.0
10390,1.0,0.05,0.0001204521077831928,0.0,0.0076878522469750925,0.014105385978508488,0.0
10391,1.0,0.05,0.0001204521077831928,0.0,0.0076878522469750925,0.00917597283625863,0.0
10392,1.0,0.05,0.0001204521077831928,0.0,0.0076878522469750925,0.0313580784895682,0.0
10393,1.0,0.05,0.0001204521077831928,0.0,0.0076878522469750925,0.03180038588017659,0.0
10394,1.0,0.05,0.0001204521077831928,0.0,0.0076878522469750925,0.02983408096397928,0.0
10395,1.0,0.05,0.000129290811102278,0.0,0.0076878522469750925,0.02983408096397928,0.0
10396,1.0,0.05,0.000129290811102278,0.0,0.005326785188061812,0.06817326173725398,0.0
10397,1.0,0.05,0.000129290811102278,0.0,0.005326785188061812,0.059546743760615646,0.0
10398,1.0,0.05,0.000131040013149585,0.0,0.007141305348738131,0.059546743760615646,0.0
10399,1.0,0.05,0.000131040013149585,0.0,0.007141305348738131,0.0921773228394873,0.0
10400,1.0,0.05,0.000131040013149585,0.0,0.007141305348738131,0.10914869214681376,0.0
10401,1.0,0.05,0.000131040013149585,0.0,0.006657386040510659,0.10914869214681376,0.0
10402,1.0,0.05,0.000131040013149585,0.0,0.006657386040510659,0.14052501607099607,0.0
10403,1.0,0.05,0.00012597344765554236,0.0,0.00540567428080836,0.07407905227843284,0.0
10404,1.0,0.05,0.00012597344765554236,0.0,0.00540567428080836,0.07407905227843284,0.0
10405,1.0,0.05,0.00012597344765554236,0.0,0.00540567428080836,0.07497509209180202,0.0
10406,1.0,0.05,0.00012597344765554236,0.0,0.00515998758081265,0.07497509209180202,0.0
10407,1.0,0.05,0.00011682112564530301,0.0,0.0074242231543500785,0.07497509209180202,0.0
10408,1.0,0.05,0.00011682112564530301,0.0,0.0074242231543500785,0.08103936462915046,0.0
10409,1.0,0.05,0.00011682112564530301,0.0,0.006695695352823415,0.08103936462915046,0.0
10410,1.0,0.05,0.00011682112564530301,0.0,0.006695695352823415,0.08103936462915046,0.0
10411,1.0,0.05,0.00011682112564530301,0.0,0.006695695352823415,0.08103936462915046,0.0
10412,1.0,0.05,0.00011682112564530301,0.0,0.007490456509293656,0.09975868861005774,0.0
10413,1.0,0.05,0.00011682112564530301,0.0,0.006912083656240944,0.10978991710322246,0.0
10414,1.0,0.05,0.00011682112564530301,0.0,0.006912083656240944,0.127537005147936,0.0
10415,1.0,0.05,0.00011682112564530301,0.0,0.006912083656240944,0.127537005147936,0.0
10416,1.0,0.05,0.00011682112564530301,0.0,0.006912083656240944,0.127537005147936,0.0
10417,1.0,0.05,0.00012854035782547366,0.0,0.006912083656240944,0.127537005147936,0.0
10418,1.0,0.05,0.00012854035782547366,0.0,0.006912083656240944,0.127537005147936,0.0
10419,1.0,0.05,0.00012854035782547366,0.0,0.006912083656240944,0.127537005147936,0.0
10420,1.0,0.05,0.00012854035782547366,0.0,0.006912083656240944,0.127537005147936,0.0
10421,1.0,0.05,0.00013613154855830206,0.0,0.006912083656240944,0.127537005147936,0.0
10422,1.0,0.05,0.00013613154855830206,0.0,0.006912083656240944,0.127537005147936,0.0
10423,1.0,0.05,0.00013613154855830206,0.0,0.006912083656240944,0.13465380662397908,0.0
10424,1.0,0.05,0.00013613154855830206,0.0,0.006912083656240944,0.13465380662397908,0.0
10425,1.0,0.05,0.00013613154855830206,0.0,0.006912083656240944,0.13195352071133512,0.0
10426,1.0,0.05,0.00013613154855830206,0.0,0.006912083656240944,0.0691317407273105,0.0
10427,1.0,0.05,0.00013613154855830206,0.0,0.006828571794181169,0.0691317407273105,0.0
10428,1.0,0.05,0.00013613154855830206,0.0,0.005822704681468105,0.0691317407273105,0.0
10429,1.0,0.05,0.00013613154855830206,0.0,0.005822704681468105,0.0691317407273105,0.0
10430,1.0,0.05,0.00013613154855830206,0.0,0.005822704681468105,0.0691317407273105,0.0
10431,1.0,0.05,0.0001262735948608034,0.0,0.005822704681468105,0.0691317407273105,0.0
10432,1.0,0.05,0.0001262735948608034,0.0,0.005908202220942115,0.09660351744124232,0.0
10433,1.0,0.05,0.0001262735948608034,0.0,0.005908202220942115,0.09660351744124232,0.0
10434,1.0,0.05,0.0001262735948608034,0.0,0.005908202220942115,0.08958185075951317,0.0
10435,1.0,0.05,0.0001262735948608034,0.0,0.006014189802267791,0.08958185075951317,0.0
10436,1.0,0.05,0.0001262735948608034,0.0,0.006014189802267791,0.09822656944031025,0.0
10437,1.0,0.05,0.0001262735948608034,0.0,0.006312332361824107,0.09822656944031025,0.0
10438,1.0,0.05,0.0001262735948608034,0.0,0.006312332361824107,0.09822656944031025,0.0
10439,1.0,0.05,0.00013657416236552292,0.0,0.006239408297531268,0.08294212367702268,0.0
10440,1.0,0.05,0.00013584137385577627,0.0,0.0060721628019043475,0.08294212367702268,0.0
10441,1.0,0.05,0.0001329213901543271,0.0,0.005593832685756906,0.08294212367702268,0.0
10442,1.0,0.05,0.0001329213901543271,0.0,0.006109080264116951,0.08294212367702268,0.0
10443,1.0,0.05,0.0001329213901543271,0.0,0.006109080264116951,0.04190124078126244,0.0
10444,1.0,0.05,0.0001329213901543271,0.0,0.006109080264116951,0.04190124078126244,0.0
10445,1.0,0.05,0.0001329213901543271,0.0,0.005750859518219857,0.12579227127982837,0.0
10446,1.0,0.05,0.0001329213901543271,0.0,0.005750859518219857,0.10577531360705604,0.0
10447,1.0,0.05,0.0001329213901543271,0.0,0.006969292142671487,0.10577531360705604,0.0
10448,1.0,0.05,0.0001329213901543271,0.0,0.006969292142671487,0.10577531360705604,0.0
10449,1.0,0.05,0.0001329213901543271,0.0,0.006969292142671487,0.10577531360705604,0.0
10450,1.0,0.05,0.0001329213901543271,0.0,0.005510443345457552,0.09094811128234456,0.0
10451,1.0,0.05,0.0001329213901543271,0.0,0.005510443345457552,0.09094811128234456,0.0
10452,1.0,0.05,0.0001329213901543271,0.0,0.005510443345457552,0.09555440957145456,0.0
10453,1.0,0.05,0.0001329213901543271,0.0,0.005510443345457552,0.10010901321462437,0.0
10454,1.0,0.05,0.0001329213901543271,0.0,0.005510443345457552,0.08367102695469891,0.0
10455,1.0,0.05,0.0001329213901543271,0.0,0.0052157953477698655,0.060407593818682666,0.0
10456,1.0,0.05,0.0001329213901543271,0.0,0.0052157953477698655,0.060407593818682666,0.0
10457,1.0,0.05,0.0001329213901543271,0.0,0.0054896260625575954,0.07115234881699492,0.0
10458,1.0,0.05,0.0001329213901543271,0.0,0.0054896260625575954,0.07115234881699492,0.0
10459,1.0,0.05,0.0001329213901543271,0.0,0.0054896260625575954,0.07115234881699492,0.0
10460,1.0,0.05,0.0001329213901543271,0.0,0.0054896260625575954,0.07115234881699492,0.0
10461,1.0,0.05,0.0001329213901543271,0.0,0.0054896260625575954,0.07115234881699492,0.0
10462,1.0,0.05,0.0001329213901543271,0.0,0.0068832727815765025,0.07115234881699492,0.0
10463,1.0,0.05,0.0001329213901543271,0.0,0.005503299968847001,0.0845412353629972,0.0
10464,1.0,0.05,0.00013014585484782707,0.0,0.005718167950628679,0.05874707625885968,0.0
10465,1.0,0.05,0.00013014585484782707,0.0,0.005718167950628679,0.04904565898559665,0.0
10466,1.0,0.05,0.00013014585484782707,0.0,0.005718167950628679,0.04788665738792893,0.0
10467,1.0,0.05,0.00013014585484782707,0.0,0.005718167950628679,0.04788665738792893,0.0
10468,1.0,0.05,0.0001406308180169625,0.0,0.005718167950628679,0.04788665738792893,0.0
10469,1.0,0.05,0.0001406308180169625,0.0,0.005985477377640632,0.045396561092577344,0.0
10470,1.0,0.05,0.0001406308180169625,0.0,0.005985477377640632,0.045396561092577344,0.0
10471,1.0,0.05,0.0001406308180169625,0.0,0.005985477377640632,0.05101318452634131,0.0
10472,1.0,0.05,0.0001406308180169625,0.0,0.005985477377640632,0.059994637701912656,0.0
10473,1.0,0.05,0.0001406308180169625,0.0,0.005985477377640632,0.059994637701912656,0.0
10474,1.0,0.05,0.0001406308180169625,0.0,0.005985477377640632,0.059994637701912656,0.0
10475,1.0,0.05,0.0001406308180169625,0.0,0.005985477377640632,0.059994637701912656,0.0
10476,1.0,0.05,0.0001406308180169625,0.0,0.005985477377640632,0.059994637701912656,0.0
10477,1.0,0.05,0.0001406308180169625,0.0,0.005985477377640632,0.059994637701912656,0.0
10478,1.0,0.05,0.00014163934071057875,0.0,0.005985477377640632,0.06143791694091783,0.0
10479,1.0,0.05,0.00014163934071057875,0.0,0.005985477377640632,0.07645037623792848,0.0
10480,1.0,0.05,0.00014163934071057875,0.0,0.005985477377640632,0.07645037623792848,0.0
10481,1.0,0.05,0.00013156357798892158,0.0,0.005985477377640632,0.03478185817280485,0.0
10482,1.0,0.05,0.00013156357798892158,0.0,0.005985477377640632,0.03478185817280485,0.0
10483,1.0,0.05,0.00013156357798892158,0.0,0.005985477377640632,0.03478185817280485,0.0
10484,1.0,0.05,0.00013156357798892158,0.0,0.005634077106394001,0.046943667442763785,0.0
10485,1.0,0.05,0.00013156357798892158,0.0,0.006318117683357558,0.046943667442763785,0.0
10486,1.0,0.05,0.00013156357798892158,0.0,0.006269300580596533,0.046943667442763785,0.0
10487,1.0,0.05,0.00013156357798892158,0.0,0.006269300580596533,0.029711216030514152,0.0
10488,1.0,0.05,0.00013156357798892158,0.0,0.006269300580596533,0.02601436501118233,0.0
10489,1.0,0.05,0.00012795126003014277,0.0,0.006269300580596533,0.02601436501118233,0.0
10490,1.0,0.05,0.00012795126003014277,0.0,0.0053842295032383875,0.11633199859842691,0.0
10491,1.0,0.05,0.00012795126003014277,0.0,0.0053842295032383875,0.06609009701145781,0.0
10492,1.0,0.05,0.00012795126003014277,0.0,0.0053842295032383875,0.043673906115259786,0.0
10493,1.0,0.05,0.00012795126003014277,0.0,0.005905948665967713,0.0756009706741921,0.0
10494,1.0,0.05,0.00012795126003014277,0.0,0.007238833098691479,0.0756009706741921,0.0
10495,1.0,0.05,0.00012795126003014277,0.0,0.007238833098691479,0.10885099215287389,0.0
10496,1.0,0.05,0.00012795126003014277,0.0,0.007238833098691479,0.09506000152881612,0.0
10497,1.0,0.05,0.00012795126003014277,0.0,0.005869847852573593,0.09506000152881612,0.0
10498,1.0,0.05,0.00012795126003014277,0.0,0.00708010953824664,0.09506000152881612,0.0
10499,1.0,0.05,0.00012795126003014277,0.0,0.00708010953824664,0.09506000152881612,0.0
10500,1.0,0.05,0.00012795126003014277,0.0,0.00708010953824664,0.0462493476264875,0.0
10501,1.0,0.05,0.00012795126003014277,0.0,0.00708010953824664,0.09242707882559217,0.0
10502,1.0,0.05,0.00012795126003014277,0.0,0.00708010953824664,0.09242707882559217,0.0
10503,1.0,0.05,0.00012795126003014277,0.0,0.00708010953824664,0.09242707882559217,0.0
10504,1.0,0.05,0.00012795126003014277,0.0,0.00708010953824664,0.06664899855662754,0.0
10505,1.0,0.05,0.00012795126003014277,0.0,0.007473804415355517,0.06664899855662754,0.0
10506,1.0,0.05,0.00012795126003014277,0.0,0.007473804415355517,0.06664899855662754,0.0
10507,1.0,0.05,0.00012795126003014277,0.0,0.007473804415355517,0.07789867343520991,0.0
10508,1.0,0.05,0.00012795126003014277,0.0,0.007473804415355517,0.067388073320225,0.0
10509,1.0,0.05,0.00012795126003014277,0.0,0.00794333950919494,0.04698818355222168,0.0
10510,1.0,0.05,0.00012795126003014277,0.0,0.00794333950919494,0.05707681850450905,0.0
10511,1.0,0.05,0.00012795126003014277,0.0,0.00794333950919494,0.1372440836526623,0.0
10512,1.0,0.05,0.00012795126003014277,0.0,0.00794333950919494,0.058846764197660606,0.0
10513,1.0,0.05,0.00012795126003014277,0.0,0.00794333950919494,0.06573654794169927,0.0
10514,1.0,0.05,0.00012795126003014277,0.0,0.00794333950919494,0.06573654794169927,0.0
10515,1.0,0.05,0.00012795126003014277,0.0,0.00794333950919494,0.06573654794169927,0.0
10516,1.0,0.05,0.00012795126003014277,0.0,0.006948428128824164,0.10891409266567507,0.0
10517,1.0,0.05,0.00012795126003014277,0.0,0.006948428128824164,0.09061296552166385,0.0
10518,1.0,0.05,0.00012795126003014277,0.0,0.006948428128824164,0.056526422295649206,0.0
10519,1.0,0.05,0.00012795126003014277,0.0,0.006948428128824164,0.09813605996997625,0.0
10520,1.0,0.05,0.000124692627806847,0.0,0.007313957626458609,0.09813605996997625,0.0
10521,1.0,0.05,0.000124692627806847,0.0,0.007313957626458609,0.09813605996997625,0.0
10522,1.0,0.05,0.000124692627806847,0.0,0.007313957626458609,0.09813605996997625,0.0
10523,1.0,0.05,0.000124692627806847,0.0,0.007313957626458609,0.07620983642787207,0.0
10524,1.0,0.05,0.000124692627806847,0.0,0.007313957626458609,0.06500463678079192,0.0
10525,1.0,0.05,0.000124692627806847,0.0,0.007313957626458609,0.06500463678079192,0.0
10526,1.0,0.05,0.000124692627806847,0.0,0.007169641065657814,0.06500463678079192,0.0
10527,1.0,0.05,0.000124692627806847,0.0,0.008062454519254946,0.06500463678079192,0.0
10528,1.0,0.05,0.000124692627806847,0.0,0.007710709333592915,0.056279596915128585,0.0
10529,1.0,0.05,0.000124692627806847,0.0,0.007710709333592915,0.1180086020494943,0.0
10530,1.0,0.05,0.000124692627806847,0.0,0.007710709333592915,0.087689550461212,0.0
10531,1.0,0.05,0.000124692627806847,0.0,0.007710709333592915,0.087689550461212,0.0
10532,1.0,0.05,0.000124692627806847,0.0,0.007710709333592915,0.08914905011399107,0.0
10533,1.0,0.05,0.000124692627806847,0.0,0.007710709333592915,0.08914905011399107,0.0
10534,1.0,0.05,0.000124692627806847,0.0,0.007710709333592915,0.08914905011399107,0.0
10535,1.0,0.05,0.00012813829057065163,0.0,0.007710709333592915,0.06519609700509317,0.0
10536,1.0,0.05,0.00012813829057065163,0.0,0.007710709333592915,0.06519609700509317,0.0
10537,1.0,0.05,0.0001322180352057129,0.0,0.007710709333592915,0.06519609700509317,0.0
10538,1.0,0.05,0.0001322180352057129,0.0,0.007710709333592915,0.0909792463036986,0.0
10539,1.0,0.05,0.0001322180352057129,0.0,0.005083160315569661,0.06244818965112621,0.0
10540,1.0,0.05,0.0001322180352057129,0.0,0.005083160315569661,0.018914289188841974,0.0
10541,1.0,0.05,0.0001322180352057129,0.0,0.005083160315569661,0.012702473235624274,0.0
10542,1.0,0.05,0.0001322180352057129,0.0,0.005083160315569661,0.012702473235624274,0.0
10543,1.0,0.05,0.0001322180352057129,0.0,0.005083160315569661,0.04862626023565997,0.0
10544,1.0,0.05,0.0001322180352057129,0.0,0.005083160315569661,0.04862626023565997,0.0
10545,1.0,0.05,0.0001322180352057129,0.0,0.005083160315569661,0.02106827907285898,0.0
10546,1.0,0.05,0.0001322180352057129,0.0,0.005083160315569661,0.0527943856377667,0.0
10547,1.0,0.05,0.0001322180352057129,0.0,0.005868666785100433,0.07147055298042797,0.0
10548,1.0,0.05,0.0001322180352057129,0.0,0.005868666785100433,0.031906145014064045,0.0
10549,1.0,0.05,0.0001322180352057129,0.0,0.005868666785100433,0.031906145014064045,0.0
10550,1.0,0.05,0.00013248988187876265,0.0,0.005868666785100433,0.035640304670867776,0.0
10551,1.0,0.05,0.00013248988187876265,0.0,0.005682556556339055,0.035640304670867776,0.0
10552,1.0,0.05,0.00013248988187876265,0.0,0.005682556556339055,0.019989953942189127,0.0
10553,1.0,0.05,0.00013248988187876265,0.0,0.005682556556339055,0.019103895399238634,0.0
10554,1.0,0.05,0.00013248988187876265,0.0,0.005682556556339055,0.08406024854302836,0.0
10555,1.0,0.05,0.00013248988187876265,0.0,0.005682556556339055,0.08406024854302836,0.0
10556,1.0,0.05,0.00013248988187876265,0.0,0.0058925155200316905,0.08406024854302836,0.0
10557,1.0,0.05,0.00013248988187876265,0.0,0.005435748745341902,0.08406024854302836,0.0
10558,1.0,0.05,0.00013248988187876265,0.0,0.005435748745341902,0.035374570777366325,0.0
10559,1.0,0.05,0.00013248988187876265,0.0,0.005435748745341902,0.035374570777366325,0.0
10560,1.0,0.05,0.00013248988187876265,0.0,0.005435748745341902,0.04933070624826271,0.0
10561,1.0,0.05,0.00013248988187876265,0.0,0.00619554281731655,0.04933070624826271,0.0
10562,1.0,0.05,0.00013248988187876265,0.0,0.00619554281731655,0.04933070624826271,0.0
10563,1.0,0.05,0.00013248988187876265,0.0,0.00619554281731655,0.1459273499930053,0.0
10564,1.0,0.05,0.00013248988187876265,0.0,0.00619554281731655,0.11793914299741864,0.0
10565,1.0,0.05,0.00013248988187876265,0.0,0.00619554281731655,0.03253606094506225,0.0
10566,1.0,0.05,0.00013248988187876265,0.0,0.00619554281731655,0.1065710081257058,0.0
10567,1.0,0.05,0.00013248988187876265,0.0,0.00619554281731655,0.05422295900498534,0.0
10568,1.0,0.05,0.00013248988187876265,0.0,0.00619554281731655,0.10374937354027379,0.0
10569,1.0,0.05,0.00013248988187876265,0.0,0.00619554281731655,0.10374937354027379,0.0
10570,1.0,0.05,0.00013428324048073953,0.0,0.00619554281731655,0.1128112460731587,0.0
10571,1.0,0.05,0.00013428324048073953,0.0,0.00619554281731655,0.030518116393995817,0.0
10572,1.0,0.05,0.00013428324048073953,0.0,0.00619554281731655,0.1020149015844038,0.0
10573,1.0,0.05,0.00013428324048073953,0.0,0.005884507690400745,0.1020149015844038,0.0
10574,1.0,0.05,0.00013428324048073953,0.0,0.005884507690400745,0.1020149015844038,0.0
10575,1.0,0.05,0.00013428324048073953,0.0,0.0057503531267432805,0.1020149015844038,0.0
10576,1.0,0.05,0.00012927238299845738,0.0,0.0057503531267432805,0.1020149015844038,0.0
10577,1.0,0.05,0.00012927238299845738,0.0,0.0057503531267432805,0.09704027890879127,0.0
10578,1.0,0.05,0.00012927238299845738,0.0,0.0057503531267432805,0.04644907759279115,0.0
10579,1.0,0.05,0.00012927238299845738,0.0,0.007898119911766949,0.0929514910547946,0.0
10580,1.0,0.05,0.00012927238299845738,0.0,0.007898119911766949,0.0929514910547946,0.0
10581,1.0,0.05,0.00012927238299845738,0.0,0.007898119911766949,0.0929514910547946,0.0
10582,1.0,0.05,0.00012927238299845738,0.0,0.007118545960856737,0.09576080206222388,0.0
10583,1.0,0.05,0.00012927238299845738,0.0,0.007118545960856737,0.08026280159400795,0.0
10584,1.0,0.05,0.00012927238299845738,0.0,0.007118545960856737,0.08026280159400795,0.0
10585,1.0,0.05,0.00012927238299845738,0.0,0.007118545960856737,0.13370326451569386,0.0
10586,1.0,0.05,0.00012927238299845738,0.0,0.007118545960856737,0.13370326451569386,0.0
10587,1.0,0.05,0.00012927238299845738,0.0,0.007118545960856737,0.13370326451569386,0.0
10588,1.0,0.05,0.00012927238299845738,0.0,0.007118545960856737,0.13370326451569386,0.0
10589,1.0,0.05,0.00012927238299845738,0.0,0.007118545960856737,0.07299702625232773,0.0
10590,1.0,0.05,0.00012927238299845738,0.0,0.007118545960856737,0.11834561207196165,0.0
10591,1.0,0.05,0.00012927238299845738,0.0,0.007118545960856737,0.11834561207196165,0.0
10592,1.0,0.05,0.00012927238299845738,0.0,0.007118545960856737,0.0653036627116258,0.0
10593,1.0,0.05,0.00012927238299845738,0.0,0.005832215689482284,0.0653036627116258,0.0
10594,1.0,0.05,0.00012927238299845738,0.0,0.005832215689482284,0.0653036627116258,0.0
10595,1.0,0.05,0.00012927238299845738,0.0,0.005832215689482284,0.0653036627116258,0.0
10596,1.0,0.05,0.00012927238299845738,0.0,0.005832215689482284,0.0653036627116258,0.0
10597,1.0,0.05,0.00012927238299845738,0.0,0.005832215689482284,0.0653036627116258,0.0
10598,1.0,0.05,0.00012927238299845738,0.0,0.005832215689482284,0.0653036627116258,0.0
10599,1.0,0.05,0.00012927238299845738,0.0,0.005832215689482284,0.0653036627116258,0.0
10600,1.0,0.05,0.00012927238299845738,0.0,0.005832215689482284,0.0653036627116258,0.0
10601,1.0,0.05,0.00012927238299845738,0.0,0.005832215689482284,0.05153034179263516,0.0
10602,1.0,0.05,0.00012927238299845738,0.0,0.005832215689482284,0.05153034179263516,0.0
10603,1.0,0.05,0.00012927238299845738,0.0,0.005832215689482284,0.027170219183932108,0.0
10604,1.0,0.05,0.00012927238299845738,0.0,0.005832215689482284,0.04838655735032012,0.0
10605,1.0,0.05,0.00012927238299845738,0.0,0.00573511375189827,0.04838655735032012,0.0
10606,1.0,0.05,0.00012927238299845738,0.0,0.007438027082113176,0.08007220486016015,0.0
10607,1.0,0.05,0.00012927238299845738,0.0,0.005525009303461739,0.03875252202424385,0.0
10608,1.0,0.05,0.00012927238299845738,0.0,0.005525009303461739,0.03875252202424385,0.0
10609,1.0,0.05,0.00012927238299845738,0.0,0.005525009303461739,0.05249916456234293,0.0
10610,1.0,0.05,0.00012927238299845738,0.0,0.005525009303461739,0.09859568463622541,0.0
10611,1.0,0.05,0.00012927238299845738,0.0,0.005525009303461739,0.09859568463622541,0.0
10612,1.0,0.05,0.00012927238299845738,0.0,0.0066809294384497465,0.08582443371269323,0.0
10613,1.0,0.05,0.00012927238299845738,0.0,0.0066809294384497465,0.044403263203897064,0.0
10614,1.0,0.05,0.00012927238299845738,0.0,0.0066809294384497465,0.13882983083232522,0.0
10615,1.0,0.05,0.00012927238299845738,0.0,0.0066809294384497465,0.0890191492697095,0.0
10616,1.0,0.05,0.00012927238299845738,0.0,0.0066809294384497465,0.0890191492697095,0.0
10617,1.0,0.05,0.00012927238299845738,0.0,0.0066809294384497465,0.07655417310615424,0.0
10618,1.0,0.05,0.00012927238299845738,0.0,0.0066809294384497465,0.07655417310615424,0.0
10619,1.0,0.05,0.00013688634179530751,0.0,0.0066809294384497465,0.07655417310615424,0.0
10620,1.0,0.05,0.00013688634179530751,0.0,0.0066809294384497465,0.055282239891148804,0.0
10621,1.0,0.05,0.00013688634179530751,0.0,0.0066809294384497465,0.055282239891148804,0.0
10622,1.0,0.05,0.0001235893363185513,0.0,0.0066809294384497465,0.059175512487487314,0.0
10623,1.0,0.05,0.0001235893363185513,0.0,0.0066809294384497465,0.08218958149992323,0.0
10624,1.0,0.05,0.0001235893363185513,0.0,0.007746357154491741,0.08218958149992323,0.0
10625,1.0,0.05,0.0001235893363185513,0.0,0.007746357154491741,0.0816184818216161,0.0
10626,1.0,0.05,0.0001235893363185513,0.0,0.007746357154491741,0.0816184818216161,0.0
10627,1.0,0.05,0.0001235893363185513,0.0,0.007746357154491741,0.05976158182444239,0.0
10628,1.0,0.05,0.0001235893363185513,0.0,0.007746357154491741,0.05976158182444239,0.0
10629,1.0,0.05,0.0001235893363185513,0.0,0.007826551420841895,0.05976158182444239,0.0
10630,1.0,0.05,0.0001235893363185513,0.0,0.007826551420841895,0.05976158182444239,0.0
10631,1.0,0.05,0.0001323778733481373,0.0,0.007560430850848511,0.06984518750554501,0.0
10632,1.0,0.05,0.0001323778733481373,0.0,0.007560430850848511,0.06984518750554501,0.0
10633,1.0,0.05,0.0001323778733481373,0.0,0.007560430850848511,0.06984518750554501,0.0
10634,1.0,0.05,0.0001323778733481373,0.0,0.007560430850848511,0.08932668557553075,0.0
10635,1.0,0.05,0.0001323778733481373,0.0,0.007560430850848511,0.08932668557553075,0.0
10636,1.0,0.05,0.0001323778733481373,0.0,0.006171772967645944,0.056222679607478045,0.0
10637,1.0,0.05,0.0001323778733481373,0.0,0.006171772967645944,0.03942068479246223,0.0
10638,1.0,0.05,0.0001323778733481373,0.0,0.006171772967645944,0.024415762059090407,0.0
10639,1.0,0.05,0.0001323778733481373,0.0,0.006171772967645944,0.016584938936310942,0.0
10640,1.0,0.05,0.0001323778733481373,0.0,0.006171772967645944,0.02983582749246651,0.0
10641,1.0,0.05,0.0001323778733481373,0.0,0.005811473103294581,0.0670121462787569,0.0
10642,1.0,0.05,0.0001323778733481373,0.0,0.005811473103294581,0.04693075249637069,0.0
10643,1.0,0.05,0.0001323778733481373,0.0,0.005811473103294581,0.02785529552718243,0.0
10644,1.0,0.05,0.0001323778733481373,0.0,0.0057647936640787675,0.02785529552718243,0.0
10645,1.0,0.05,0.0001323778733481373,0.0,0.0057647936640787675,0.0233799505914747,0.0
10646,1.0,0.05,0.0001323778733481373,0.0,0.0057647936640787675,0.0233799505914747,0.0
10647,1.0,0.05,0.0001323778733481373,0.0,0.0057647936640787675,0.0665089453554446,0.0
10648,1.0,0.05,0.0001323778733481373,0.0,0.0057647936640787675,0.0665089453554446,0.0
10649,1.0,0.05,0.0001323778733481373,0.0,0.0057647936640787675,0.06060103955787742,0.0
10650,1.0,0.05,0.0001323778733481373,0.0,0.0057647936640787675,0.05218118090891378,0.0
10651,1.0,0.05,0.0001323778733481373,0.0,0.0057647936640787675,0.05218118090891378,0.0
10652,1.0,0.05,0.0001323778733481373,0.0,0.0057647936640787675,0.05218118090891378,0.0
10653,1.0,0.05,0.0001323778733481373,0.0,0.006557812279199773,0.07364430984094683,0.0
10654,1.0,0.05,0.0001323778733481373,0.0,0.006557812279199773,0.07364430984094683,0.0
10655,1.0,0.05,0.0001323778733481373,0.0,0.006557812279199773,0.05857691850964733,0.0
10656,1.0,0.05,0.0001445587112895167,0.0,0.006557812279199773,0.05857691850964733,0.0
10657,1.0,0.05,0.0001445587112895167,0.0,0.006557812279199773,0.0644597189316427,0.0
10658,1.0,0.05,0.0001445587112895167,0.0,0.006557812279199773,0.05738270334612018,0.0
10659,1.0,0.05,0.0001445587112895167,0.0,0.004872019981184981,0.05759243582105404,0.0
10660,1.0,0.05,0.0001445587112895167,0.0,0.004872019981184981,0.05759243582105404,0.0
10661,1.0,0.05,0.0001445587112895167,0.0,0.004872019981184981,0.05759243582105404,0.0
10662,1.0,0.05,0.0001445587112895167,0.0,0.004872019981184981,0.06425606658626415,0.0
10663,1.0,0.05,0.0001445587112895167,0.0,0.0046323081107915555,0.06425606658626415,0.0
10664,1.0,0.05,0.00014405975580908934,0.0,0.0046866245625833735,0.053268888350006253,0.0
10665,1.0,0.05,0.00014405975580908934,0.0,0.0066819826471291935,0.029432902391175356,0.0
10666,1.0,0.05,0.00014405975580908934,0.0,0.0066819826471291935,0.11475355308657739,0.0
10667,1.0,0.05,0.00014405975580908934,0.0,0.0066819826471291935,0.05756916686379593,0.0
10668,1.0,0.05,0.00014405975580908934,0.0,0.0066819826471291935,0.04619777847339017,0.0
10669,1.0,0.05,0.00013675884383586084,0.0,0.0066819826471291935,0.04619777847339017,0.0
10670,1.0,0.05,0.00012797528585289258,0.0,0.0066819826471291935,0.04619777847339017,0.0
10671,1.0,0.05,0.00012797528585289258,0.0,0.0066819826471291935,0.07312959121472791,0.0
10672,1.0,0.05,0.00012797528585289258,0.0,0.0066819826471291935,0.1124693845030949,0.0
10673,1.0,0.05,0.00012797528585289258,0.0,0.0072718635217070594,0.1124693845030949,0.0
10674,1.0,0.05,0.00012797528585289258,0.0,0.006214226327137653,0.1124693845030949,0.0
10675,1.0,0.05,0.00012797528585289258,0.0,0.006214226327137653,0.1124693845030949,0.0
10676,1.0,0.05,0.00012797528585289258,0.0,0.006214226327137653,0.07165815307744598,0.0
10677,1.0,0.05,0.00012783367901322078,0.0,0.006214226327137653,0.07165815307744598,0.0
10678,1.0,0.05,0.00012783367901322078,0.0,0.006214226327137653,0.07165815307744598,0.0
10679,1.0,0.05,0.00012783367901322078,0.0,0.006214226327137653,0.07165815307744598,0.0
10680,1.0,0.05,0.00012783367901322078,0.0,0.006214226327137653,0.044206042932576656,0.0
10681,1.0,0.05,0.00012783367901322078,0.0,0.007141073668365332,0.044206042932576656,0.0
10682,1.0,0.05,0.00012783367901322078,0.0,0.007141073668365332,0.044397658120805955,0.0
10683,1.0,0.05,0.00012783367901322078,0.0,0.007141073668365332,0.031014102686445597,0.0
10684,1.0,0.05,0.00012783367901322078,0.0,0.007141073668365332,0.03466737707362103,0.0
10685,1.0,0.05,0.00012783367901322078,0.0,0.006424155703467112,0.03466737707362103,0.0
10686,1.0,0.05,0.00012783367901322078,0.0,0.008254385645543804,0.03466737707362103,0.0
10687,1.0,0.05,0.00012783367901322078,0.0,0.0071699593784510275,0.03466737707362103,0.0
10688,1.0,0.05,0.00012783367901322078,0.0,0.006854923368167314,0.013862823475987987,0.0
10689,1.0,0.05,0.00012783367901322078,0.0,0.006854923368167314,0.013862823475987987,0.0
10690,1.0,0.05,0.00012783367901322078,0.0,0.006854923368167314,0.013862823475987987,0.0
10691,1.0,0.05,0.00012783367901322078,0.0,0.006854923368167314,0.003994027786408922,0.0
10692,1.0,0.05,0.00012783367901322078,0.0,0.006854923368167314,0.008987063077092914,0.0
10693,1.0,0.05,0.00012783367901322078,0.0,0.006854923368167314,0.009649456312507229,0.0
10694,1.0,0.05,0.00012783367901322078,0.0,0.006854923368167314,0.009649456312507229,0.0
10695,1.0,0.05,0.00012783367901322078,0.0,0.006854923368167314,0.015818614354243803,0.0
10696,1.0,0.05,0.00012783367901322078,0.0,0.006854923368167314,0.014853140575455575,0.0
10697,1.0,0.05,0.00012783367901322078,0.0,0.006854923368167314,0.041843438631700786,0.0
10698,1.0,0.05,0.00012783367901322078,0.0,0.006854923368167314,0.041843438631700786,0.0
10699,1.0,0.05,0.00012783367901322078,0.0,0.006854923368167314,0.041843438631700786,0.0
10700,1.0,0.05,0.00012783367901322078,0.0,0.00533515557041924,0.041843438631700786,0.0
10701,1.0,0.05,0.00012783367901322078,0.0,0.00533515557041924,0.041843438631700786,0.0
10702,1.0,0.05,0.00012783367901322078,0.0,0.00533515557041924,0.046740764891921756,0.0
10703,1.0,0.05,0.00012783367901322078,0.0,0.00533515557041924,0.046740764891921756,0.0
10704,1.0,0.05,0.00012783367901322078,0.0,0.005202673059875709,0.046740764891921756,0.0
10705,1.0,0.05,0.00012783367901322078,0.0,0.005202673059875709,0.03542935378415918,0.0
10706,1.0,0.05,0.0001452141551629426,0.0,0.005202673059875709,0.03690711946833142,0.0
10707,1.0,0.05,0.0001452141551629426,0.0,0.005202673059875709,0.05063629246360522,0.0
10708,1.0,0.05,0.0001452141551629426,0.0,0.005202673059875709,0.05063629246360522,0.0
10709,1.0,0.05,0.0001452141551629426,0.0,0.005202673059875709,0.05063629246360522,0.0
10710,1.0,0.05,0.0001452141551629426,0.0,0.005202673059875709,0.05063629246360522,0.0
10711,1.0,0.05,0.0001452141551629426,0.0,0.005202673059875709,0.05063629246360522,0.0
10712,1.0,0.05,0.0001452141551629426,0.0,0.005202673059875709,0.05063629246360522,0.0
10713,1.0,0.05,0.0001452141551629426,0.0,0.005202673059875709,0.07213640417241546,0.0
10714,1.0,0.05,0.0001452141551629426,0.0,0.005202673059875709,0.07213640417241546,0.0
10715,1.0,0.05,0.0001402348894391057,0.0,0.004663485636632456,0.040374651910117416,0.0
10716,1.0,0.05,0.0001402348894391057,0.0,0.004663485636632456,0.040374651910117416,0.0
10717,1.0,0.05,0.0001402348894391057,0.0,0.004663485636632456,0.03723489464662645,0.0
10718,1.0,0.05,0.0001402348894391057,0.0,0.004663485636632456,0.07001982886777805,0.0
10719,1.0,0.05,0.0001402348894391057,0.0,0.004663485636632456,0.04999227664428479,0.0
10720,1.0,0.05,0.0001402348894391057,0.0,0.004663485636632456,0.05514227293058356,0.0
10721,1.0,0.05,0.0001402348894391057,0.0,0.004663485636632456,0.07019849194234103,0.0
10722,1.0,0.05,0.0001402348894391057,0.0,0.004764658854430044,0.05791301349315757,0.0
10723,1.0,0.05,0.0001402348894391057,0.0,0.004764658854430044,0.05791301349315757,0.0
10724,1.0,0.05,0.0001402348894391057,0.0,0.004764658854430044,0.05791301349315757,0.0
10725,1.0,0.05,0.0001402348894391057,0.0,0.004764658854430044,0.05791301349315757,0.0
10726,1.0,0.05,0.0001402348894391057,0.0,0.007276408126638791,0.0696917294533079,0.0
10727,1.0,0.05,0.0001402348894391057,0.0,0.007276408126638791,0.0696917294533079,0.0
10728,1.0,0.05,0.0001402348894391057,0.0,0.007276408126638791,0.044643151139911075,0.0
10729,1.0,0.05,0.0001402348894391057,0.0,0.007276408126638791,0.044643151139911075,0.0
10730,1.0,0.05,0.0001402348894391057,0.0,0.007276408126638791,0.07118956097922952,0.0
10731,1.0,0.05,0.0001402348894391057,0.0,0.007276408126638791,0.07118956097922952,0.0
10732,1.0,0.05,0.0001402348894391057,0.0,0.0056651087280597465,0.11300585772228974,0.0
10733,1.0,0.05,0.0001402348894391057,0.0,0.0056651087280597465,0.11300585772228974,0.0
10734,1.0,0.05,0.0001402348894391057,0.0,0.005940550002604623,0.11300585772228974,0.0
10735,1.0,0.05,0.0001402348894391057,0.0,0.005940550002604623,0.10318156120564886,0.0
10736,1.0,0.05,0.0001402348894391057,0.0,0.005940550002604623,0.10318156120564886,0.0
10737,1.0,0.05,0.0001402348894391057,0.0,0.005940550002604623,0.04066223316535446,0.0
10738,1.0,0.05,0.0001402348894391057,0.0,0.005940550002604623,0.04204603048857537,0.0
10739,1.0,0.05,0.0001402348894391057,0.0,0.006674457487716386,0.07846781535735099,0.0
10740,1.0,0.05,0.0001402348894391057,0.0,0.006674457487716386,0.06413586305874494,0.0
10741,1.0,0.05,0.0001402348894391057,0.0,0.006674457487716386,0.06413586305874494,0.0
10742,1.0,0.05,0.0001402348894391057,0.0,0.006674457487716386,0.06413586305874494,0.0
10743,1.0,0.05,0.00012295271898367263,0.0,0.006674457487716386,0.06413586305874494,0.0
10744,1.0,0.05,0.00012295271898367263,0.0,0.006674457487716386,0.06413586305874494,0.0
10745,1.0,0.05,0.00012295271898367263,0.0,0.006674457487716386,0.08136824048194594,0.0
10746,1.0,0.05,0.00012295271898367263,0.0,0.006674457487716386,0.05262180566550957,0.0
10747,1.0,0.05,0.00012295271898367263,0.0,0.006674457487716386,0.05262180566550957,0.0
10748,1.0,0.05,0.00012295271898367263,0.0,0.00621808498828302,0.05915316019359931,0.0
10749,1.0,0.05,0.000147542564027971,0.0,0.006174663757509628,0.05915316019359931,0.0
10750,1.0,0.05,0.00014443740530599143,0.0,0.006174663757509628,0.05915316019359931,0.0
10751,1.0,0.05,0.00014443740530599143,0.0,0.006174663757509628,0.05047505957013174,0.0
10752,1.0,0.05,0.00012996667763531068,0.0,0.006174663757509628,0.05047505957013174,0.0
10753,1.0,0.05,0.00012996667763531068,0.0,0.006174663757509628,0.05047505957013174,0.0
10754,1.0,0.05,0.00012996667763531068,0.0,0.006174663757509628,0.05826034406472217,0.0
10755,1.0,0.05,0.00012996667763531068,0.0,0.006174663757509628,0.08495630586295037,0.0
10756,1.0,0.05,0.00012996667763531068,0.0,0.006174663757509628,0.08495630586295037,0.0
10757,1.0,0.05,0.00012996667763531068,0.0,0.006174663757509628,0.08495630586295037,0.0
10758,1.0,0.05,0.00012996667763531068,0.0,0.006174663757509628,0.08495630586295037,0.0
10759,1.0,0.05,0.00013349950803660853,0.0,0.006174663757509628,0.08495630586295037,0.0
10760,1.0,0.05,0.0001398283585312476,0.0,0.006174663757509628,0.08495630586295037,0.0
10761,1.0,0.05,0.0001398283585312476,0.0,0.006174663757509628,0.08495630586295037,0.0
10762,1.0,0.05,0.0001398283585312476,0.0,0.006174663757509628,0.03335123346800836,0.0
10763,1.0,0.05,0.0001398283585312476,0.0,0.005864646689910106,0.03501686865395239,0.0
10764,1.0,0.05,0.0001398283585312476,0.0,0.005864646689910106,0.03501686865395239,0.0
10765,1.0,0.05,0.0001398283585312476,0.0,0.005864646689910106,0.03501686865395239,0.0
10766,1.0,0.05,0.0001398283585312476,0.0,0.005864646689910106,0.03501686865395239,0.0
10767,1.0,0.05,0.0001398283585312476,0.0,0.005864646689910106,0.03501686865395239,0.0
10768,1.0,0.05,0.0001398283585312476,0.0,0.005864646689910106,0.03501686865395239,0.0
10769,1.0,0.05,0.0001398283585312476,0.0,0.005864646689910106,0.03501686865395239,0.0
10770,1.0,0.05,0.0001398283585312476,0.0,0.005864646689910106,0.03501686865395239,0.0
10771,1.0,0.05,0.00012793010764363088,0.0,0.005964768523289423,0.02092092602455558,0.0
10772,1.0,0.05,0.00012793010764363088,0.0,0.005964768523289423,0.02092092602455558,0.0
10773,1.0,0.05,0.00012793010764363088,0.0,0.005964768523289423,0.04342652914431484,0.0
10774,1.0,0.05,0.00012793010764363088,0.0,0.005964768523289423,0.06371387539163964,0.0
10775,1.0,0.05,0.00012793010764363088,0.0,0.005964768523289423,0.06371387539163964,0.0
10776,1.0,0.05,0.00012793010764363088,0.0,0.005964768523289423,0.06371387539163964,0.0
10777,1.0,0.05,0.00012793010764363088,0.0,0.005964768523289423,0.06371387539163964,0.0
10778,1.0,0.05,0.00012793010764363088,0.0,0.005964768523289423,0.12947005912427742,0.0
10779,1.0,0.05,0.00012793010764363088,0.0,0.007213687682749884,0.12947005912427742,0.0
10780,1.0,0.05,0.00012793010764363088,0.0,0.007213687682749884,0.12947005912427742,0.0
10781,1.0,0.05,0.00012793010764363088,0.0,0.006090731120714563,0.12947005912427742,0.0
10782,1.0,0.05,0.00012793010764363088,0.0,0.005442677683001987,0.12947005912427742,0.0
10783,1.0,0.05,0.00012793010764363088,0.0,0.005442677683001987,0.12947005912427742,0.0
10784,1.0,0.05,0.00012793010764363088,0.0,0.005412126954539822,0.12947005912427742,0.0
10785,1.0,0.05,0.00012793010764363088,0.0,0.005412126954539822,0.12947005912427742,0.0
10786,1.0,0.05,0.00012793010764363088,0.0,0.005412126954539822,0.09234016218623206,0.0
10787,1.0,0.05,0.00012793010764363088,0.0,0.005412126954539822,0.11354815317314028,0.0
10788,1.0,0.05,0.00012793010764363088,0.0,0.005412126954539822,0.06781712465421841,0.0
10789,1.0,0.05,0.00012793010764363088,0.0,0.0054549246006636186,0.06781712465421841,0.0
10790,1.0,0.05,0.00012793010764363088,0.0,0.0054549246006636186,0.06781712465421841,0.0
10791,1.0,0.05,0.00012793010764363088,0.0,0.0054549246006636186,0.06781712465421841,0.0
10792,1.0,0.05,0.0001350900382141237,0.0,0.0054549246006636186,0.06781712465421841,0.0
10793,1.0,0.05,0.00013666654973096994,0.0,0.0054549246006636186,0.06401235728392932,0.0
10794,1.0,0.05,0.00013666654973096994,0.0,0.0054549246006636186,0.05127891489814333,0.0
10795,1.0,0.05,0.00013666654973096994,0.0,0.005869083122691888,0.08202854151246193,0.0
10796,1.0,0.05,0.0001272950037691939,0.0,0.006666356527028605,0.06659288402500974,0.0
10797,1.0,0.05,0.0001272950037691939,0.0,0.006666356527028605,0.06659288402500974,0.0
10798,1.0,0.05,0.0001272950037691939,0.0,0.006666356527028605,0.06659288402500974,0.0
10799,1.0,0.05,0.00013513656935443721,0.0,0.006666356527028605,0.06659288402500974,0.0
10800,1.0,0.05,0.00013513656935443721,0.0,0.005520590197887434,0.06659288402500974,0.0
10801,1.0,0.05,0.00013513656935443721,0.0,0.005520590197887434,0.06659288402500974,0.0
10802,1.0,0.05,0.00013513656935443721,0.0,0.005520590197887434,0.06659288402500974,0.0
10803,1.0,0.05,0.00013455696892742696,0.0,0.005520590197887434,0.06659288402500974,0.0
10804,1.0,0.05,0.00013455696892742696,0.0,0.005520590197887434,0.06387679298301774,0.0
10805,1.0,0.05,0.00013455696892742696,0.0,0.005520590197887434,0.06387679298301774,0.0
10806,1.0,0.05,0.00013455696892742696,0.0,0.006481390312089764,0.0916399564978568,0.0
10807,1.0,0.05,0.00013455696892742696,0.0,0.006481390312089764,0.08262487409226266,0.0
10808,1.0,0.05,0.00013455696892742696,0.0,0.006481390312089764,0.08262487409226266,0.0
10809,1.0,0.05,0.00013455696892742696,0.0,0.006481390312089764,0.08262487409226266,0.0
10810,1.0,0.05,0.00013455696892742696,0.0,0.006082800498972632,0.043518828674657936,0.0
10811,1.0,0.05,0.00013455696892742696,0.0,0.006082800498972632,0.043518828674657936,0.0
10812,1.0,0.05,0.00013455696892742696,0.0,0.006082800498972632,0.0860871305711928,0.0
10813,1.0,0.05,0.00013455696892742696,0.0,0.006082800498972632,0.050229936057562895,0.0
10814,1.0,0.05,0.00013455696892742696,0.0,0.0049330412685787105,0.050229936057562895,0.0
10815,1.0,0.05,0.00013455696892742696,0.0,0.004984870958997727,0.050229936057562895,0.0
10816,1.0,0.05,0.00013455696892742696,0.0,0.004984870958997727,0.050229936057562895,0.0
10817,1.0,0.05,0.00013969046510236186,0.0,0.004984870958997727,0.02100843370133817,0.0
10818,1.0,0.05,0.00013969046510236186,0.0,0.004984870958997727,0.02100843370133817,0.0
10819,1.0,0.05,0.00013969046510236186,0.0,0.004984870958997727,0.0377486684228847,0.0
10820,1.0,0.05,0.00013969046510236186,0.0,0.004984870958997727,0.0377486684228847,0.0
10821,1.0,0.05,0.00013969046510236186,0.0,0.004984870958997727,0.0377486684228847,0.0
10822,1.0,0.05,0.00013969046510236186,0.0,0.006577634383819955,0.0377486684228847,0.0
10823,1.0,0.05,0.00013969046510236186,0.0,0.006577634383819955,0.10307276053212674,0.0
10824,1.0,0.05,0.00013067482163336305,0.0,0.006577634383819955,0.10307276053212674,0.0
10825,1.0,0.05,0.00013067482163336305,0.0,0.006577634383819955,0.10307276053212674,0.0
10826,1.0,0.05,0.00013067482163336305,0.0,0.006577634383819955,0.0845841188921641,0.0
10827,1.0,0.05,0.00013067482163336305,0.0,0.006577634383819955,0.0845841188921641,0.0
10828,1.0,0.05,0.00013067482163336305,0.0,0.006577634383819955,0.0845841188921641,0.0
10829,1.0,0.05,0.00013067482163336305,0.0,0.006577634383819955,0.0845841188921641,0.0
10830,1.0,0.05,0.00013067482163336305,0.0,0.006577634383819955,0.0845841188921641,0.0
10831,1.0,0.05,0.00013067482163336305,0.0,0.006577634383819955,0.0845841188921641,0.0
10832,1.0,0.05,0.00013067482163336305,0.0,0.006577634383819955,0.0845841188921641,0.0
10833,1.0,0.05,0.0001237374150092842,0.0,0.006577634383819955,0.08257104722882026,0.0
10834,1.0,0.05,0.0001237374150092842,0.0,0.006577634383819955,0.08257104722882026,0.0
10835,1.0,0.05,0.0001237374150092842,0.0,0.006659823286923624,0.11089975446784332,0.0
10836,1.0,0.05,0.0001237374150092842,0.0,0.006659823286923624,0.11089975446784332,0.0
10837,1.0,0.05,0.0001237374150092842,0.0,0.007204280355861142,0.11089975446784332,0.0
10838,1.0,0.05,0.0001237374150092842,0.0,0.007204280355861142,0.11980160011846915,0.0
10839,1.0,0.05,0.00011988969173837608,0.0,0.007204280355861142,0.09682214467585523,0.0
10840,1.0,0.05,0.00011988969173837608,0.0,0.007204280355861142,0.09682214467585523,0.0
10841,1.0,0.05,0.00011988969173837608,0.0,0.005500531672234272,0.09682214467585523,0.0
10842,1.0,0.05,0.00011988969173837608,0.0,0.008499304162419074,0.09682214467585523,0.0
10843,1.0,0.05,0.00011988969173837608,0.0,0.008499304162419074,0.09682214467585523,0.0
10844,1.0,0.05,0.00011988969173837608,0.0,0.008499304162419074,0.09682214467585523,0.0
10845,1.0,0.05,0.00011988969173837608,0.0,0.008499304162419074,0.09682214467585523,0.0
10846,1.0,0.05,0.00011988969173837608,0.0,0.006718159300229105,0.09682214467585523,0.0
10847,1.0,0.05,0.00011988969173837608,0.0,0.006718159300229105,0.09682214467585523,0.0
10848,1.0,0.05,0.00011988969173837608,0.0,0.006718159300229105,0.09682214467585523,0.0
10849,1.0,0.05,0.00011988969173837608,0.0,0.006718159300229105,0.09682214467585523,0.0
10850,1.0,0.05,0.00011988969173837608,0.0,0.006718159300229105,0.09682214467585523,0.0
10851,1.0,0.05,0.00011988969173837608,0.0,0.008598966730538164,0.09682214467585523,0.0
10852,1.0,0.05,0.00012481746975613885,0.0,0.008598966730538164,0.09682214467585523,0.0
10853,1.0,0.05,0.00012481746975613885,0.0,0.008598966730538164,0.09682214467585523,0.0
10854,1.0,0.05,0.00012481746975613885,0.0,0.008598966730538164,0.09682214467585523,0.0
10855,1.0,0.05,0.00012481746975613885,0.0,0.008598966730538164,0.09682214467585523,0.0
10856,1.0,0.05,0.00012481746975613885,0.0,0.008598966730538164,0.09682214467585523,0.0
10857,1.0,0.05,0.00012481746975613885,0.0,0.008598966730538164,0.09682214467585523,0.0
10858,1.0,0.05,0.00012481746975613885,0.0,0.008598966730538164,0.09682214467585523,0.0
10859,1.0,0.05,0.00012481746975613885,0.0,0.008598966730538164,0.15177282313447915,0.0
10860,1.0,0.05,0.00012481746975613885,0.0,0.008598966730538164,0.15177282313447915,0.0
10861,1.0,0.05,0.00012481746975613885,0.0,0.008598966730538164,0.16752826278083832,0.0
10862,1.0,0.05,0.00012481746975613885,0.0,0.008598966730538164,0.16368454858827047,0.0
10863,1.0,0.05,0.00011671330373306819,0.0,0.008598966730538164,0.20798631827526304,0.0
10864,1.0,0.05,0.00011671330373306819,0.0,0.008598966730538164,0.20798631827526304,0.0
10865,1.0,0.05,0.00011671330373306819,0.0,0.008914014773827434,0.0650268503823551,0.0
10866,1.0,0.05,0.00011581740284155018,0.0,0.00895022018552271,0.0650268503823551,0.0
10867,1.0,0.05,0.00013079346532712143,0.0,0.009072120121842017,0.07217140288332033,0.0
10868,1.0,0.05,0.00013079346532712143,0.0,0.0055437680767647084,0.08710458304178721,0.0
10869,1.0,0.05,0.00013079346532712143,0.0,0.0055437680767647084,0.06945493043409029,0.0
10870,1.0,0.05,0.00013079346532712143,0.0,0.007478122873551859,0.06984766061428961,0.0
10871,1.0,0.05,0.00013079346532712143,0.0,0.007478122873551859,0.06984766061428961,0.0
10872,1.0,0.05,0.00013079346532712143,0.0,0.007478122873551859,0.06984766061428961,0.0
10873,1.0,0.05,0.00013079346532712143,0.0,0.007478122873551859,0.06984766061428961,0.0
10874,1.0,0.05,0.00013231619700527738,0.0,0.006618339265063252,0.06984766061428961,0.0
10875,1.0,0.05,0.00013231619700527738,0.0,0.006618339265063252,0.11028022588551131,0.0
10876,1.0,0.05,0.00013231619700527738,0.0,0.006618339265063252,0.11028022588551131,0.0
10877,1.0,0.05,0.00013231619700527738,0.0,0.005720134614423014,0.11028022588551131,0.0
10878,1.0,0.05,0.00013231619700527738,0.0,0.0060024849632577685,0.11028022588551131,0.0
10879,1.0,0.05,0.00013231619700527738,0.0,0.005706071078170835,0.0479482210133781,0.0
10880,1.0,0.05,0.00013231619700527738,0.0,0.005706071078170835,0.031960385215780616,0.0
10881,1.0,0.05,0.00013231619700527738,0.0,0.005706071078170835,0.031960385215780616,0.0
10882,1.0,0.05,0.00013231619700527738,0.0,0.005706071078170835,0.031960385215780616,0.0
10883,1.0,0.05,0.00013231619700527738,0.0,0.0060781576853875955,0.055404558630031346,0.0
10884,1.0,0.05,0.00013231619700527738,0.0,0.005774539181540303,0.05518372473126178,0.0
10885,1.0,0.05,0.00013231619700527738,0.0,0.005774539181540303,0.05518372473126178,0.0
10886,1.0,0.05,0.00013231619700527738,0.0,0.005774539181540303,0.05518372473126178,0.0
10887,1.0,0.05,0.00013231619700527738,0.0,0.005774539181540303,0.05518372473126178,0.0
10888,1.0,0.05,0.00013231619700527738,0.0,0.005774539181540303,0.05518372473126178,0.0
10889,1.0,0.05,0.00013231619700527738,0.0,0.005774539181540303,0.05518372473126178,0.0
10890,1.0,0.05,0.00013231619700527738,0.0,0.005774539181540303,0.05518372473126178,0.0
10891,1.0,0.05,0.00013231619700527738,0.0,0.005774539181540303,0.044983711925699804,0.0
10892,1.0,0.05,0.00013231619700527738,0.0,0.005774539181540303,0.044983711925699804,0.0
10893,1.0,0.05,0.00013231619700527738,0.0,0.005774539181540303,0.06916262087855474,0.0
10894,1.0,0.05,0.00013231619700527738,0.0,0.005774539181540303,0.06916262087855474,0.0
10895,1.0,0.05,0.00013231619700527738,0.0,0.005774539181540303,0.04377780196849837,0.0
10896,1.0,0.05,0.00013231619700527738,0.0,0.005774539181540303,0.04377780196849837,0.0
10897,1.0,0.05,0.00013356565152876736,0.0,0.005774539181540303,0.04377780196849837,0.0
10898,1.0,0.05,0.00013356565152876736,0.0,0.005774539181540303,0.04003130009363045,0.0
10899,1.0,0.05,0.00013356565152876736,0.0,0.005774539181540303,0.08934278845355846,0.0
10900,1.0,0.05,0.00013356565152876736,0.0,0.005774539181540303,0.08934278845355846,0.0
10901,1.0,0.05,0.00013356565152876736,0.0,0.005774539181540303,0.08635420522067605,0.0
10902,1.0,0.05,0.00013356565152876736,0.0,0.005774539181540303,0.08635420522067605,0.0
10903,1.0,0.05,0.00013356565152876736,0.0,0.007624375910455989,0.04191522238695796,0.0
10904,1.0,0.05,0.00013356565152876736,0.0,0.007624375910455989,0.04191522238695796,0.0
10905,1.0,0.05,0.00013356565152876736,0.0,0.007624375910455989,0.04191522238695796,0.0
10906,1.0,0.05,0.0001318485051935677,0.0,0.007624375910455989,0.10261407088077025,0.0
10907,1.0,0.05,0.0001318485051935677,0.0,0.007624375910455989,0.10261407088077025,0.0
10908,1.0,0.05,0.00012869930950446396,0.0,0.007624375910455989,0.10261407088077025,0.0
10909,1.0,0.05,0.00012974910767581422,0.0,0.00595914786390961,0.11612930973141364,0.0
10910,1.0,0.05,0.00012974910767581422,0.0,0.00595914786390961,0.04635383622219379,0.0
10911,1.0,0.05,0.00012974910767581422,0.0,0.00595914786390961,0.032597883752120346,0.0
10912,1.0,0.05,0.00012974910767581422,0.0,0.00595914786390961,0.059059750932940955,0.0
10913,1.0,0.05,0.00013719140044555675,0.0,0.00595914786390961,0.059059750932940955,0.0
10914,1.0,0.05,0.00013719140044555675,0.0,0.00595914786390961,0.059059750932940955,0.0
10915,1.0,0.05,0.00013719140044555675,0.0,0.00595914786390961,0.08105413711799599,0.0
10916,1.0,0.05,0.00013719140044555675,0.0,0.00595914786390961,0.053731335155498626,0.0
10917,1.0,0.05,0.00013719140044555675,0.0,0.00595914786390961,0.053731335155498626,0.0
10918,1.0,0.05,0.00013719140044555675,0.0,0.00595914786390961,0.053731335155498626,0.0
10919,1.0,0.05,0.00013719140044555675,0.0,0.00595914786390961,0.06414873085555783,0.0
10920,1.0,0.05,0.00013719140044555675,0.0,0.00595914786390961,0.06414873085555783,0.0
10921,1.0,0.05,0.00013719140044555675,0.0,0.00595914786390961,0.05957624077030845,0.0
10922,1.0,0.05,0.00013719140044555675,0.0,0.00595914786390961,0.05957624077030845,0.0
10923,1.0,0.05,0.00013719140044555675,0.0,0.00595914786390961,0.05957624077030845,0.0
10924,1.0,0.05,0.00013719140044555675,0.0,0.00595914786390961,0.043154296135794946,0.0
10925,1.0,0.05,0.00013310084025736324,0.0,0.0060613764503273555,0.043154296135794946,0.0
10926,1.0,0.05,0.00013310084025736324,0.0,0.0060613764503273555,0.043154296135794946,0.0
10927,1.0,0.05,0.00013310084025736324,0.0,0.0060613764503273555,0.0997066101972456,0.0
10928,1.0,0.05,0.00013310084025736324,0.0,0.0060613764503273555,0.0997066101972456,0.0
10929,1.0,0.05,0.00013623636184239123,0.0,0.0060613764503273555,0.07609736240392004,0.0
10930,1.0,0.05,0.00013623636184239123,0.0,0.0060613764503273555,0.07380935398756996,0.0
10931,1.0,0.05,0.00013623636184239123,0.0,0.0060613764503273555,0.07380935398756996,0.0
10932,1.0,0.05,0.00013623636184239123,0.0,0.0060613764503273555,0.07380935398756996,0.0
10933,1.0,0.05,0.00013623636184239123,0.0,0.0060613764503273555,0.07380935398756996,0.0
10934,1.0,0.05,0.00013623636184239123,0.0,0.0060613764503273555,0.07380935398756996,0.0
10935,1.0,0.05,0.00013623636184239123,0.0,0.0060613764503273555,0.07380935398756996,0.0
10936,1.0,0.05,0.00013623636184239123,0.0,0.0060613764503273555,0.0756054510667739,0.0
10937,1.0,0.05,0.00013623636184239123,0.0,0.0060613764503273555,0.045299933277034854,0.0
10938,1.0,0.05,0.00013623636184239123,0.0,0.0060613764503273555,0.06382747287261897,0.0
10939,1.0,0.05,0.00013623636184239123,0.0,0.0060613764503273555,0.07447445093137943,0.0
10940,1.0,0.05,0.00013623636184239123,0.0,0.0060613764503273555,0.07447445093137943,0.0
10941,1.0,0.05,0.00013623636184239123,0.0,0.0060613764503273555,0.07447445093137943,0.0
10942,1.0,0.05,0.00013623636184239123,0.0,0.0060613764503273555,0.029173635709674225,0.0
10943,1.0,0.05,0.00013623636184239123,0.0,0.0060613764503273555,0.03042007275538703,0.0
10944,1.0,0.05,0.00013623636184239123,0.0,0.0060613764503273555,0.03042007275538703,0.0
10945,1.0,0.05,0.00013623636184239123,0.0,0.0060613764503273555,0.03042007275538703,0.0
10946,1.0,0.05,0.00013623636184239123,0.0,0.0060613764503273555,0.03042007275538703,0.0
10947,1.0,0.05,0.00013623636184239123,0.0,0.0060613764503273555,0.07492938903854449,0.0
10948,1.0,0.05,0.00013623636184239123,0.0,0.0060613764503273555,0.06668910146930229,0.0
10949,1.0,0.05,0.00013623636184239123,0.0,0.0060613764503273555,0.051154514874355815,0.0
10950,1.0,0.05,0.00013623636184239123,0.0,0.0060613764503273555,0.038185948216191604,0.0
10951,1.0,0.05,0.00013623636184239123,0.0,0.0060613764503273555,0.0596791744601476,0.0
10952,1.0,0.05,0.000130849976094732,0.0,0.0060613764503273555,0.03672876335586543,0.0
10953,1.0,0.05,0.000130849976094732,0.0,0.0060613764503273555,0.1449569131831412,0.0
10954,1.0,0.05,0.000130849976094732,0.0,0.0064423453587827105,0.1449569131831412,0.0
10955,1.0,0.05,0.000130849976094732,0.0,0.0064423453587827105,0.1449569131831412,0.0
10956,1.0,0.05,0.000130849976094732,0.0,0.0064423453587827105,0.09325360402305015,0.0
10957,1.0,0.05,0.000130849976094732,0.0,0.0064423453587827105,0.09325360402305015,0.0
10958,1.0,0.05,0.000130849976094732,0.0,0.0064423453587827105,0.09102188088246761,0.0
10959,1.0,0.05,0.000130849976094732,0.0,0.0064423453587827105,0.09102188088246761,0.0
10960,1.0,0.05,0.000130849976094732,0.0,0.0064423453587827105,0.09102188088246761,0.0
10961,1.0,0.05,0.000130849976094732,0.0,0.0064423453587827105,0.09102188088246761,0.0
10962,1.0,0.05,0.000130849976094732,0.0,0.006849766549266313,0.09102188088246761,0.0
10963,1.0,0.05,0.000130849976094732,0.0,0.006849766549266313,0.04989494939072024,0.0
10964,1.0,0.05,0.000130849976094732,0.0,0.006351911662790469,0.04989494939072024,0.0
10965,1.0,0.05,0.000130849976094732,0.0,0.006510717757075713,0.04989494939072024,0.0
10966,1.0,0.05,0.000130849976094732,0.0,0.006510717757075713,0.04989494939072024,0.0
10967,1.0,0.05,0.000130849976094732,0.0,0.007626467695303467,0.04989494939072024,0.0
10968,1.0,0.05,0.000130849976094732,0.0,0.007626467695303467,0.04989494939072024,0.0
10969,1.0,0.05,0.000130849976094732,0.0,0.007626467695303467,0.11218320149416781,0.0
10970,1.0,0.05,0.000130849976094732,0.0,0.007626467695303467,0.11218320149416781,0.0
10971,1.0,0.05,0.000130849976094732,0.0,0.007626467695303467,0.11218320149416781,0.0
10972,1.0,0.05,0.000130849976094732,0.0,0.0061317828983041235,0.11218320149416781,0.0
10973,1.0,0.05,0.000130849976094732,0.0,0.0061317828983041235,0.12369479425586052,0.0
10974,1.0,0.05,0.000130849976094732,0.0,0.0061317828983041235,0.12369479425586052,0.0
10975,1.0,0.05,0.000130849976094732,0.0,0.0061317828983041235,0.12369479425586052,0.0
10976,1.0,0.05,0.000130849976094732,0.0,0.0061317828983041235,0.12369479425586052,0.0
10977,1.0,0.05,0.0001247555873431253,0.0,0.0061317828983041235,0.059606117290155386,0.0
10978,1.0,0.05,0.0001247555873431253,0.0,0.0071479051329657395,0.06228484226743589,0.0
10979,1.0,0.05,0.0001247555873431253,0.0,0.007318377788019673,0.06228484226743589,0.0
10980,1.0,0.05,0.0001247555873431253,0.0,0.007497479283881746,0.06228484226743589,0.0
10981,1.0,0.05,0.0001247555873431253,0.0,0.007497479283881746,0.06228484226743589,0.0
10982,1.0,0.05,0.0001247555873431253,0.0,0.007497479283881746,0.048285774863446214,0.0
10983,1.0,0.05,0.0001247555873431253,0.0,0.007497479283881746,0.048285774863446214,0.0
10984,1.0,0.05,0.00012656886519358087,0.0,0.007497479283881746,0.048285774863446214,0.0
10985,1.0,0.05,0.00012656886519358087,0.0,0.006945613819765019,0.023456845829246648,0.0
10986,1.0,0.05,0.0001344064937620999,0.0,0.0065104881895692275,0.023456845829246648,0.0
10987,1.0,0.05,0.0001344064937620999,0.0,0.0065104881895692275,0.023616835055554265,0.0
10988,1.0,0.05,0.0001344064937620999,0.0,0.0065104881895692275,0.10957650900270934,0.0
10989,1.0,0.05,0.00013648386783972544,0.0,0.005889992009706418,0.07293971068686507,0.0
10990,1.0,0.05,0.00013648386783972544,0.0,0.005889992009706418,0.07293971068686507,0.0
10991,1.0,0.05,0.00013648386783972544,0.0,0.005889992009706418,0.07293971068686507,0.0
10992,1.0,0.05,0.00013648386783972544,0.0,0.005889992009706418,0.0932276914898614,0.0
10993,1.0,0.05,0.00013648386783972544,0.0,0.007055480254157619,0.0932276914898614,0.0
10994,1.0,0.05,0.00013648386783972544,0.0,0.007055480254157619,0.0932276914898614,0.0
10995,1.0,0.05,0.00013648386783972544,0.0,0.007055480254157619,0.03380778766190222,0.0
10996,1.0,0.05,0.00013648386783972544,0.0,0.007055480254157619,0.03380778766190222,0.0
10997,1.0,0.05,0.00013648386783972544,0.0,0.007055480254157619,0.03380778766190222,0.0
10998,1.0,0.05,0.00013648386783972544,0.0,0.006065834519575372,0.07108658469408616,0.0
10999,1.0,0.05,0.00013648386783972544,0.0,0.006065834519575372,0.06869229959222614,0.0
11000,1.0,0.05,0.00013648386783972544,0.0,0.006065834519575372,0.036767413118853925,0.0
11001,1.0,0.05,0.00013648386783972544,0.0,0.006065834519575372,0.03200448014250985,0.0
11002,1.0,0.05,0.00013648386783972544,0.0,0.006065834519575372,0.04594762904598038,0.0
11003,1.0,0.05,0.00013648386783972544,0.0,0.006065834519575372,0.037364029716128754,0.0
11004,1.0,0.05,0.0001327243233466826,0.0,0.006065834519575372,0.10089004350212644,0.0
11005,1.0,0.05,0.0001327243233466826,0.0,0.006232438622431961,0.10089004350212644,0.0
11006,1.0,0.05,0.0001327243233466826,0.0,0.006232438622431961,0.10089004350212644,0.0
11007,1.0,0.05,0.00012930139587917288,0.0,0.006677569223357059,0.10089004350212644,0.0
11008,1.0,0.05,0.00012930139587917288,0.0,0.006677569223357059,0.027999251681585346,0.0
11009,1.0,0.05,0.00012930139587917288,0.0,0.006677569223357059,0.009323118429914493,0.0
11010,1.0,0.05,0.00012930139587917288,0.0,0.006677569223357059,0.03422899140082836,0.0
11011,1.0,0.05,0.00012930139587917288,0.0,0.0068175204231258005,0.030074350359420257,0.0
11012,1.0,0.05,0.00012930139587917288,0.0,0.0068175204231258005,0.05351590903127434,0.0
11013,1.0,0.05,0.00012930139587917288,0.0,0.0068175204231258005,0.0554718745707528,0.0
11014,1.0,0.05,0.00012930139587917288,0.0,0.00652857678067558,0.0554718745707528,0.0
11015,1.0,0.05,0.00012930139587917288,0.0,0.00652857678067558,0.0554718745707528,0.0
11016,1.0,0.05,0.00012930139587917288,0.0,0.00652857678067558,0.0554718745707528,0.0
11017,1.0,0.05,0.00012930139587917288,0.0,0.00652857678067558,0.06468495149571708,0.0
11018,1.0,0.05,0.00012930139587917288,0.0,0.00652857678067558,0.1552347671198671,0.0
11019,1.0,0.05,0.00012930139587917288,0.0,0.00652857678067558,0.05511323906156492,0.0
11020,1.0,0.05,0.00012930139587917288,0.0,0.00652857678067558,0.05511323906156492,0.0
11021,1.0,0.05,0.00012930139587917288,0.0,0.00652857678067558,0.07890880065198197,0.0
11022,1.0,0.05,0.00012930139587917288,0.0,0.006050502734397506,0.07890880065198197,0.0
11023,1.0,0.05,0.00012930139587917288,0.0,0.006050502734397506,0.14781238779845113,0.0
11024,1.0,0.05,0.00012930139587917288,0.0,0.006325280045262337,0.14781238779845113,0.0
11025,1.0,0.05,0.00012930139587917288,0.0,0.006325280045262337,0.14781238779845113,0.0
11026,1.0,0.05,0.00012930139587917288,0.0,0.006325280045262337,0.051289095474071705,0.0
11027,1.0,0.05,0.00012930139587917288,0.0,0.005446876480655374,0.03870777369325468,0.0
11028,1.0,0.05,0.00012930139587917288,0.0,0.005446876480655374,0.07907259064211491,0.0
11029,1.0,0.05,0.00012930139587917288,0.0,0.005446876480655374,0.07907259064211491,0.0
11030,1.0,0.05,0.00012930139587917288,0.0,0.005446876480655374,0.07907259064211491,0.0
11031,1.0,0.05,0.00012930139587917288,0.0,0.0069509784900580705,0.06090484081325198,0.0
11032,1.0,0.05,0.00012930139587917288,0.0,0.0069509784900580705,0.1433990477685036,0.0
11033,1.0,0.05,0.00012930139587917288,0.0,0.0069509784900580705,0.13060645473859686,0.0
11034,1.0,0.05,0.00012930139587917288,0.0,0.0069509784900580705,0.11942992178315869,0.0
11035,1.0,0.05,0.00012930139587917288,0.0,0.0069509784900580705,0.11942992178315869,0.0
11036,1.0,0.05,0.00012930139587917288,0.0,0.0069509784900580705,0.11942992178315869,0.0
11037,1.0,0.05,0.00012930139587917288,0.0,0.006981690487295556,0.08830115241159729,0.0
11038,1.0,0.05,0.00013929893574617748,0.0,0.006981690487295556,0.06884791402752873,0.0
11039,1.0,0.05,0.00013929893574617748,0.0,0.005024797964408051,0.04147817076239367,0.0
11040,1.0,0.05,0.00013929893574617748,0.0,0.005024797964408051,0.04211021173655384,0.0
11041,1.0,0.05,0.00013929893574617748,0.0,0.005024797964408051,0.04211021173655384,0.0
11042,1.0,0.05,0.00013929893574617748,0.0,0.005024797964408051,0.04211021173655384,0.0
11043,1.0,0.05,0.00013929893574617748,0.0,0.005955243011388909,0.05393051729333806,0.0
11044,1.0,0.05,0.00013929893574617748,0.0,0.005955243011388909,0.05393051729333806,0.0
11045,1.0,0.05,0.00013929893574617748,0.0,0.005955243011388909,0.05393051729333806,0.0
11046,1.0,0.05,0.00013929893574617748,0.0,0.005955243011388909,0.056995043783377414,0.0
11047,1.0,0.05,0.00013929893574617748,0.0,0.005955243011388909,0.056995043783377414,0.0
11048,1.0,0.05,0.00013929893574617748,0.0,0.005955243011388909,0.056995043783377414,0.0
11049,1.0,0.05,0.00013929893574617748,0.0,0.005955243011388909,0.056995043783377414,0.0
11050,1.0,0.05,0.00013929893574617748,0.0,0.005955243011388909,0.06159387063934296,0.0
11051,1.0,0.05,0.00013929893574617748,0.0,0.005955243011388909,0.06159387063934296,0.0
11052,1.0,0.05,0.00013929893574617748,0.0,0.005955243011388909,0.06985798799506959,0.0
11053,1.0,0.05,0.00013929893574617748,0.0,0.005955243011388909,0.026095037223068288,0.0
11054,1.0,0.05,0.00013929893574617748,0.0,0.005955243011388909,0.026095037223068288,0.0
11055,1.0,0.05,0.00013929893574617748,0.0,0.005955243011388909,0.032205702526484976,0.0
11056,1.0,0.05,0.00013520090505256293,0.0,0.005955243011388909,0.04126273047080524,0.0
11057,1.0,0.05,0.00013520090505256293,0.0,0.005955243011388909,0.07548725725533482,0.0
11058,1.0,0.05,0.00013520090505256293,0.0,0.005955243011388909,0.06936070986783796,0.0
11059,1.0,0.05,0.00013520090505256293,0.0,0.005798274626057041,0.06471565104611673,0.0
11060,1.0,0.05,0.00013520090505256293,0.0,0.005470545946496628,0.06471565104611673,0.0
11061,1.0,0.05,0.0001328386719799737,0.0,0.006240583193422561,0.06471565104611673,0.0
11062,1.0,0.05,0.0001328386719799737,0.0,0.006240583193422561,0.06471565104611673,0.0
11063,1.0,0.05,0.0001328386719799737,0.0,0.005758556026562994,0.06471565104611673,0.0
11064,1.0,0.05,0.0001328386719799737,0.0,0.005758556026562994,0.06471565104611673,0.0
11065,1.0,0.05,0.0001328386719799737,0.0,0.005758556026562994,0.06472219912116199,0.0
11066,1.0,0.05,0.0001328386719799737,0.0,0.005758556026562994,0.06472219912116199,0.0
11067,1.0,0.05,0.0001328386719799737,0.0,0.005758556026562994,0.06472219912116199,0.0
11068,1.0,0.05,0.0001328386719799737,0.0,0.005758556026562994,0.06472219912116199,0.0
11069,1.0,0.05,0.0001328386719799737,0.0,0.005758556026562994,0.02541014524399568,0.0
11070,1.0,0.05,0.0001328386719799737,0.0,0.005758556026562994,0.025150648459102455,0.0
11071,1.0,0.05,0.0001328386719799737,0.0,0.005758556026562994,0.025150648459102455,0.0
11072,1.0,0.05,0.0001328386719799737,0.0,0.005758556026562994,0.025150648459102455,0.0
11073,1.0,0.05,0.0001328386719799737,0.0,0.005758556026562994,0.11128097155574349,0.0
11074,1.0,0.05,0.0001328386719799737,0.0,0.005758556026562994,0.11128097155574349,0.0
11075,1.0,0.05,0.0001328386719799737,0.0,0.006228361379925914,0.04820450956971671,0.0
11076,1.0,0.05,0.0001318519723870071,0.0,0.006228361379925914,0.03887180389945126,0.0
11077,1.0,0.05,0.0001318519723870071,0.0,0.006524602580231341,0.13336809768040148,0.0
11078,1.0,0.05,0.0001318519723870071,0.0,0.006524602580231341,0.13336809768040148,0.0
11079,1.0,0.05,0.0001318519723870071,0.0,0.006558092773920851,0.13336809768040148,0.0
11080,1.0,0.05,0.0001318519723870071,0.0,0.006558092773920851,0.11295530928965394,0.0
11081,1.0,0.05,0.0001318519723870071,0.0,0.006558092773920851,0.11295530928965394,0.0
11082,1.0,0.05,0.0001318519723870071,0.0,0.006558092773920851,0.11295530928965394,0.0
11083,1.0,0.05,0.0001318519723870071,0.0,0.006558092773920851,0.11634161484176757,0.0
11084,1.0,0.05,0.0001318519723870071,0.0,0.006558092773920851,0.11634161484176757,0.0
11085,1.0,0.05,0.0001318519723870071,0.0,0.006558092773920851,0.11634161484176757,0.0
11086,1.0,0.05,0.0001318519723870071,0.0,0.006558092773920851,0.05993149229318914,0.0
11087,1.0,0.05,0.0001318519723870071,0.0,0.006558092773920851,0.05993149229318914,0.0
11088,1.0,0.05,0.0001318519723870071,0.0,0.006558092773920851,0.09348505971145406,0.0
11089,1.0,0.05,0.0001318519723870071,0.0,0.006558092773920851,0.09348505971145406,0.0
11090,1.0,0.05,0.0001318519723870071,0.0,0.006558092773920851,0.09348505971145406,0.0
11091,1.0,0.05,0.0001260926856974286,0.0,0.006558092773920851,0.09348505971145406,0.0
11092,1.0,0.05,0.00012962948139863314,0.0,0.005781072327543918,0.09348505971145406,0.0
11093,1.0,0.05,0.00012962948139863314,0.0,0.005781072327543918,0.05037982927965649,0.0
11094,1.0,0.05,0.00012962948139863314,0.0,0.005781072327543918,0.05037982927965649,0.0
11095,1.0,0.05,0.00012962948139863314,0.0,0.005781072327543918,0.07315235950469559,0.0
11096,1.0,0.05,0.00012962948139863314,0.0,0.006451525231775789,0.07315235950469559,0.0
11097,1.0,0.05,0.00012962948139863314,0.0,0.006451525231775789,0.11412102125274894,0.0
11098,1.0,0.05,0.00012962948139863314,0.0,0.006451525231775789,0.11412102125274894,0.0
11099,1.0,0.05,0.000129353456129281,0.0,0.006451525231775789,0.11412102125274894,0.0
11100,1.0,0.05,0.000129353456129281,0.0,0.006451525231775789,0.11412102125274894,0.0
11101,1.0,0.05,0.00012840724750932118,0.0,0.006451525231775789,0.11412102125274894,0.0
11102,1.0,0.05,0.00012840724750932118,0.0,0.006451525231775789,0.11412102125274894,0.0
11103,1.0,0.05,0.00012840724750932118,0.0,0.0054418486756890976,0.11412102125274894,0.0
11104,1.0,0.05,0.00013389891191827597,0.0,0.0054418486756890976,0.04562818044101669,0.0
11105,1.0,0.05,0.00013389891191827597,0.0,0.0054418486756890976,0.04562818044101669,0.0
11106,1.0,0.05,0.00013389891191827597,0.0,0.0054418486756890976,0.05043882077193384,0.0
11107,1.0,0.05,0.00013389891191827597,0.0,0.0054418486756890976,0.07340403797999775,0.0
11108,1.0,0.05,0.00013389891191827597,0.0,0.006076128641190142,0.07340403797999775,0.0
11109,1.0,0.05,0.00013389891191827597,0.0,0.006076128641190142,0.07340403797999775,0.0
11110,1.0,0.05,0.00013389891191827597,0.0,0.006076128641190142,0.10998815515482784,0.0
11111,1.0,0.05,0.00013389891191827597,0.0,0.006076128641190142,0.10998815515482784,0.0
11112,1.0,0.05,0.00013389891191827597,0.0,0.006230753271751607,0.10998815515482784,0.0
11113,1.0,0.05,0.00013389891191827597,0.0,0.006230753271751607,0.04454914927680542,0.0
11114,1.0,0.05,0.00013389891191827597,0.0,0.007656422380299134,0.0983788420883712,0.0
11115,1.0,0.05,0.00013389891191827597,0.0,0.007656422380299134,0.08364451917043839,0.0
11116,1.0,0.05,0.0001172093576559573,0.0,0.007656422380299134,0.11508953647789319,0.0
11117,1.0,0.05,0.0001172093576559573,0.0,0.008128415507926316,0.12264701626257982,0.0
11118,1.0,0.05,0.0001172093576559573,0.0,0.008128415507926316,0.12264701626257982,0.0
11119,1.0,0.05,0.0001172093576559573,0.0,0.008128415507926316,0.17226680659260332,0.0
11120,1.0,0.05,0.0001172093576559573,0.0,0.008128415507926316,0.13938971942355746,0.0
11121,1.0,0.05,0.0001172093576559573,0.0,0.008128415507926316,0.13938971942355746,0.0
11122,1.0,0.05,0.0001172093576559573,0.0,0.008128415507926316,0.13938971942355746,0.0
11123,1.0,0.05,0.0001172093576559573,0.0,0.008128415507926316,0.12310050998950803,0.0
11124,1.0,0.05,0.00011658342156328206,0.0,0.008128415507926316,0.08458067772432791,0.0
11125,1.0,0.05,0.00011658342156328206,0.0,0.008128415507926316,0.08458067772432791,0.0
11126,1.0,0.05,0.00011658342156328206,0.0,0.008128415507926316,0.08458067772432791,0.0
11127,1.0,0.05,0.00011658342156328206,0.0,0.008128415507926316,0.08458067772432791,0.0
11128,1.0,0.05,0.00011658342156328206,0.0,0.008128415507926316,0.08458067772432791,0.0
11129,1.0,0.05,0.00011658342156328206,0.0,0.008128415507926316,0.029857894024882415,0.0
11130,1.0,0.05,0.00012364537091835031,0.0,0.008128415507926316,0.03107746074153048,0.0
11131,1.0,0.05,0.00012364537091835031,0.0,0.007278295389398274,0.03107746074153048,0.0
11132,1.0,0.05,0.00012364537091835031,0.0,0.007423711683276919,0.03107746074153048,0.0
11133,1.0,0.05,0.00012364537091835031,0.0,0.007423711683276919,0.013293063285440165,0.0
11134,1.0,0.05,0.00012718036993247822,0.0,0.007423711683276919,0.005352542194685945,0.0
11135,1.0,0.05,0.00012718036993247822,0.0,0.007423711683276919,0.005352542194685945,0.0
11136,1.0,0.05,0.00012718036993247822,0.0,0.007423711683276919,0.014010309695091528,0.0
11137,1.0,0.05,0.00012718036993247822,0.0,0.007040427365726271,0.014010309695091528,0.0
11138,1.0,0.05,0.00012718036993247822,0.0,0.006147875267967112,0.012090655773340016,0.0
11139,1.0,0.05,0.00014382095515490028,0.0,0.006147875267967112,0.015397351210670256,0.0
11140,1.0,0.05,0.00014382095515490028,0.0,0.006147875267967112,0.015397351210670256,0.0
11141,1.0,0.05,0.00014382095515490028,0.0,0.005998230378196715,0.04079600600714087,0.0
11142,1.0,0.05,0.00014382095515490028,0.0,0.005998230378196715,0.0340858573886124,0.0
11143,1.0,0.05,0.00014382095515490028,0.0,0.005998230378196715,0.06778517722573764,0.0
11144,1.0,0.05,0.00012370284357714198,0.0,0.006265292674322509,0.06778517722573764,0.0
11145,1.0,0.05,0.00012370284357714198,0.0,0.008453331853761797,0.11122860428322032,0.0
11146,1.0,0.05,0.00012370284357714198,0.0,0.008453331853761797,0.06555418692402379,0.0
11147,1.0,0.05,0.00012370284357714198,0.0,0.008453331853761797,0.061090155997807614,0.0
11148,1.0,0.05,0.00012370284357714198,0.0,0.007887133372578134,0.061090155997807614,0.0
11149,1.0,0.05,0.00012370284357714198,0.0,0.005579049021195931,0.060054837061414526,0.0
11150,1.0,0.05,0.00012370284357714198,0.0,0.006335925639722149,0.060054837061414526,0.0
11151,1.0,0.05,0.00012370284357714198,0.0,0.006335925639722149,0.04241363292877463,0.0
11152,1.0,0.05,0.00012370284357714198,0.0,0.006335925639722149,0.04345859639018227,0.0
11153,1.0,0.05,0.00014337124252467438,0.0,0.006335925639722149,0.04345859639018227,0.0
11154,1.0,0.05,0.00014337124252467438,0.0,0.005231643497692086,0.04345859639018227,0.0
11155,1.0,0.05,0.00014337124252467438,0.0,0.005231643497692086,0.0970722079346229,0.0
11156,1.0,0.05,0.00012813587598447604,0.0,0.005231643497692086,0.09724926495433359,0.0
11157,1.0,0.05,0.00013580363829385697,0.0,0.006302907759221026,0.09724926495433359,0.0
11158,1.0,0.05,0.00013580363829385697,0.0,0.006302907759221026,0.042918321425488626,0.0
11159,1.0,0.05,0.00013580363829385697,0.0,0.006302907759221026,0.08709091728449136,0.0
11160,1.0,0.05,0.00013580363829385697,0.0,0.006302907759221026,0.08709091728449136,0.0
11161,1.0,0.05,0.00013580363829385697,0.0,0.006302907759221026,0.06493347748982231,0.0
11162,1.0,0.05,0.00013580363829385697,0.0,0.006302907759221026,0.06493347748982231,0.0
11163,1.0,0.05,0.00013580363829385697,0.0,0.006302907759221026,0.06828736884575924,0.0
11164,1.0,0.05,0.00013580363829385697,0.0,0.006302907759221026,0.06828736884575924,0.0
11165,1.0,0.05,0.00013580363829385697,0.0,0.006302907759221026,0.06828736884575924,0.0
11166,1.0,0.05,0.00013580363829385697,0.0,0.0059475157845154895,0.06828736884575924,0.0
11167,1.0,0.05,0.00013580363829385697,0.0,0.0059475157845154895,0.0771108831104583,0.0
11168,1.0,0.05,0.00013580363829385697,0.0,0.0059475157845154895,0.07529399908299031,0.0
11169,1.0,0.05,0.00013580363829385697,0.0,0.0059475157845154895,0.042070303320259524,0.0
11170,1.0,0.05,0.00013580363829385697,0.0,0.0059475157845154895,0.06338502787272418,0.0
11171,1.0,0.05,0.00013580363829385697,0.0,0.0059475157845154895,0.06338502787272418,0.0
11172,1.0,0.05,0.00013580363829385697,0.0,0.0059475157845154895,0.06338502787272418,0.0
11173,1.0,0.05,0.00013580363829385697,0.0,0.0059475157845154895,0.06338502787272418,0.0
11174,1.0,0.05,0.00013580363829385697,0.0,0.0059475157845154895,0.06338502787272418,0.0
11175,1.0,0.05,0.00013423902637905722,0.0,0.0059475157845154895,0.06508495761226862,0.0
11176,1.0,0.05,0.00013423902637905722,0.0,0.0059475157845154895,0.06508495761226862,0.0
11177,1.0,0.05,0.00013423902637905722,0.0,0.0059475157845154895,0.06508495761226862,0.0
11178,1.0,0.05,0.00013423902637905722,0.0,0.0059475157845154895,0.06508495761226862,0.0
11179,1.0,0.05,0.00013423902637905722,0.0,0.0059475157845154895,0.05721150066643846,0.0
11180,1.0,0.05,0.00013423902637905722,0.0,0.0059475157845154895,0.05721150066643846,0.0
11181,1.0,0.05,0.00013423902637905722,0.0,0.0059475157845154895,0.05721150066643846,0.0
11182,1.0,0.05,0.00013423902637905722,0.0,0.0059475157845154895,0.05721150066643846,0.0
11183,1.0,0.05,0.00013423902637905722,0.0,0.0059475157845154895,0.05721150066643846,0.0
11184,1.0,0.05,0.00013423902637905722,0.0,0.0059475157845154895,0.05721150066643846,0.0
11185,1.0,0.05,0.00013423902637905722,0.0,0.0059475157845154895,0.048265672815469146,0.0
11186,1.0,0.05,0.00013423902637905722,0.0,0.0059475157845154895,0.048265672815469146,0.0
11187,1.0,0.05,0.00013423902637905722,0.0,0.0059475157845154895,0.048265672815469146,0.0
11188,1.0,0.05,0.00013423902637905722,0.0,0.0059475157845154895,0.048265672815469146,0.0
11189,1.0,0.05,0.00013423902637905722,0.0,0.0059475157845154895,0.048265672815469146,0.0
11190,1.0,0.05,0.00013423902637905722,0.0,0.0059475157845154895,0.048265672815469146,0.0
11191,1.0,0.05,0.00013423902637905722,0.0,0.0059475157845154895,0.02957930961570948,0.0
11192,1.0,0.05,0.00013423902637905722,0.0,0.0059475157845154895,0.05168805378006627,0.0
11193,1.0,0.05,0.00013423902637905722,0.0,0.0059475157845154895,0.08213014725529336,0.0
11194,1.0,0.05,0.00013423902637905722,0.0,0.0059475157845154895,0.08213014725529336,0.0
11195,1.0,0.05,0.00013423902637905722,0.0,0.0059475157845154895,0.03857641489356523,0.0
11196,1.0,0.05,0.00013423902637905722,0.0,0.0059475157845154895,0.03110001317142065,0.0
11197,1.0,0.05,0.00013423902637905722,0.0,0.0059475157845154895,0.03110001317142065,0.0
11198,1.0,0.05,0.00013423902637905722,0.0,0.00676373176228924,0.12778276908400557,0.0
11199,1.0,0.05,0.00013423902637905722,0.0,0.00676373176228924,0.10526205165627353,0.0
11200,1.0,0.05,0.00013423902637905722,0.0,0.00676373176228924,0.1337325985279476,0.0
11201,1.0,0.05,0.00013423902637905722,0.0,0.00676373176228924,0.0332190567669102,0.0
11202,1.0,0.05,0.00013017953961558918,0.0,0.00676373176228924,0.0332190567669102,0.0
11203,1.0,0.05,0.00013017953961558918,0.0,0.005399846240893969,0.034287957242223666,0.0
11204,1.0,0.05,0.00013017953961558918,0.0,0.005399846240893969,0.042996454800097936,0.0
11205,1.0,0.05,0.00013017953961558918,0.0,0.005399846240893969,0.042996454800097936,0.0
11206,1.0,0.05,0.00013017953961558918,0.0,0.005399846240893969,0.10877374712486883,0.0
11207,1.0,0.05,0.00013017953961558918,0.0,0.00621243454120889,0.10877374712486883,0.0
11208,1.0,0.05,0.00013017953961558918,0.0,0.00621243454120889,0.1047669056218805,0.0
11209,1.0,0.05,0.00013017953961558918,0.0,0.00621243454120889,0.1047669056218805,0.0
11210,1.0,0.05,0.00013017953961558918,0.0,0.00621243454120889,0.1047669056218805,0.0
11211,1.0,0.05,0.00012824539873337035,0.0,0.006486014279919759,0.05523384928488886,0.0
11212,1.0,0.05,0.00012824539873337035,0.0,0.006441018306176483,0.05537418066891936,0.0
11213,1.0,0.05,0.00012824539873337035,0.0,0.006441018306176483,0.07684466018104,0.0
11214,1.0,0.05,0.00012824539873337035,0.0,0.006441018306176483,0.0396787134270351,0.0
11215,1.0,0.05,0.00012845703279953968,0.0,0.007626987402358029,0.05888505581155428,0.0
11216,1.0,0.05,0.00012845703279953968,0.0,0.007626987402358029,0.05888505581155428,0.0
11217,1.0,0.05,0.00012845703279953968,0.0,0.007626987402358029,0.10715864594912958,0.0
11218,1.0,0.05,0.00012845703279953968,0.0,0.007626987402358029,0.10715864594912958,0.0
11219,1.0,0.05,0.00012845703279953968,0.0,0.005602397482896425,0.10715864594912958,0.0
11220,1.0,0.05,0.00012845703279953968,0.0,0.005602397482896425,0.10715864594912958,0.0
11221,1.0,0.05,0.00012845703279953968,0.0,0.005602397482896425,0.07260076638525356,0.0
11222,1.0,0.05,0.00012845703279953968,0.0,0.005602397482896425,0.07260076638525356,0.0
11223,1.0,0.05,0.00012845703279953968,0.0,0.005460555984518262,0.07260076638525356,0.0
11224,1.0,0.05,0.00012845703279953968,0.0,0.005460555984518262,0.07260076638525356,0.0
11225,1.0,0.05,0.00012845703279953968,0.0,0.005460555984518262,0.07260076638525356,0.0
11226,1.0,0.05,0.00012845703279953968,0.0,0.005460555984518262,0.07260076638525356,0.0
11227,1.0,0.05,0.00012845703279953968,0.0,0.0058488406033101095,0.07074203888088003,0.0
11228,1.0,0.05,0.00012845703279953968,0.0,0.0058488406033101095,0.07074203888088003,0.0
11229,1.0,0.05,0.00012845703279953968,0.0,0.0058488406033101095,0.052467009263997014,0.0
11230,1.0,0.05,0.000137800118723555,0.0,0.0058488406033101095,0.07344798504616179,0.0
11231,1.0,0.05,0.000137800118723555,0.0,0.0058488406033101095,0.07344798504616179,0.0
11232,1.0,0.05,0.000137800118723555,0.0,0.0058488406033101095,0.07344798504616179,0.0
11233,1.0,0.05,0.000137800118723555,0.0,0.006205354624631406,0.07344798504616179,0.0
11234,1.0,0.05,0.000137800118723555,0.0,0.006205354624631406,0.07344798504616179,0.0
11235,1.0,0.05,0.000137800118723555,0.0,0.006205354624631406,0.06276559527275352,0.0
11236,1.0,0.05,0.000137800118723555,0.0,0.006205354624631406,0.06276559527275352,0.0
11237,1.0,0.05,0.000137800118723555,0.0,0.006205354624631406,0.06276559527275352,0.0
11238,1.0,0.05,0.000137800118723555,0.0,0.006205354624631406,0.06276559527275352,0.0
11239,1.0,0.05,0.000137800118723555,0.0,0.006205354624631406,0.06276559527275352,0.0
11240,1.0,0.05,0.000137800118723555,0.0,0.006205354624631406,0.04528087450143444,0.0
11241,1.0,0.05,0.000137800118723555,0.0,0.006205354624631406,0.040219043274062956,0.0
11242,1.0,0.05,0.000137800118723555,0.0,0.006205354624631406,0.040219043274062956,0.0
11243,1.0,0.05,0.000137800118723555,0.0,0.006205354624631406,0.06310394667733794,0.0
11244,1.0,0.05,0.000137800118723555,0.0,0.006205354624631406,0.03125070738162625,0.0
11245,1.0,0.05,0.00013846063987562617,0.0,0.006205354624631406,0.03125070738162625,0.0
11246,1.0,0.05,0.00013846063987562617,0.0,0.006205354624631406,0.07684975615518605,0.0
11247,1.0,0.05,0.00013846063987562617,0.0,0.006205354624631406,0.020835273581225337,0.0
11248,1.0,0.05,0.00013846063987562617,0.0,0.006205354624631406,0.08477807884365587,0.0
11249,1.0,0.05,0.00013846063987562617,0.0,0.006205354624631406,0.08477807884365587,0.0
11250,1.0,0.05,0.00012385391542640232,0.0,0.006205354624631406,0.08477807884365587,0.0
11251,1.0,0.05,0.00012385391542640232,0.0,0.006205354624631406,0.08477807884365587,0.0
11252,1.0,0.05,0.00012385391542640232,0.0,0.007372216295508249,0.07708114129795533,0.0
11253,1.0,0.05,0.00012617894449837928,0.0,0.007372216295508249,0.07708114129795533,0.0
11254,1.0,0.05,0.00012617894449837928,0.0,0.007372216295508249,0.04012816828580691,0.0
11255,1.0,0.05,0.00012617894449837928,0.0,0.0061892807361075405,0.04012816828580691,0.0
11256,1.0,0.05,0.00012617894449837928,0.0,0.006900976752911602,0.04012816828580691,0.0
11257,1.0,0.05,0.00012617894449837928,0.0,0.007194616783663198,0.04309222935530196,0.0
11258,1.0,0.05,0.00012617894449837928,0.0,0.007194616783663198,0.04309222935530196,0.0
11259,1.0,0.05,0.00012617894449837928,0.0,0.007194616783663198,0.04309222935530196,0.0
11260,1.0,0.05,0.00012617894449837928,0.0,0.007194616783663198,0.04309222935530196,0.0
11261,1.0,0.05,0.00012617894449837928,0.0,0.007194616783663198,0.08207287600794291,0.0
11262,1.0,0.05,0.00012617894449837928,0.0,0.007194616783663198,0.08207287600794291,0.0
11263,1.0,0.05,0.00012617894449837928,0.0,0.007194616783663198,0.09270489908147618,0.0
11264,1.0,0.05,0.00012617894449837928,0.0,0.007194616783663198,0.09270489908147618,0.0
11265,1.0,0.05,0.00012617894449837928,0.0,0.007722620110465024,0.09270489908147618,0.0
11266,1.0,0.05,0.00012617894449837928,0.0,0.007722620110465024,0.10394206801337909,0.0
11267,1.0,0.05,0.00012617894449837928,0.0,0.006775117189259866,0.08863729255071517,0.0
11268,1.0,0.05,0.00012617894449837928,0.0,0.006775117189259866,0.08863729255071517,0.0
11269,1.0,0.05,0.00012617894449837928,0.0,0.006775117189259866,0.02171391694543095,0.0
11270,1.0,0.05,0.00012617894449837928,0.0,0.006775117189259866,0.026594979675572672,0.0
11271,1.0,0.05,0.0001222594710338104,0.0,0.006775117189259866,0.018730673598049797,0.0
11272,1.0,0.05,0.0001222594710338104,0.0,0.006775117189259866,0.02968267385688974,0.0
11273,1.0,0.05,0.0001222594710338104,0.0,0.006775117189259866,0.02968267385688974,0.0
11274,1.0,0.05,0.00014657045893839076,0.0,0.006775117189259866,0.02968267385688974,0.0
11275,1.0,0.05,0.00014657045893839076,0.0,0.006775117189259866,0.02968267385688974,0.0
11276,1.0,0.05,0.00014657045893839076,0.0,0.006775117189259866,0.03345752168369863,0.0
11277,1.0,0.05,0.00014657045893839076,0.0,0.006775117189259866,0.036798743168273966,0.0
11278,1.0,0.05,0.00011722307995380436,0.0,0.006775117189259866,0.036798743168273966,0.0
11279,1.0,0.05,0.00011722307995380436,0.0,0.006775117189259866,0.01811133449237945,0.0
11280,1.0,0.05,0.00011722307995380436,0.0,0.00962836529162862,0.01811133449237945,0.0
11281,1.0,0.05,0.00011722307995380436,0.0,0.00962836529162862,0.023569658471393966,0.0
11282,1.0,0.05,0.00011722307995380436,0.0,0.006897628050008801,0.06418942190498238,0.0
11283,1.0,0.05,0.00011722307995380436,0.0,0.006897628050008801,0.052463859285496454,0.0
11284,1.0,0.05,0.00011722307995380436,0.0,0.006897628050008801,0.10537891051133225,0.0
11285,1.0,0.05,0.00011722307995380436,0.0,0.006897628050008801,0.10537891051133225,0.0
11286,1.0,0.05,0.00011722307995380436,0.0,0.008488744550159648,0.042482210170602254,0.0
11287,1.0,0.05,0.00011722307995380436,0.0,0.008488744550159648,0.042482210170602254,0.0
11288,1.0,0.05,0.00011722307995380436,0.0,0.008488744550159648,0.06590534701193426,0.0
11289,1.0,0.05,0.00011722307995380436,0.0,0.008488744550159648,0.1535757087106972,0.0
11290,1.0,0.05,0.00011722307995380436,0.0,0.008488744550159648,0.1535757087106972,0.0
11291,1.0,0.05,0.00011722307995380436,0.0,0.008488744550159648,0.1535757087106972,0.0
11292,1.0,0.05,0.00011722307995380436,0.0,0.008488744550159648,0.1535757087106972,0.0
11293,1.0,0.05,0.00011722307995380436,0.0,0.006573801090744029,0.1535757087106972,0.0
11294,1.0,0.05,0.00011722307995380436,0.0,0.009314215899191383,0.1535757087106972,0.0
11295,1.0,0.05,0.00011722307995380436,0.0,0.009314215899191383,0.0718388332100359,0.0
11296,1.0,0.05,0.00011722307995380436,0.0,0.009314215899191383,0.0718388332100359,0.0
11297,1.0,0.05,0.00011722307995380436,0.0,0.009314215899191383,0.07521072301276871,0.0
11298,1.0,0.05,0.00011722307995380436,0.0,0.00906101819741925,0.15046740216491755,0.0
11299,1.0,0.05,0.00011722307995380436,0.0,0.00906101819741925,0.15046740216491755,0.0
11300,1.0,0.05,0.00011781012214544237,0.0,0.007216489431134254,0.15046740216491755,0.0
11301,1.0,0.05,0.00011781012214544237,0.0,0.006696791158415962,0.10499587594756721,0.0
11302,1.0,0.05,0.00011781012214544237,0.0,0.0071535437334786685,0.10499587594756721,0.0
11303,1.0,0.05,0.00011781012214544237,0.0,0.0071535437334786685,0.10499587594756721,0.0
11304,1.0,0.05,0.00011781012214544237,0.0,0.0071535437334786685,0.10499587594756721,0.0
11305,1.0,0.05,0.00011781012214544237,0.0,0.0071535437334786685,0.10499587594756721,0.0
11306,1.0,0.05,0.00011781012214544237,0.0,0.0071535437334786685,0.10499587594756721,0.0
11307,1.0,0.05,0.00011781012214544237,0.0,0.009538417981377568,0.10499587594756721,0.0
11308,1.0,0.05,0.00011781012214544237,0.0,0.0067687847174401706,0.09440191195476322,0.0
11309,1.0,0.05,0.00012858058668383933,0.0,0.007067396262981155,0.09440191195476322,0.0
11310,1.0,0.05,0.00012858058668383933,0.0,0.007067396262981155,0.08101291527034975,0.0
11311,1.0,0.05,0.00012858058668383933,0.0,0.007067396262981155,0.04115586425253937,0.0
11312,1.0,0.05,0.00012858058668383933,0.0,0.006522805206199697,0.051831791993345575,0.0
11313,1.0,0.05,0.00012858058668383933,0.0,0.006320236706355146,0.15412012218212856,0.0
11314,1.0,0.05,0.00012845753063586983,0.0,0.006320236706355146,0.08252769318205176,0.0
11315,1.0,0.05,0.00013248221116378384,0.0,0.006017867265682954,0.08252769318205176,0.0
11316,1.0,0.05,0.00014037584343825306,0.0,0.006017867265682954,0.03826473328049795,0.0
11317,1.0,0.05,0.00014037584343825306,0.0,0.006017867265682954,0.03826473328049795,0.0
11318,1.0,0.05,0.00014037584343825306,0.0,0.006017867265682954,0.030872755262084176,0.0
11319,1.0,0.05,0.00014037584343825306,0.0,0.006017867265682954,0.030872755262084176,0.0
11320,1.0,0.05,0.00014037584343825306,0.0,0.006017867265682954,0.03379995399700272,0.0
11321,1.0,0.05,0.00014037584343825306,0.0,0.00611868353893345,0.03379995399700272,0.0
11322,1.0,0.05,0.00014037584343825306,0.0,0.005832881490924318,0.03379995399700272,0.0
11323,1.0,0.05,0.00014037584343825306,0.0,0.005832881490924318,0.06828443489161658,0.0
11324,1.0,0.05,0.00014037584343825306,0.0,0.005832881490924318,0.028606962528929553,0.0
11325,1.0,0.05,0.00014037584343825306,0.0,0.005832881490924318,0.027741295236522138,0.0
11326,1.0,0.05,0.00014037584343825306,0.0,0.005832881490924318,0.0522374845138501,0.0
11327,1.0,0.05,0.00014037584343825306,0.0,0.006063508060642096,0.0653794839386452,0.0
11328,1.0,0.05,0.00014037584343825306,0.0,0.006063508060642096,0.0653794839386452,0.0
11329,1.0,0.05,0.00014037584343825306,0.0,0.006063508060642096,0.0653794839386452,0.0
11330,1.0,0.05,0.00014037584343825306,0.0,0.006247066433021973,0.0653794839386452,0.0
11331,1.0,0.05,0.00014037584343825306,0.0,0.006175228293650372,0.06044996162420324,0.0
11332,1.0,0.05,0.00014037584343825306,0.0,0.006175228293650372,0.06044996162420324,0.0
11333,1.0,0.05,0.00014037584343825306,0.0,0.006175228293650372,0.086776911427479,0.0
11334,1.0,0.05,0.00014037584343825306,0.0,0.006175228293650372,0.050023203635479865,0.0
11335,1.0,0.05,0.00014037584343825306,0.0,0.006175228293650372,0.044076306903577674,0.0
11336,1.0,0.05,0.00014037584343825306,0.0,0.006175228293650372,0.044076306903577674,0.0
11337,1.0,0.05,0.00014037584343825306,0.0,0.006175228293650372,0.044076306903577674,0.0
11338,1.0,0.05,0.00014037584343825306,0.0,0.006175228293650372,0.03249682801629722,0.0
11339,1.0,0.05,0.00014037584343825306,0.0,0.006175228293650372,0.03249682801629722,0.0
11340,1.0,0.05,0.00014037584343825306,0.0,0.005785037841043675,0.06519042780025663,0.0
11341,1.0,0.05,0.00014037584343825306,0.0,0.005785037841043675,0.06519042780025663,0.0
11342,1.0,0.05,0.00014037584343825306,0.0,0.006022436161300167,0.06519042780025663,0.0
11343,1.0,0.05,0.00014037584343825306,0.0,0.006022436161300167,0.06519042780025663,0.0
11344,1.0,0.05,0.00014037584343825306,0.0,0.006022436161300167,0.06519042780025663,0.0
11345,1.0,0.05,0.00013002734976829552,0.0,0.006022436161300167,0.07109417768776571,0.0
11346,1.0,0.05,0.00013002734976829552,0.0,0.006022436161300167,0.03978585131432709,0.0
11347,1.0,0.05,0.00013002734976829552,0.0,0.0060225782271034695,0.1194387547921953,0.0
11348,1.0,0.05,0.00013002734976829552,0.0,0.0060225782271034695,0.0738215195677762,0.0
11349,1.0,0.05,0.00013002734976829552,0.0,0.005804944979029294,0.0738215195677762,0.0
11350,1.0,0.05,0.00013002734976829552,0.0,0.005804944979029294,0.0738215195677762,0.0
11351,1.0,0.05,0.00013002734976829552,0.0,0.005804944979029294,0.0738215195677762,0.0
11352,1.0,0.05,0.00013002734976829552,0.0,0.0071421916201873095,0.06890311017561629,0.0
11353,1.0,0.05,0.00013002734976829552,0.0,0.0071421916201873095,0.06890311017561629,0.0
11354,1.0,0.05,0.00013002734976829552,0.0,0.008011038358629841,0.06890311017561629,0.0
11355,1.0,0.05,0.00011889886397922077,0.0,0.008011038358629841,0.06890311017561629,0.0
11356,1.0,0.05,0.00011889886397922077,0.0,0.008011038358629841,0.09350542552340738,0.0
11357,1.0,0.05,0.00011889886397922077,0.0,0.007654860617285361,0.09350542552340738,0.0
11358,1.0,0.05,0.00011889886397922077,0.0,0.007654860617285361,0.09350542552340738,0.0
11359,1.0,0.05,0.00011889886397922077,0.0,0.007654860617285361,0.09694607433772087,0.0
11360,1.0,0.05,0.00013015490469381138,0.0,0.007654860617285361,0.09694607433772087,0.0
11361,1.0,0.05,0.00013015490469381138,0.0,0.007654860617285361,0.09694607433772087,0.0
11362,1.0,0.05,0.00012694833216878742,0.0,0.007009889475504286,0.09694607433772087,0.0
11363,1.0,0.05,0.00012694833216878742,0.0,0.007009889475504286,0.09694607433772087,0.0
11364,1.0,0.05,0.00012694833216878742,0.0,0.007009889475504286,0.055519050230474286,0.0
11365,1.0,0.05,0.00012628233174955694,0.0,0.007009889475504286,0.055519050230474286,0.0
11366,1.0,0.05,0.00012628233174955694,0.0,0.007009889475504286,0.10734847083619305,0.0
11367,1.0,0.05,0.00012628233174955694,0.0,0.007009889475504286,0.06763075623981396,0.0
11368,1.0,0.05,0.00012628233174955694,0.0,0.006858871635959622,0.06763075623981396,0.0
11369,1.0,0.05,0.00012628233174955694,0.0,0.007863103870639451,0.06763075623981396,0.0
11370,1.0,0.05,0.00012628233174955694,0.0,0.007863103870639451,0.08286045814485209,0.0
11371,1.0,0.05,0.00012628233174955694,0.0,0.007863103870639451,0.08286045814485209,0.0
11372,1.0,0.05,0.00013111264798302305,0.0,0.007863103870639451,0.1173422320422126,0.0
11373,1.0,0.05,0.00013111264798302305,0.0,0.007863103870639451,0.1173422320422126,0.0
11374,1.0,0.05,0.00013111264798302305,0.0,0.007863103870639451,0.1173422320422126,0.0
11375,1.0,0.05,0.00013111264798302305,0.0,0.007863103870639451,0.10150238544860372,0.0
11376,1.0,0.05,0.00013111264798302305,0.0,0.007863103870639451,0.11724035596564425,0.0
11377,1.0,0.05,0.00013111264798302305,0.0,0.00806437745443879,0.0959818550691554,0.0
11378,1.0,0.05,0.00013111264798302305,0.0,0.006194389547995545,0.0959818550691554,0.0
11379,1.0,0.05,0.00013111264798302305,0.0,0.006194389547995545,0.0959818550691554,0.0
11380,1.0,0.05,0.00013111264798302305,0.0,0.006194389547995545,0.05317422449484435,0.0
11381,1.0,0.05,0.00013111264798302305,0.0,0.006194389547995545,0.05317422449484435,0.0
11382,1.0,0.05,0.00013111264798302305,0.0,0.006194389547995545,0.057653649956586756,0.0
11383,1.0,0.05,0.00013111264798302305,0.0,0.006158120024693191,0.057653649956586756,0.0
11384,1.0,0.05,0.00013111264798302305,0.0,0.007204005479744177,0.08657735574839157,0.0
11385,1.0,0.05,0.00013111264798302305,0.0,0.007204005479744177,0.08657735574839157,0.0
11386,1.0,0.05,0.00012621516149379143,0.0,0.007204005479744177,0.08657735574839157,0.0
11387,1.0,0.05,0.00012621516149379143,0.0,0.007603829727532253,0.08657735574839157,0.0
11388,1.0,0.05,0.00012621516149379143,0.0,0.007603829727532253,0.08657735574839157,0.0
11389,1.0,0.05,0.00012621516149379143,0.0,0.007603829727532253,0.07255005442095276,0.0
11390,1.0,0.05,0.00012621516149379143,0.0,0.007891753975575204,0.07255005442095276,0.0
11391,1.0,0.05,0.00012621516149379143,0.0,0.006748149505181633,0.07255005442095276,0.0
11392,1.0,0.05,0.00012621516149379143,0.0,0.007507791397896022,0.07255005442095276,0.0
11393,1.0,0.05,0.000125320411753761,0.0,0.007507791397896022,0.08366415824850515,0.0
11394,1.0,0.05,0.000125320411753761,0.0,0.007507791397896022,0.12045622766472949,0.0
11395,1.0,0.05,0.000125320411753761,0.0,0.007507791397896022,0.08158131120010215,0.0
11396,1.0,0.05,0.000125320411753761,0.0,0.007507791397896022,0.08158131120010215,0.0
11397,1.0,0.05,0.000125320411753761,0.0,0.007507791397896022,0.08158131120010215,0.0
11398,1.0,0.05,0.000125320411753761,0.0,0.006410541674800756,0.11792955014994755,0.0
11399,1.0,0.05,0.000125320411753761,0.0,0.0071303679588596135,0.11792955014994755,0.0
11400,1.0,0.05,0.000125320411753761,0.0,0.007094491607987746,0.11792955014994755,0.0
11401,1.0,0.05,0.000125320411753761,0.0,0.007871252336029588,0.11792955014994755,0.0
11402,1.0,0.05,0.000125320411753761,0.0,0.007270419025475726,0.0412444037455624,0.0
11403,1.0,0.05,0.000125320411753761,0.0,0.005562482506765592,0.0412444037455624,0.0
11404,1.0,0.05,0.000125320411753761,0.0,0.005562482506765592,0.07491923775608395,0.0
11405,1.0,0.05,0.000125320411753761,0.0,0.0064178781827356765,0.07491923775608395,0.0
11406,1.0,0.05,0.000125320411753761,0.0,0.005983588717230504,0.07491923775608395,0.0
11407,1.0,0.05,0.000125320411753761,0.0,0.005983588717230504,0.07491923775608395,0.0
11408,1.0,0.05,0.000125320411753761,0.0,0.005983588717230504,0.09766613634841004,0.0
11409,1.0,0.05,0.000125320411753761,0.0,0.005983588717230504,0.10504330562337301,0.0
11410,1.0,0.05,0.00013237031061401203,0.0,0.005983588717230504,0.10504330562337301,0.0
11411,1.0,0.05,0.00013237031061401203,0.0,0.005983588717230504,0.037153545424069484,0.0
11412,1.0,0.05,0.00013237031061401203,0.0,0.005983588717230504,0.060279046843015056,0.0
11413,1.0,0.05,0.00013237031061401203,0.0,0.005983588717230504,0.07003341674622103,0.0
11414,1.0,0.05,0.00013237031061401203,0.0,0.005983588717230504,0.07003341674622103,0.0
11415,1.0,0.05,0.00013237031061401203,0.0,0.005983588717230504,0.06011488859737413,0.0
11416,1.0,0.05,0.00013237031061401203,0.0,0.005983588717230504,0.06011488859737413,0.0
11417,1.0,0.05,0.00013688891796878925,0.0,0.005983588717230504,0.06011488859737413,0.0
11418,1.0,0.05,0.00013688891796878925,0.0,0.005983588717230504,0.03883157717688181,0.0
11419,1.0,0.05,0.00013688891796878925,0.0,0.005983588717230504,0.03883157717688181,0.0
11420,1.0,0.05,0.00013696866805387883,0.0,0.005983588717230504,0.03883157717688181,0.0
11421,1.0,0.05,0.00013696866805387883,0.0,0.005983588717230504,0.03883157717688181,0.0
11422,1.0,0.05,0.0001376693725969749,0.0,0.0057409842767422135,0.03883157717688181,0.0
11423,1.0,0.05,0.0001376693725969749,0.0,0.0057409842767422135,0.03883157717688181,0.0
11424,1.0,0.05,0.0001376693725969749,0.0,0.0057409842767422135,0.03883157717688181,0.0
11425,1.0,0.05,0.0001376693725969749,0.0,0.0057409842767422135,0.03883157717688181,0.0
11426,1.0,0.05,0.0001376693725969749,0.0,0.006047956333850114,0.03529694474788633,0.0
11427,1.0,0.05,0.0001376693725969749,0.0,0.006047956333850114,0.03469054238102386,0.0
11428,1.0,0.05,0.0001376693725969749,0.0,0.006047956333850114,0.05360293725863059,0.0
11429,1.0,0.05,0.00013611485606176364,0.0,0.006047956333850114,0.05360293725863059,0.0
11430,1.0,0.05,0.00013611485606176364,0.0,0.006047956333850114,0.046910864970456795,0.0
11431,1.0,0.05,0.00013611485606176364,0.0,0.005631123440264004,0.046910864970456795,0.0
11432,1.0,0.05,0.00013611485606176364,0.0,0.005631123440264004,0.046910864970456795,0.0
11433,1.0,0.05,0.00013611485606176364,0.0,0.005631123440264004,0.046910864970456795,0.0
11434,1.0,0.05,0.00014183236926022,0.0,0.005582296308159438,0.046910864970456795,0.0
11435,1.0,0.05,0.00014306665448375275,0.0,0.005582296308159438,0.05865363744478129,0.0
11436,1.0,0.05,0.00014306665448375275,0.0,0.005582296308159438,0.05865363744478129,0.0
11437,1.0,0.05,0.00014306665448375275,0.0,0.005582296308159438,0.05865363744478129,0.0
11438,1.0,0.05,0.00014306665448375275,0.0,0.005582296308159438,0.05865363744478129,0.0
11439,1.0,0.05,0.00014306665448375275,0.0,0.005582296308159438,0.05865363744478129,0.0
11440,1.0,0.05,0.00014306665448375275,0.0,0.005582296308159438,0.06849555804521036,0.0
11441,1.0,0.05,0.00014306665448375275,0.0,0.005582296308159438,0.06849555804521036,0.0
11442,1.0,0.05,0.00014306665448375275,0.0,0.005582296308159438,0.06849555804521036,0.0
11443,1.0,0.05,0.00014306665448375275,0.0,0.005582296308159438,0.06849555804521036,0.0
11444,1.0,0.05,0.00014306665448375275,0.0,0.005582296308159438,0.06849555804521036,0.0
11445,1.0,0.05,0.00014306665448375275,0.0,0.005582296308159438,0.06849555804521036,0.0
11446,1.0,0.05,0.00014306665448375275,0.0,0.006069172478876008,0.06849555804521036,0.0
11447,1.0,0.05,0.00014306665448375275,0.0,0.006069172478876008,0.030724031630492525,0.0
11448,1.0,0.05,0.00014306665448375275,0.0,0.006069172478876008,0.030146589839629083,0.0
11449,1.0,0.05,0.00014306665448375275,0.0,0.006069172478876008,0.030146589839629083,0.0
11450,1.0,0.05,0.000129728769709094,0.0,0.006069172478876008,0.030146589839629083,0.0
11451,1.0,0.05,0.000129728769709094,0.0,0.006069172478876008,0.027378629879679168,0.0
11452,1.0,0.05,0.000129728769709094,0.0,0.006069172478876008,0.022164770672833865,0.0
11453,1.0,0.05,0.000129728769709094,0.0,0.006069172478876008,0.05273180287372419,0.0
11454,1.0,0.05,0.000129728769709094,0.0,0.006069172478876008,0.03835866334903858,0.0
11455,1.0,0.05,0.0001399757387700859,0.0,0.006069172478876008,0.03835866334903858,0.0
11456,1.0,0.05,0.0001399757387700859,0.0,0.006069172478876008,0.03835866334903858,0.0
11457,1.0,0.05,0.0001399757387700859,0.0,0.006069172478876008,0.03835866334903858,0.0
11458,1.0,0.05,0.00013020882792448655,0.0,0.006069172478876008,0.03835866334903858,0.0
11459,1.0,0.05,0.00013020882792448655,0.0,0.006069172478876008,0.0742766282257734,0.0
11460,1.0,0.05,0.00013020882792448655,0.0,0.006069172478876008,0.0742766282257734,0.0
11461,1.0,0.05,0.00013020882792448655,0.0,0.006665407452064503,0.044256680622231426,0.0
11462,1.0,0.05,0.00013020882792448655,0.0,0.006665407452064503,0.1044886981276849,0.0
11463,1.0,0.05,0.00013020882792448655,0.0,0.006665407452064503,0.1044886981276849,0.0
11464,1.0,0.05,0.00013020882792448655,0.0,0.00879698055208059,0.1044886981276849,0.0
11465,1.0,0.05,0.00010878947524300435,0.0,0.00879698055208059,0.07376203187511864,0.0
11466,1.0,0.05,0.00010878947524300435,0.0,0.00879698055208059,0.22798953599529653,0.0
11467,1.0,0.05,0.0001381618521628523,0.0,0.008300523148255138,0.1251122126525841,0.0
11468,1.0,0.05,0.0001381618521628523,0.0,0.008300523148255138,0.1251122126525841,0.0
11469,1.0,0.05,0.0001381618521628523,0.0,0.0075410067120615645,0.1267702602689867,0.0
11470,1.0,0.05,0.0001381618521628523,0.0,0.00655530688205153,0.1267702602689867,0.0
11471,1.0,0.05,0.0001381618521628523,0.0,0.00655530688205153,0.07576249295491402,0.0
11472,1.0,0.05,0.0001381618521628523,0.0,0.00655530688205153,0.09119679206828511,0.0
11473,1.0,0.05,0.0001381618521628523,0.0,0.00655530688205153,0.053858945645905286,0.0
11474,1.0,0.05,0.0001381618521628523,0.0,0.00655530688205153,0.053858945645905286,0.0
11475,1.0,0.05,0.0001381618521628523,0.0,0.008812940948332616,0.015819036892053693,0.0
11476,1.0,0.05,0.0001381618521628523,0.0,0.008812940948332616,0.03328130126656705,0.0
11477,1.0,0.05,0.0001381618521628523,0.0,0.005359385037085994,0.03485085749371176,0.0
11478,1.0,0.05,0.0001381618521628523,0.0,0.005359385037085994,0.045172088497851114,0.0
11479,1.0,0.05,0.0001381618521628523,0.0,0.005359385037085994,0.045172088497851114,0.0
11480,1.0,0.05,0.0001381618521628523,0.0,0.005359385037085994,0.045172088497851114,0.0
11481,1.0,0.05,0.0001381618521628523,0.0,0.005359385037085994,0.045172088497851114,0.0
11482,1.0,0.05,0.0001381618521628523,0.0,0.005359385037085994,0.06268614069983026,0.0
11483,1.0,0.05,0.0001381618521628523,0.0,0.005359385037085994,0.06268614069983026,0.0
11484,1.0,0.05,0.0001381618521628523,0.0,0.005646870613130273,0.06268614069983026,0.0
11485,1.0,0.05,0.0001381618521628523,0.0,0.006099491225617154,0.06268614069983026,0.0
11486,1.0,0.05,0.0001381618521628523,0.0,0.006099491225617154,0.06268614069983026,0.0
11487,1.0,0.05,0.0001381618521628523,0.0,0.006019746357487492,0.06268614069983026,0.0
11488,1.0,0.05,0.0001381618521628523,0.0,0.006019746357487492,0.06268614069983026,0.0
11489,1.0,0.05,0.0001381618521628523,0.0,0.006019746357487492,0.03827453641730432,0.0
11490,1.0,0.05,0.0001381618521628523,0.0,0.006019746357487492,0.035128186558128494,0.0
11491,1.0,0.05,0.0001381618521628523,0.0,0.006019746357487492,0.032987008360771265,0.0
11492,1.0,0.05,0.0001381618521628523,0.0,0.006019746357487492,0.060430971608845294,0.0
11493,1.0,0.05,0.0001381618521628523,0.0,0.006019746357487492,0.060430971608845294,0.0
11494,1.0,0.05,0.00013997716523295336,0.0,0.006019746357487492,0.08805249570404639,0.0
11495,1.0,0.05,0.00013997716523295336,0.0,0.006019746357487492,0.08805249570404639,0.0
11496,1.0,0.05,0.00013997716523295336,0.0,0.006019746357487492,0.08805249570404639,0.0
11497,1.0,0.05,0.00013997716523295336,0.0,0.006019746357487492,0.08805249570404639,0.0
11498,1.0,0.05,0.00013997716523295336,0.0,0.006019746357487492,0.08805249570404639,0.0
11499,1.0,0.05,0.00013997716523295336,0.0,0.006019746357487492,0.08805249570404639,0.0
11500,1.0,0.05,0.00013997716523295336,0.0,0.006019746357487492,0.06108106857451788,0.0
11501,1.0,0.05,0.00013997716523295336,0.0,0.006019746357487492,0.07242052557299626,0.0
11502,1.0,0.05,0.0001386062218881954,0.0,0.006019746357487492,0.02954775581843315,0.0
11503,1.0,0.05,0.0001386062218881954,0.0,0.006019746357487492,0.026457235833208994,0.0
11504,1.0,0.05,0.0001386062218881954,0.0,0.006019746357487492,0.017556430486737593,0.0
11505,1.0,0.05,0.0001386062218881954,0.0,0.006019746357487492,0.017556430486737593,0.0
11506,1.0,0.05,0.0001386062218881954,0.0,0.006019746357487492,0.01265446757490533,0.0
11507,1.0,0.05,0.0001386062218881954,0.0,0.006019746357487492,0.01573740359550209,0.0
11508,1.0,0.05,0.0001386062218881954,0.0,0.006019746357487492,0.05389684304620443,0.0
11509,1.0,0.05,0.0001386062218881954,0.0,0.006019746357487492,0.05299346840152919,0.0
11510,1.0,0.05,0.0001386062218881954,0.0,0.006019746357487492,0.05299346840152919,0.0
11511,1.0,0.05,0.0001386062218881954,0.0,0.006019746357487492,0.05299346840152919,0.0
11512,1.0,0.05,0.0001386062218881954,0.0,0.006019746357487492,0.0751580766399156,0.0
11513,1.0,0.05,0.0001386062218881954,0.0,0.006019746357487492,0.0751580766399156,0.0
11514,1.0,0.05,0.0001386062218881954,0.0,0.006019746357487492,0.0751580766399156,0.0
11515,1.0,0.05,0.0001386062218881954,0.0,0.006019746357487492,0.0751580766399156,0.0
11516,1.0,0.05,0.0001386062218881954,0.0,0.006019746357487492,0.0751580766399156,0.0
11517,1.0,0.05,0.0001386062218881954,0.0,0.005514515535958986,0.04131264059645705,0.0
11518,1.0,0.05,0.0001386062218881954,0.0,0.005514515535958986,0.04131264059645705,0.0
11519,1.0,0.05,0.0001386062218881954,0.0,0.006121714157859928,0.04131264059645705,0.0
11520,1.0,0.05,0.0001386062218881954,0.0,0.006121714157859928,0.04131264059645705,0.0
11521,1.0,0.05,0.0001386062218881954,0.0,0.006121714157859928,0.0538179999272027,0.0
11522,1.0,0.05,0.0001386062218881954,0.0,0.006121714157859928,0.0538179999272027,0.0
11523,1.0,0.05,0.00012422063905321312,0.0,0.006121714157859928,0.0538179999272027,0.0
11524,1.0,0.05,0.00012422063905321312,0.0,0.0068572007646296946,0.0538179999272027,0.0
11525,1.0,0.05,0.00012422063905321312,0.0,0.0068572007646296946,0.0538179999272027,0.0
11526,1.0,0.05,0.00012422063905321312,0.0,0.0068572007646296946,0.0538179999272027,0.0
11527,1.0,0.05,0.00012422063905321312,0.0,0.0068572007646296946,0.036327371834688336,0.0
11528,1.0,0.05,0.00012422063905321312,0.0,0.007288899912743774,0.036327371834688336,0.0
11529,1.0,0.05,0.00012422063905321312,0.0,0.007288899912743774,0.03320363789706657,0.0
11530,1.0,0.05,0.00012422063905321312,0.0,0.007288899912743774,0.03320363789706657,0.0
11531,1.0,0.05,0.00012422063905321312,0.0,0.007288899912743774,0.09851159727850456,0.0
11532,1.0,0.05,0.00012422063905321312,0.0,0.007288899912743774,0.09851159727850456,0.0
11533,1.0,0.05,0.00012422063905321312,0.0,0.007288899912743774,0.07018090979360908,0.0
11534,1.0,0.05,0.00012422063905321312,0.0,0.006070490393211597,0.06277638188644202,0.0
11535,1.0,0.05,0.00012422063905321312,0.0,0.006070490393211597,0.0409058177941838,0.0
11536,1.0,0.05,0.00012422063905321312,0.0,0.007992456022979655,0.13447541467478755,0.0
11537,1.0,0.05,0.00012422063905321312,0.0,0.007992456022979655,0.13447541467478755,0.0
11538,1.0,0.05,0.00012422063905321312,0.0,0.007992456022979655,0.13447541467478755,0.0
11539,1.0,0.05,0.00012422063905321312,0.0,0.007992456022979655,0.13447541467478755,0.0
11540,1.0,0.05,0.00012422063905321312,0.0,0.007992456022979655,0.10463743873285718,0.0
11541,1.0,0.05,0.00012422063905321312,0.0,0.007992456022979655,0.069159928260374,0.0
11542,1.0,0.05,0.00012422063905321312,0.0,0.00666932995380145,0.069159928260374,0.0
11543,1.0,0.05,0.00012422063905321312,0.0,0.00666932995380145,0.069159928260374,0.0
11544,1.0,0.05,0.00012422063905321312,0.0,0.007920522776745948,0.1176460025943779,0.0
11545,1.0,0.05,0.00012422063905321312,0.0,0.007920522776745948,0.1176460025943779,0.0
11546,1.0,0.05,0.00012412190027510272,0.0,0.007179772927323153,0.12453160076832621,0.0
11547,1.0,0.05,0.00012412190027510272,0.0,0.007179772927323153,0.12453160076832621,0.0
11548,1.0,0.05,0.00012412190027510272,0.0,0.007179772927323153,0.06393317376472676,0.0
11549,1.0,0.05,0.00012412190027510272,0.0,0.007179772927323153,0.06393317376472676,0.0
11550,1.0,0.05,0.00012412190027510272,0.0,0.007179772927323153,0.06393317376472676,0.0
11551,1.0,0.05,0.00012412190027510272,0.0,0.007179772927323153,0.06393317376472676,0.0
11552,1.0,0.05,0.00012412190027510272,0.0,0.007179772927323153,0.10030268671783568,0.0
11553,1.0,0.05,0.00012412190027510272,0.0,0.006329196221300378,0.10030268671783568,0.0
11554,1.0,0.05,0.00012412190027510272,0.0,0.006329196221300378,0.10030268671783568,0.0
11555,1.0,0.05,0.00012412190027510272,0.0,0.006329196221300378,0.10030268671783568,0.0
11556,1.0,0.05,0.00012412190027510272,0.0,0.006329196221300378,0.10030268671783568,0.0
11557,1.0,0.05,0.0001369013278610697,0.0,0.006329196221300378,0.10030268671783568,0.0
11558,1.0,0.05,0.0001369013278610697,0.0,0.006329196221300378,0.10030268671783568,0.0
11559,1.0,0.05,0.0001369013278610697,0.0,0.006329196221300378,0.10030268671783568,0.0
11560,1.0,0.05,0.0001369013278610697,0.0,0.006329196221300378,0.10030268671783568,0.0
11561,1.0,0.05,0.0001369013278610697,0.0,0.006329196221300378,0.10030268671783568,0.0
11562,1.0,0.05,0.00013033731843008813,0.0,0.006329196221300378,0.10030268671783568,0.0
11563,1.0,0.05,0.0001335614591246692,0.0,0.006350232409570744,0.04297749881835392,0.0
11564,1.0,0.05,0.0001335614591246692,0.0,0.006350232409570744,0.0370285236667395,0.0
11565,1.0,0.05,0.0001335614591246692,0.0,0.006350232409570744,0.039525759495772465,0.0
11566,1.0,0.05,0.0001335614591246692,0.0,0.006350232409570744,0.06262383885154653,0.0
11567,1.0,0.05,0.0001335614591246692,0.0,0.006350232409570744,0.06262383885154653,0.0
11568,1.0,0.05,0.0001335614591246692,0.0,0.006350232409570744,0.03729266767380258,0.0
11569,1.0,0.05,0.0001335614591246692,0.0,0.006034844831799711,0.04055421359083437,0.0
11570,1.0,0.05,0.0001335614591246692,0.0,0.007269661813588521,0.04055421359083437,0.0
11571,1.0,0.05,0.0001335614591246692,0.0,0.006018498410667712,0.05160136146780399,0.0
11572,1.0,0.05,0.0001335614591246692,0.0,0.006018498410667712,0.035348886152183324,0.0
11573,1.0,0.05,0.0001335614591246692,0.0,0.006018498410667712,0.09463041671457523,0.0
11574,1.0,0.05,0.0001335614591246692,0.0,0.006018498410667712,0.09463041671457523,0.0
11575,1.0,0.05,0.0001335614591246692,0.0,0.006018498410667712,0.019367100519040455,0.0
11576,1.0,0.05,0.0001335614591246692,0.0,0.006018498410667712,0.019367100519040455,0.0
11577,1.0,0.05,0.0001335614591246692,0.0,0.006018498410667712,0.019367100519040455,0.0
11578,1.0,0.05,0.0001335614591246692,0.0,0.006018498410667712,0.0190704336353244,0.0
11579,1.0,0.05,0.0001335614591246692,0.0,0.006018498410667712,0.03423302485036886,0.0
11580,1.0,0.05,0.0001335614591246692,0.0,0.006018498410667712,0.025255439973504927,0.0
11581,1.0,0.05,0.0001335614591246692,0.0,0.006018498410667712,0.025255439973504927,0.0
11582,1.0,0.05,0.00014154867472272145,0.0,0.006018498410667712,0.07466183297246215,0.0
11583,1.0,0.05,0.00014154867472272145,0.0,0.006018498410667712,0.07466183297246215,0.0
11584,1.0,0.05,0.00014154867472272145,0.0,0.006018498410667712,0.07466183297246215,0.0
11585,1.0,0.05,0.00014154867472272145,0.0,0.006018498410667712,0.10437390102649512,0.0
11586,1.0,0.05,0.00013908807253378643,0.0,0.006018498410667712,0.10437390102649512,0.0
11587,1.0,0.05,0.00013908807253378643,0.0,0.006018498410667712,0.037550559058408754,0.0
11588,1.0,0.05,0.00013908807253378643,0.0,0.006018498410667712,0.037550559058408754,0.0
11589,1.0,0.05,0.00013908807253378643,0.0,0.006018498410667712,0.03104650851217151,0.0
11590,1.0,0.05,0.00013908807253378643,0.0,0.006018498410667712,0.03104650851217151,0.0
11591,1.0,0.05,0.00013908807253378643,0.0,0.006018498410667712,0.09000992075666939,0.0
11592,1.0,0.05,0.00013908807253378643,0.0,0.006018498410667712,0.01708195916752291,0.0
11593,1.0,0.05,0.00013908807253378643,0.0,0.006018498410667712,0.020570737993320164,0.0
11594,1.0,0.05,0.00013908807253378643,0.0,0.006018498410667712,0.020570737993320164,0.0
11595,1.0,0.05,0.00013908807253378643,0.0,0.006018498410667712,0.06445132846542667,0.0
11596,1.0,0.05,0.00013908807253378643,0.0,0.006018498410667712,0.06445132846542667,0.0
11597,1.0,0.05,0.00013908807253378643,0.0,0.006018498410667712,0.06445132846542667,0.0
11598,1.0,0.05,0.00013908807253378643,0.0,0.006018498410667712,0.06445132846542667,0.0
11599,1.0,0.05,0.00013908807253378643,0.0,0.006018498410667712,0.032809444567090736,0.0
11600,1.0,0.05,0.00013908807253378643,0.0,0.006018498410667712,0.032809444567090736,0.0
11601,1.0,0.05,0.00013908807253378643,0.0,0.006018498410667712,0.032809444567090736,0.0
11602,1.0,0.05,0.00013908807253378643,0.0,0.006018498410667712,0.03714633490224075,0.0
11603,1.0,0.05,0.00013908807253378643,0.0,0.006018498410667712,0.03714633490224075,0.0
11604,1.0,0.05,0.00013908807253378643,0.0,0.006018498410667712,0.035123099732434326,0.0
11605,1.0,0.05,0.00013908807253378643,0.0,0.006018498410667712,0.10800949412767269,0.0
11606,1.0,0.05,0.0001378429551205251,0.0,0.006018498410667712,0.10800949412767269,0.0
11607,1.0,0.05,0.0001378429551205251,0.0,0.006018498410667712,0.0649014658358186,0.0
11608,1.0,0.05,0.0001313971370092326,0.0,0.006018498410667712,0.04207003222281132,0.0
11609,1.0,0.05,0.0001313971370092326,0.0,0.006018498410667712,0.04207003222281132,0.0
11610,1.0,0.05,0.0001313971370092326,0.0,0.006018498410667712,0.04766209962130971,0.0
11611,1.0,0.05,0.0001313971370092326,0.0,0.006018498410667712,0.04766209962130971,0.0
11612,1.0,0.05,0.0001313971370092326,0.0,0.006018498410667712,0.04766209962130971,0.0
11613,1.0,0.05,0.0001313971370092326,0.0,0.006018498410667712,0.04766209962130971,0.0
11614,1.0,0.05,0.0001313971370092326,0.0,0.006018498410667712,0.04766209962130971,0.0
11615,1.0,0.05,0.0001313971370092326,0.0,0.006018498410667712,0.04766209962130971,0.0
11616,1.0,0.05,0.0001313971370092326,0.0,0.006018498410667712,0.04766209962130971,0.0
11617,1.0,0.05,0.0001313971370092326,0.0,0.006018498410667712,0.04766209962130971,0.0
11618,1.0,0.05,0.0001313971370092326,0.0,0.006018498410667712,0.0497673121581653,0.0
11619,1.0,0.05,0.0001313971370092326,0.0,0.006018498410667712,0.060433274791991086,0.0
11620,1.0,0.05,0.0001313971370092326,0.0,0.006018498410667712,0.09078057971896278,0.0
11621,1.0,0.05,0.0001313971370092326,0.0,0.006018498410667712,0.09078057971896278,0.0
11622,1.0,0.05,0.0001313971370092326,0.0,0.00630675410732212,0.09078057971896278,0.0
11623,1.0,0.05,0.0001313971370092326,0.0,0.00630675410732212,0.09078057971896278,0.0
11624,1.0,0.05,0.0001313971370092326,0.0,0.00630675410732212,0.09078057971896278,0.0
11625,1.0,0.05,0.0001327251398578865,0.0,0.00630675410732212,0.08009068164422976,0.0
11626,1.0,0.05,0.0001327251398578865,0.0,0.00630675410732212,0.08009068164422976,0.0
11627,1.0,0.05,0.0001327251398578865,0.0,0.00630675410732212,0.08009068164422976,0.0
11628,1.0,0.05,0.0001327251398578865,0.0,0.005878951159790308,0.08009068164422976,0.0
11629,1.0,0.05,0.0001327251398578865,0.0,0.005878951159790308,0.08009068164422976,0.0
11630,1.0,0.05,0.0001327251398578865,0.0,0.006867105679897216,0.09513600441700762,0.0
11631,1.0,0.05,0.0001327251398578865,0.0,0.006867105679897216,0.12420238608946131,0.0
11632,1.0,0.05,0.000118969829780689,0.0,0.007536418219575986,0.10874912195913279,0.0
11633,1.0,0.05,0.000118969829780689,0.0,0.007536418219575986,0.10874912195913279,0.0
11634,1.0,0.05,0.000118969829780689,0.0,0.007822847844860774,0.07560712047434288,0.0
11635,1.0,0.05,0.000118969829780689,0.0,0.007822847844860774,0.07560712047434288,0.0
11636,1.0,0.05,0.000118969829780689,0.0,0.007822847844860774,0.07560712047434288,0.0
11637,1.0,0.05,0.000118969829780689,0.0,0.007822847844860774,0.07212163476463383,0.0
11638,1.0,0.05,0.000128026336426006,0.0,0.007840199135407733,0.016116838167412037,0.0
11639,1.0,0.05,0.000128026336426006,0.0,0.006482550311933855,0.034953084171100865,0.0
11640,1.0,0.05,0.000128026336426006,0.0,0.008020782512444861,0.07383804307015407,0.0
11641,1.0,0.05,0.000128026336426006,0.0,0.006087490715748486,0.08777496034385274,0.0
11642,1.0,0.05,0.000128026336426006,0.0,0.006087490715748486,0.08777496034385274,0.0
11643,1.0,0.05,0.000128026336426006,0.0,0.006087490715748486,0.018766958224668416,0.0
11644,1.0,0.05,0.000128026336426006,0.0,0.006087490715748486,0.018766958224668416,0.0
11645,1.0,0.05,0.000128026336426006,0.0,0.0075745805721491545,0.0316410162700594,0.0
11646,1.0,0.05,0.00011833601774148306,0.0,0.0075745805721491545,0.10645989804079473,0.0
11647,1.0,0.05,0.00011833601774148306,0.0,0.0075745805721491545,0.10645989804079473,0.0
11648,1.0,0.05,0.00011833601774148306,0.0,0.0075745805721491545,0.16587582606728885,0.0
11649,1.0,0.05,0.00011833601774148306,0.0,0.007825981950810723,0.10298971963932597,0.0
11650,1.0,0.05,0.00011833601774148306,0.0,0.007825981950810723,0.10298971963932597,0.0
11651,1.0,0.05,0.00011833601774148306,0.0,0.007825981950810723,0.10298971963932597,0.0
11652,1.0,0.05,0.00011833601774148306,0.0,0.007348687135790489,0.10298971963932597,0.0
11653,1.0,0.05,0.00013499960968559247,0.0,0.007348687135790489,0.10298971963932597,0.0
11654,1.0,0.05,0.00013499960968559247,0.0,0.007079598519422134,0.10298971963932597,0.0
11655,1.0,0.05,0.00013499960968559247,0.0,0.007079598519422134,0.10298971963932597,0.0
11656,1.0,0.05,0.00013499960968559247,0.0,0.005001508109068165,0.11204094000182437,0.0
11657,1.0,0.05,0.00013499960968559247,0.0,0.005235713071519643,0.05434036945886815,0.0
11658,1.0,0.05,0.00013499960968559247,0.0,0.005235713071519643,0.05434036945886815,0.0
11659,1.0,0.05,0.00013499960968559247,0.0,0.005235713071519643,0.05434036945886815,0.0
11660,1.0,0.05,0.00013499960968559247,0.0,0.005235713071519643,0.07893119862683624,0.0
11661,1.0,0.05,0.00013499960968559247,0.0,0.005235713071519643,0.07893119862683624,0.0
11662,1.0,0.05,0.00013499960968559247,0.0,0.00645184496899438,0.07893119862683624,0.0
11663,1.0,0.05,0.00013499960968559247,0.0,0.00645184496899438,0.07893119862683624,0.0
11664,1.0,0.05,0.00013499960968559247,0.0,0.006451438836148226,0.07893119862683624,0.0
11665,1.0,0.05,0.00013499960968559247,0.0,0.006451438836148226,0.07893119862683624,0.0
11666,1.0,0.05,0.00013499960968559247,0.0,0.006319825428865526,0.102057129583638,0.0
11667,1.0,0.05,0.00013499960968559247,0.0,0.006319825428865526,0.102057129583638,0.0
11668,1.0,0.05,0.00013499960968559247,0.0,0.005965341255179332,0.102057129583638,0.0
11669,1.0,0.05,0.00013499960968559247,0.0,0.005965341255179332,0.10598934784823613,0.0
11670,1.0,0.05,0.00013499960968559247,0.0,0.005965341255179332,0.05671498329686439,0.0
11671,1.0,0.05,0.00013499960968559247,0.0,0.005965341255179332,0.044986084832839425,0.0
11672,1.0,0.05,0.00013499960968559247,0.0,0.005965341255179332,0.07203988610357534,0.0
11673,1.0,0.05,0.00013499960968559247,0.0,0.005965341255179332,0.07203988610357534,0.0
11674,1.0,0.05,0.00013499960968559247,0.0,0.005965341255179332,0.07203988610357534,0.0
11675,1.0,0.05,0.00013041907585926093,0.0,0.005965341255179332,0.07552379136536015,0.0
11676,1.0,0.05,0.00013041907585926093,0.0,0.005965341255179332,0.05705052233437687,0.0
11677,1.0,0.05,0.00013041907585926093,0.0,0.005965341255179332,0.05991835568807244,0.0
11678,1.0,0.05,0.00013041907585926093,0.0,0.005965341255179332,0.05991835568807244,0.0
11679,1.0,0.05,0.00013041907585926093,0.0,0.005965341255179332,0.09010895928255255,0.0
11680,1.0,0.05,0.00013041907585926093,0.0,0.005965341255179332,0.032261897973753235,0.0
11681,1.0,0.05,0.00013041907585926093,0.0,0.005392361172632318,0.07332310644972967,0.0
11682,1.0,0.05,0.00013041907585926093,0.0,0.005392361172632318,0.0958259966765042,0.0
11683,1.0,0.05,0.00013041907585926093,0.0,0.006250147031998283,0.0958259966765042,0.0
11684,1.0,0.05,0.00013041907585926093,0.0,0.006250147031998283,0.0958259966765042,0.0
11685,1.0,0.05,0.00013041907585926093,0.0,0.006250147031998283,0.09150925515624879,0.0
11686,1.0,0.05,0.00013041907585926093,0.0,0.006250147031998283,0.09150925515624879,0.0
11687,1.0,0.05,0.00013041907585926093,0.0,0.006250147031998283,0.01638560654036288,0.0
11688,1.0,0.05,0.00013041907585926093,0.0,0.006250147031998283,0.042645089144500166,0.0
11689,1.0,0.05,0.00013041907585926093,0.0,0.006250147031998283,0.03027537386630956,0.0
11690,1.0,0.05,0.00013041907585926093,0.0,0.00564742788368881,0.03618009118757416,0.0
11691,1.0,0.05,0.00013041907585926093,0.0,0.005996058331071929,0.03618009118757416,0.0
11692,1.0,0.05,0.00013041907585926093,0.0,0.005996058331071929,0.04340908477810774,0.0
11693,1.0,0.05,0.0001328453132719213,0.0,0.005996058331071929,0.04340908477810774,0.0
11694,1.0,0.05,0.0001328453132719213,0.0,0.005996058331071929,0.03659911704733303,0.0
11695,1.0,0.05,0.0001328453132719213,0.0,0.005996058331071929,0.05901292253485568,0.0
11696,1.0,0.05,0.0001328453132719213,0.0,0.005996058331071929,0.06267274992968626,0.0
11697,1.0,0.05,0.0001328453132719213,0.0,0.005996058331071929,0.03793147189371449,0.0
11698,1.0,0.05,0.0001328453132719213,0.0,0.005996058331071929,0.03793147189371449,0.0
11699,1.0,0.05,0.0001328453132719213,0.0,0.005996058331071929,0.10265155259986591,0.0
11700,1.0,0.05,0.0001328453132719213,0.0,0.005996058331071929,0.06701818253929401,0.0
11701,1.0,0.05,0.0001328453132719213,0.0,0.005996058331071929,0.043288322310027244,0.0
11702,1.0,0.05,0.0001328453132719213,0.0,0.005996058331071929,0.03670948339383252,0.0
11703,1.0,0.05,0.0001328453132719213,0.0,0.005996058331071929,0.0815630812911895,0.0
11704,1.0,0.05,0.0001328453132719213,0.0,0.005996058331071929,0.035950419021642685,0.0
11705,1.0,0.05,0.00013191101892947893,0.0,0.005996058331071929,0.021490836226779157,0.0
11706,1.0,0.05,0.00013191101892947893,0.0,0.005996058331071929,0.010963953084667518,0.0
11707,1.0,0.05,0.00013191101892947893,0.0,0.005996058331071929,0.02018966229254754,0.0
11708,1.0,0.05,0.00013191101892947893,0.0,0.005996058331071929,0.0526400850640553,0.0
11709,1.0,0.05,0.00013191101892947893,0.0,0.005996058331071929,0.05913546056325185,0.0
11710,1.0,0.05,0.00013191101892947893,0.0,0.005996058331071929,0.05913546056325185,0.0
11711,1.0,0.05,0.00013191101892947893,0.0,0.005996058331071929,0.05036135181807373,0.0
11712,1.0,0.05,0.00013191101892947893,0.0,0.005996058331071929,0.05510400695673414,0.0
11713,1.0,0.05,0.00013191101892947893,0.0,0.005996058331071929,0.054399256564791,0.0
11714,1.0,0.05,0.00013191101892947893,0.0,0.005996058331071929,0.06642224457549399,0.0
11715,1.0,0.05,0.00013191101892947893,0.0,0.005996058331071929,0.09514018328977011,0.0
11716,1.0,0.05,0.00013191101892947893,0.0,0.005996058331071929,0.043670747933831223,0.0
11717,1.0,0.05,0.00013191101892947893,0.0,0.005471883560137782,0.0510490030675617,0.0
11718,1.0,0.05,0.00013191101892947893,0.0,0.005471883560137782,0.0510490030675617,0.0
11719,1.0,0.05,0.00013191101892947893,0.0,0.005956807687178864,0.0510490030675617,0.0
11720,1.0,0.05,0.00013191101892947893,0.0,0.005956807687178864,0.13915620504268056,0.0
11721,1.0,0.05,0.00013191101892947893,0.0,0.005956807687178864,0.13915620504268056,0.0
11722,1.0,0.05,0.00013191101892947893,0.0,0.005956807687178864,0.14286080065633772,0.0
11723,1.0,0.05,0.00013428912947458869,0.0,0.005956807687178864,0.14286080065633772,0.0
11724,1.0,0.05,0.00013428912947458869,0.0,0.005956807687178864,0.14286080065633772,0.0
11725,1.0,0.05,0.00013428912947458869,0.0,0.005956807687178864,0.14286080065633772,0.0
11726,1.0,0.05,0.00013428912947458869,0.0,0.005956807687178864,0.08143709912723171,0.0
11727,1.0,0.05,0.00013428912947458869,0.0,0.005956807687178864,0.03447969148292164,0.0
11728,1.0,0.05,0.0001357651370031825,0.0,0.005956807687178864,0.05391552739780629,0.0
11729,1.0,0.05,0.0001357651370031825,0.0,0.005956807687178864,0.08549946129455743,0.0
11730,1.0,0.05,0.0001357651370031825,0.0,0.005956807687178864,0.06435067414613724,0.0
11731,1.0,0.05,0.00013903194390484767,0.0,0.005956807687178864,0.07792604255205061,0.0
11732,1.0,0.05,0.00013903194390484767,0.0,0.005956807687178864,0.06992374141131424,0.0
11733,1.0,0.05,0.00013903194390484767,0.0,0.005956807687178864,0.06992374141131424,0.0
11734,1.0,0.05,0.00013903194390484767,0.0,0.005956807687178864,0.06992374141131424,0.0
11735,1.0,0.05,0.00013896363629966495,0.0,0.006073381294101389,0.06992374141131424,0.0
11736,1.0,0.05,0.00013470021541854983,0.0,0.0056938370284853514,0.06992374141131424,0.0
11737,1.0,0.05,0.00013470021541854983,0.0,0.0056938370284853514,0.06992374141131424,0.0
11738,1.0,0.05,0.00013470021541854983,0.0,0.0056938370284853514,0.08888711989901278,0.0
11739,1.0,0.05,0.00013470021541854983,0.0,0.0056938370284853514,0.08888711989901278,0.0
11740,1.0,0.05,0.00013470021541854983,0.0,0.0056938370284853514,0.06979054030507431,0.0
11741,1.0,0.05,0.00013470021541854983,0.0,0.0056938370284853514,0.06979054030507431,0.0
11742,1.0,0.05,0.000132770032362954,0.0,0.0056938370284853514,0.06979054030507431,0.0
11743,1.0,0.05,0.000132770032362954,0.0,0.0056938370284853514,0.06979054030507431,0.0
11744,1.0,0.05,0.000132770032362954,0.0,0.0056938370284853514,0.03711851837746359,0.0
11745,1.0,0.05,0.000132770032362954,0.0,0.0056938370284853514,0.03711851837746359,0.0
11746,1.0,0.05,0.000132770032362954,0.0,0.005841772302903566,0.036903051929066066,0.0
11747,1.0,0.05,0.000132770032362954,0.0,0.0066267768963159425,0.09600667874948059,0.0
11748,1.0,0.05,0.000132770032362954,0.0,0.0066267768963159425,0.09600667874948059,0.0
11749,1.0,0.05,0.000132770032362954,0.0,0.0066267768963159425,0.09600667874948059,0.0
11750,1.0,0.05,0.000132770032362954,0.0,0.0066267768963159425,0.09600667874948059,0.0
11751,1.0,0.05,0.000132770032362954,0.0,0.00669061950291651,0.09600667874948059,0.0
11752,1.0,0.05,0.000132770032362954,0.0,0.00669061950291651,0.09600667874948059,0.0
11753,1.0,0.05,0.000132770032362954,0.0,0.00669061950291651,0.05605790182006191,0.0
11754,1.0,0.05,0.000132770032362954,0.0,0.00669061950291651,0.05605790182006191,0.0
11755,1.0,0.05,0.000132770032362954,0.0,0.00669061950291651,0.05034538517303477,0.0
11756,1.0,0.05,0.00013089717125361528,0.0,0.00669061950291651,0.05034538517303477,0.0
11757,1.0,0.05,0.00013089717125361528,0.0,0.00669061950291651,0.07264570330826338,0.0
11758,1.0,0.05,0.00011896045865952431,0.0,0.006441772671102379,0.07264570330826338,0.0
11759,1.0,0.05,0.00011896045865952431,0.0,0.006441772671102379,0.07264570330826338,0.0
11760,1.0,0.05,0.00011896045865952431,0.0,0.006441772671102379,0.07264570330826338,0.0
11761,1.0,0.05,0.00011896045865952431,0.0,0.006441772671102379,0.09957752389369753,0.0
11762,1.0,0.05,0.00011896045865952431,0.0,0.006441772671102379,0.09957752389369753,0.0
11763,1.0,0.05,0.00011896045865952431,0.0,0.006441772671102379,0.09957752389369753,0.0
11764,1.0,0.05,0.00011896045865952431,0.0,0.006441772671102379,0.0852220835279592,0.0
11765,1.0,0.05,0.00011896045865952431,0.0,0.007973381336576293,0.0852220835279592,0.0
11766,1.0,0.05,0.00012465304041938945,0.0,0.007973381336576293,0.0852220835279592,0.0
11767,1.0,0.05,0.00012465304041938945,0.0,0.007973381336576293,0.0852220835279592,0.0
11768,1.0,0.05,0.00012465304041938945,0.0,0.007973381336576293,0.12589191690345852,0.0
11769,1.0,0.05,0.00012465304041938945,0.0,0.007715042973748657,0.12589191690345852,0.0
11770,1.0,0.05,0.00012465304041938945,0.0,0.007715042973748657,0.12589191690345852,0.0
11771,1.0,0.05,0.00012465304041938945,0.0,0.007715042973748657,0.12589191690345852,0.0
11772,1.0,0.05,0.00012465304041938945,0.0,0.007715042973748657,0.08963852720308162,0.0
11773,1.0,0.05,0.00012825043658030842,0.0,0.006249246335122902,0.08963852720308162,0.0
11774,1.0,0.05,0.00012825043658030842,0.0,0.006249246335122902,0.10196942886208768,0.0
11775,1.0,0.05,0.00012825043658030842,0.0,0.006249246335122902,0.09962033617555927,0.0
11776,1.0,0.05,0.00012825043658030842,0.0,0.006249246335122902,0.09962033617555927,0.0
11777,1.0,0.05,0.0001254149989561453,0.0,0.006249246335122902,0.09962033617555927,0.0
11778,1.0,0.05,0.0001254149989561453,0.0,0.00694169475798825,0.04861350778980038,0.0
11779,1.0,0.05,0.00013235679918502163,0.0,0.006954902874090362,0.051731898240142876,0.0
11780,1.0,0.05,0.00013235679918502163,0.0,0.006954902874090362,0.051731898240142876,0.0
11781,1.0,0.05,0.00013235679918502163,0.0,0.005361442671401227,0.051731898240142876,0.0
11782,1.0,0.05,0.00013235679918502163,0.0,0.005361442671401227,0.051731898240142876,0.0
11783,1.0,0.05,0.00013235679918502163,0.0,0.005361442671401227,0.12029434443938981,0.0
11784,1.0,0.05,0.00013235679918502163,0.0,0.005361442671401227,0.05749549861053463,0.0
11785,1.0,0.05,0.00013235679918502163,0.0,0.005361442671401227,0.05749549861053463,0.0
11786,1.0,0.05,0.00013235679918502163,0.0,0.006120955079681699,0.05749549861053463,0.0
11787,1.0,0.05,0.00013235679918502163,0.0,0.005769651853651207,0.09007318722455918,0.0
11788,1.0,0.05,0.00013235679918502163,0.0,0.005769651853651207,0.04970293505472478,0.0
11789,1.0,0.05,0.00013235679918502163,0.0,0.005216263255399949,0.03325736135947382,0.0
11790,1.0,0.05,0.00013897611993842865,0.0,0.00688716342856311,0.043916701332438524,0.0
11791,1.0,0.05,0.00013897611993842865,0.0,0.00688716342856311,0.04503277577525267,0.0
11792,1.0,0.05,0.00013897611993842865,0.0,0.00688716342856311,0.04503277577525267,0.0
11793,1.0,0.05,0.00013897611993842865,0.0,0.005521016011231703,0.04503277577525267,0.0
11794,1.0,0.05,0.00013897611993842865,0.0,0.005521016011231703,0.03511128231423003,0.0
11795,1.0,0.05,0.00013897611993842865,0.0,0.005521016011231703,0.022863940182664737,0.0
11796,1.0,0.05,0.00013897611993842865,0.0,0.005521016011231703,0.022638290144044396,0.0
11797,1.0,0.05,0.00013897611993842865,0.0,0.005521016011231703,0.022638290144044396,0.0
11798,1.0,0.05,0.00013897611993842865,0.0,0.005521016011231703,0.022638290144044396,0.0
11799,1.0,0.05,0.00013897611993842865,0.0,0.005521016011231703,0.022638290144044396,0.0
11800,1.0,0.05,0.00013897611993842865,0.0,0.005521016011231703,0.045908565709967084,0.0
11801,1.0,0.05,0.00013897611993842865,0.0,0.005521016011231703,0.06874819117804325,0.0
11802,1.0,0.05,0.00013897611993842865,0.0,0.005521016011231703,0.06874819117804325,0.0
11803,1.0,0.05,0.00013897611993842865,0.0,0.005521016011231703,0.06874819117804325,0.0
11804,1.0,0.05,0.00013728892126368242,0.0,0.005521016011231703,0.05145325000041499,0.0
11805,1.0,0.05,0.00013728892126368242,0.0,0.005521016011231703,0.02593907972638098,0.0
11806,1.0,0.05,0.00013728892126368242,0.0,0.005767974438963755,0.04337804938457559,0.0
11807,1.0,0.05,0.00013728892126368242,0.0,0.005767974438963755,0.04337804938457559,0.0
11808,1.0,0.05,0.00013728892126368242,0.0,0.005767974438963755,0.03804290041806123,0.0
11809,1.0,0.05,0.00013728892126368242,0.0,0.006123334872008186,0.03195959259539262,0.0
11810,1.0,0.05,0.0001339978883951358,0.0,0.006123334872008186,0.03195959259539262,0.0
11811,1.0,0.05,0.0001339978883951358,0.0,0.005608531637861082,0.12019484070018126,0.0
11812,1.0,0.05,0.0001339978883951358,0.0,0.005608531637861082,0.12019484070018126,0.0
11813,1.0,0.05,0.0001339978883951358,0.0,0.005583049851313355,0.12019484070018126,0.0
11814,1.0,0.05,0.0001339978883951358,0.0,0.005583049851313355,0.037543825164998476,0.0
11815,1.0,0.05,0.0001339978883951358,0.0,0.005583049851313355,0.037543825164998476,0.0
11816,1.0,0.05,0.0001339978883951358,0.0,0.005583049851313355,0.037543825164998476,0.0
11817,1.0,0.05,0.0001339978883951358,0.0,0.005583049851313355,0.07463720567013772,0.0
11818,1.0,0.05,0.0001339978883951358,0.0,0.005727962651296884,0.07463720567013772,0.0
11819,1.0,0.05,0.0001339978883951358,0.0,0.005727962651296884,0.040727877639018396,0.0
11820,1.0,0.05,0.0001339978883951358,0.0,0.005727962651296884,0.040727877639018396,0.0
11821,1.0,0.05,0.0001339978883951358,0.0,0.005727962651296884,0.040727877639018396,0.0
11822,1.0,0.05,0.0001339978883951358,0.0,0.005727962651296884,0.040727877639018396,0.0
11823,1.0,0.05,0.00013855208622600023,0.0,0.005727962651296884,0.040727877639018396,0.0
11824,1.0,0.05,0.00013855208622600023,0.0,0.005727962651296884,0.04589343306283796,0.0
11825,1.0,0.05,0.00013855208622600023,0.0,0.005727962651296884,0.04589343306283796,0.0
11826,1.0,0.05,0.00013855208622600023,0.0,0.005727962651296884,0.04589343306283796,0.0
11827,1.0,0.05,0.00013855208622600023,0.0,0.005727962651296884,0.08149203164530394,0.0
11828,1.0,0.05,0.00013855208622600023,0.0,0.005727962651296884,0.06666258939877028,0.0
11829,1.0,0.05,0.00013855208622600023,0.0,0.005727962651296884,0.06666258939877028,0.0
11830,1.0,0.05,0.00013855208622600023,0.0,0.005727962651296884,0.06666258939877028,0.0
11831,1.0,0.05,0.00013855208622600023,0.0,0.005727962651296884,0.03072507360592354,0.0
11832,1.0,0.05,0.000128518039798957,0.0,0.0057135512891806906,0.03072507360592354,0.0
11833,1.0,0.05,0.00013298005063688422,0.0,0.0057135512891806906,0.07783435300588576,0.0
11834,1.0,0.05,0.00013298005063688422,0.0,0.0057135512891806906,0.07783435300588576,0.0
11835,1.0,0.05,0.00013298005063688422,0.0,0.0057135512891806906,0.058221060066162324,0.0
11836,1.0,0.05,0.00013298005063688422,0.0,0.0057135512891806906,0.07481807688365609,0.0
11837,1.0,0.05,0.00013298005063688422,0.0,0.0057135512891806906,0.12299897237476512,0.0
11838,1.0,0.05,0.00013298005063688422,0.0,0.0057135512891806906,0.056032303542880406,0.0
11839,1.0,0.05,0.00013298005063688422,0.0,0.0057135512891806906,0.056032303542880406,0.0
11840,1.0,0.05,0.00013298005063688422,0.0,0.0057135512891806906,0.056032303542880406,0.0
11841,1.0,0.05,0.00013298005063688422,0.0,0.0057135512891806906,0.056032303542880406,0.0
11842,1.0,0.05,0.00013298005063688422,0.0,0.0057135512891806906,0.0821731775475481,0.0
11843,1.0,0.05,0.00013298005063688422,0.0,0.0057135512891806906,0.0821731775475481,0.0
11844,1.0,0.05,0.00013298005063688422,0.0,0.0057135512891806906,0.03774775863942184,0.0
11845,1.0,0.05,0.00013298005063688422,0.0,0.0057135512891806906,0.07113095578360908,0.0
11846,1.0,0.05,0.00013298005063688422,0.0,0.0057135512891806906,0.08652429131143566,0.0
11847,1.0,0.05,0.00013298005063688422,0.0,0.005598642252883325,0.08652429131143566,0.0
11848,1.0,0.05,0.00013298005063688422,0.0,0.005598642252883325,0.08652429131143566,0.0
11849,1.0,0.05,0.00013298005063688422,0.0,0.005598642252883325,0.06621315907896078,0.0
11850,1.0,0.05,0.00013930658628175585,0.0,0.005598642252883325,0.03466210373720595,0.0
11851,1.0,0.05,0.00013930658628175585,0.0,0.005598642252883325,0.03466210373720595,0.0
11852,1.0,0.05,0.00013786660281576196,0.0,0.005598642252883325,0.03466210373720595,0.0
11853,1.0,0.05,0.00013786660281576196,0.0,0.005598642252883325,0.11696812764987095,0.0
11854,1.0,0.05,0.00013786660281576196,0.0,0.005518028381169392,0.12233520357783252,0.0
11855,1.0,0.05,0.00013786660281576196,0.0,0.005518028381169392,0.12233520357783252,0.0
11856,1.0,0.05,0.00013786660281576196,0.0,0.005518028381169392,0.08488392906395767,0.0
11857,1.0,0.05,0.00013786660281576196,0.0,0.005518028381169392,0.08488392906395767,0.0
11858,1.0,0.05,0.00013786660281576196,0.0,0.005518028381169392,0.08488392906395767,0.0
11859,1.0,0.05,0.00013786660281576196,0.0,0.005518028381169392,0.08488392906395767,0.0
11860,1.0,0.05,0.00013786660281576196,0.0,0.005518028381169392,0.08488392906395767,0.0
11861,1.0,0.05,0.00013786660281576196,0.0,0.005518028381169392,0.08488392906395767,0.0
11862,1.0,0.05,0.00013786660281576196,0.0,0.005518028381169392,0.08488392906395767,0.0
11863,1.0,0.05,0.00013786660281576196,0.0,0.005518028381169392,0.0732591031598073,0.0
11864,1.0,0.05,0.00013786660281576196,0.0,0.005518028381169392,0.12329912081939129,0.0
11865,1.0,0.05,0.00013786660281576196,0.0,0.005518028381169392,0.09396717090791604,0.0
11866,1.0,0.05,0.00013786660281576196,0.0,0.005518028381169392,0.09396717090791604,0.0
11867,1.0,0.05,0.00013786660281576196,0.0,0.005518028381169392,0.09396717090791604,0.0
11868,1.0,0.05,0.00013786660281576196,0.0,0.005518028381169392,0.09396717090791604,0.0
11869,1.0,0.05,0.00013786660281576196,0.0,0.005518028381169392,0.10169215456415191,0.0
11870,1.0,0.05,0.00013786660281576196,0.0,0.005518028381169392,0.10169215456415191,0.0
11871,1.0,0.05,0.00013786660281576196,0.0,0.005518028381169392,0.053907519798360275,0.0
11872,1.0,0.05,0.00013786660281576196,0.0,0.005518028381169392,0.053907519798360275,0.0
11873,1.0,0.05,0.00013786660281576196,0.0,0.005518028381169392,0.053907519798360275,0.0
11874,1.0,0.05,0.00013786660281576196,0.0,0.005518028381169392,0.053907519798360275,0.0
11875,1.0,0.05,0.00013372880368855882,0.0,0.005518028381169392,0.06763869349466076,0.0
11876,1.0,0.05,0.00013372880368855882,0.0,0.005518028381169392,0.06763869349466076,0.0
11877,1.0,0.05,0.00013372880368855882,0.0,0.005518028381169392,0.06763869349466076,0.0
11878,1.0,0.05,0.00013372880368855882,0.0,0.005518028381169392,0.06763869349466076,0.0
11879,1.0,0.05,0.00013372880368855882,0.0,0.005519382145414696,0.06763869349466076,0.0
11880,1.0,0.05,0.00013372880368855882,0.0,0.005519382145414696,0.042511656426820886,0.0
11881,1.0,0.05,0.00013372880368855882,0.0,0.005874282685127772,0.042511656426820886,0.0
11882,1.0,0.05,0.00013372880368855882,0.0,0.005874282685127772,0.05402516402093934,0.0
11883,1.0,0.05,0.00013372880368855882,0.0,0.005874282685127772,0.05402516402093934,0.0
11884,1.0,0.05,0.0001355742431704344,0.0,0.005874282685127772,0.05402516402093934,0.0
11885,1.0,0.05,0.0001355742431704344,0.0,0.005874282685127772,0.05402516402093934,0.0
11886,1.0,0.05,0.0001355742431704344,0.0,0.005874282685127772,0.05402516402093934,0.0
11887,1.0,0.05,0.0001355742431704344,0.0,0.005874282685127772,0.056790519762674865,0.0
11888,1.0,0.05,0.00014391161324311946,0.0,0.005874282685127772,0.056790519762674865,0.0
11889,1.0,0.05,0.00014391161324311946,0.0,0.005874282685127772,0.056790519762674865,0.0
11890,1.0,0.05,0.00014391161324311946,0.0,0.005874282685127772,0.03160234968281688,0.0
11891,1.0,0.05,0.00014391161324311946,0.0,0.005874282685127772,0.03834948550726656,0.0
11892,1.0,0.05,0.00014391161324311946,0.0,0.005874282685127772,0.03049112843020315,0.0
11893,1.0,0.05,0.00014391161324311946,0.0,0.005874282685127772,0.04433121123001661,0.0
11894,1.0,0.05,0.00014391161324311946,0.0,0.005874282685127772,0.04433121123001661,0.0
11895,1.0,0.05,0.00014391161324311946,0.0,0.005874282685127772,0.04950788114070617,0.0
11896,1.0,0.05,0.00014391161324311946,0.0,0.005874282685127772,0.04950788114070617,0.0
11897,1.0,0.05,0.00014391161324311946,0.0,0.005874282685127772,0.04426056169651017,0.0
11898,1.0,0.05,0.00014391161324311946,0.0,0.005874282685127772,0.0877073340508257,0.0
11899,1.0,0.05,0.00014391161324311946,0.0,0.005874282685127772,0.0877073340508257,0.0
11900,1.0,0.05,0.00013965315608672807,0.0,0.005874282685127772,0.0877073340508257,0.0
11901,1.0,0.05,0.00013965315608672807,0.0,0.005874282685127772,0.0877073340508257,0.0
11902,1.0,0.05,0.00013965315608672807,0.0,0.005874282685127772,0.0877073340508257,0.0
11903,1.0,0.05,0.00013965315608672807,0.0,0.005874282685127772,0.0877073340508257,0.0
11904,1.0,0.05,0.00013965315608672807,0.0,0.005874282685127772,0.09431936759931184,0.0
11905,1.0,0.05,0.00013965315608672807,0.0,0.005874282685127772,0.09431936759931184,0.0
11906,1.0,0.05,0.00013965315608672807,0.0,0.005874282685127772,0.09431936759931184,0.0
11907,1.0,0.05,0.00013429231207639217,0.0,0.005874282685127772,0.06006487695836004,0.0
11908,1.0,0.05,0.00013429231207639217,0.0,0.005874282685127772,0.06754766922661244,0.0
11909,1.0,0.05,0.00013429231207639217,0.0,0.005874282685127772,0.06754766922661244,0.0
11910,1.0,0.05,0.00013429231207639217,0.0,0.005587123377276859,0.06754766922661244,0.0
11911,1.0,0.05,0.0001340288869275307,0.0,0.005587123377276859,0.06754766922661244,0.0
11912,1.0,0.05,0.0001340288869275307,0.0,0.005587123377276859,0.09774050636364881,0.0
11913,1.0,0.05,0.0001340288869275307,0.0,0.005587123377276859,0.09774050636364881,0.0
11914,1.0,0.05,0.0001340288869275307,0.0,0.005587123377276859,0.039546913189157415,0.0
11915,1.0,0.05,0.0001340288869275307,0.0,0.005587123377276859,0.039546913189157415,0.0
11916,1.0,0.05,0.0001340288869275307,0.0,0.005587123377276859,0.04754364425049547,0.0
11917,1.0,0.05,0.0001340288869275307,0.0,0.005587123377276859,0.04754364425049547,0.0
11918,1.0,0.05,0.0001340288869275307,0.0,0.005587123377276859,0.05057994850302971,0.0
11919,1.0,0.05,0.0001340288869275307,0.0,0.005587123377276859,0.06784087056964151,0.0
11920,1.0,0.05,0.0001340288869275307,0.0,0.005587123377276859,0.06784087056964151,0.0
11921,1.0,0.05,0.0001340288869275307,0.0,0.005587123377276859,0.06784087056964151,0.0
11922,1.0,0.05,0.0001340288869275307,0.0,0.005587123377276859,0.06784087056964151,0.0
11923,1.0,0.05,0.0001340288869275307,0.0,0.00599472800825599,0.06784087056964151,0.0
11924,1.0,0.05,0.0001340288869275307,0.0,0.005946913099834202,0.06032096752349232,0.0
11925,1.0,0.05,0.0001340288869275307,0.0,0.005946913099834202,0.0544768131676167,0.0
11926,1.0,0.05,0.0001340288869275307,0.0,0.005946913099834202,0.062133970374599654,0.0
11927,1.0,0.05,0.0001390333668841761,0.0,0.005946913099834202,0.062133970374599654,0.0
11928,1.0,0.05,0.0001390333668841761,0.0,0.005946913099834202,0.0749105553949483,0.0
11929,1.0,0.05,0.0001390333668841761,0.0,0.005946913099834202,0.0749105553949483,0.0
11930,1.0,0.05,0.0001390333668841761,0.0,0.005946913099834202,0.059665754938246524,0.0
11931,1.0,0.05,0.0001390333668841761,0.0,0.005680945127122439,0.11447228026701872,0.0
11932,1.0,0.05,0.0001390333668841761,0.0,0.006652131764654992,0.11447228026701872,0.0
11933,1.0,0.05,0.0001390333668841761,0.0,0.006652131764654992,0.11447228026701872,0.0
11934,1.0,0.05,0.0001390333668841761,0.0,0.006652131764654992,0.0956155127858507,0.0
11935,1.0,0.05,0.0001390333668841761,0.0,0.006652131764654992,0.0956155127858507,0.0
11936,1.0,0.05,0.0001390333668841761,0.0,0.006617596488532103,0.1075733016330628,0.0
11937,1.0,0.05,0.0001390333668841761,0.0,0.006617596488532103,0.10450573803365241,0.0
11938,1.0,0.05,0.0001390333668841761,0.0,0.006617596488532103,0.10450573803365241,0.0
11939,1.0,0.05,0.0001390333668841761,0.0,0.005435731387961994,0.07084930889237775,0.0
11940,1.0,0.05,0.0001269171633455518,0.0,0.005435731387961994,0.07084930889237775,0.0
11941,1.0,0.05,0.0001269171633455518,0.0,0.005435731387961994,0.03755676933236473,0.0
11942,1.0,0.05,0.0001269171633455518,0.0,0.005435731387961994,0.03755676933236473,0.0
11943,1.0,0.05,0.0001269171633455518,0.0,0.005435731387961994,0.03755676933236473,0.0
11944,1.0,0.05,0.0001269171633455518,0.0,0.005435731387961994,0.03755676933236473,0.0
11945,1.0,0.05,0.0001269171633455518,0.0,0.005435731387961994,0.03755676933236473,0.0
11946,1.0,0.05,0.0001269171633455518,0.0,0.005913926348245691,0.0221606335191242,0.0
11947,1.0,0.05,0.0001269171633455518,0.0,0.005913926348245691,0.014179000318292759,0.0
11948,1.0,0.05,0.0001269171633455518,0.0,0.005967415463078272,0.014179000318292759,0.0
11949,1.0,0.05,0.0001269171633455518,0.0,0.005967415463078272,0.014011087086320347,0.0
11950,1.0,0.05,0.0001269171633455518,0.0,0.005967415463078272,0.02018842358552275,0.0
11951,1.0,0.05,0.0001269171633455518,0.0,0.00618840820036641,0.03215089145711278,0.0
11952,1.0,0.05,0.0001269171633455518,0.0,0.00618840820036641,0.03215089145711278,0.0
11953,1.0,0.05,0.0001269171633455518,0.0,0.00618840820036641,0.09529644649507193,0.0
11954,1.0,0.05,0.0001269171633455518,0.0,0.00618840820036641,0.09529644649507193,0.0
11955,1.0,0.05,0.0001269171633455518,0.0,0.00618840820036641,0.05821617571798266,0.0
11956,1.0,0.05,0.0001269171633455518,0.0,0.00618840820036641,0.1038450807518379,0.0
11957,1.0,0.05,0.0001269171633455518,0.0,0.00618840820036641,0.1038450807518379,0.0
11958,1.0,0.05,0.0001269171633455518,0.0,0.00618840820036641,0.1038450807518379,0.0
11959,1.0,0.05,0.0001269171633455518,0.0,0.00618840820036641,0.1038450807518379,0.0
11960,1.0,0.05,0.0001269171633455518,0.0,0.00618840820036641,0.1038450807518379,0.0
11961,1.0,0.05,0.0001269171633455518,0.0,0.006232258950438241,0.1038450807518379,0.0
11962,1.0,0.05,0.0001269171633455518,0.0,0.006232258950438241,0.09906988330622667,0.0
11963,1.0,0.05,0.0001269171633455518,0.0,0.006232258950438241,0.09906988330622667,0.0
11964,1.0,0.05,0.0001269171633455518,0.0,0.006232258950438241,0.09906988330622667,0.0
11965,1.0,0.05,0.0001269171633455518,0.0,0.006232258950438241,0.09906988330622667,0.0
11966,1.0,0.05,0.0001269171633455518,0.0,0.006232258950438241,0.08060772766401736,0.0
11967,1.0,0.05,0.0001269171633455518,0.0,0.006232258950438241,0.0641881779933325,0.0
11968,1.0,0.05,0.0001269171633455518,0.0,0.006232258950438241,0.0641881779933325,0.0
11969,1.0,0.05,0.0001269171633455518,0.0,0.006232258950438241,0.0837603339676374,0.0
11970,1.0,0.05,0.0001269171633455518,0.0,0.006232258950438241,0.0837603339676374,0.0
11971,1.0,0.05,0.0001269171633455518,0.0,0.006232258950438241,0.0837603339676374,0.0
11972,1.0,0.05,0.00012888535174709504,0.0,0.006232258950438241,0.0837603339676374,0.0
11973,1.0,0.05,0.00012888535174709504,0.0,0.006232258950438241,0.03922842329008616,0.0
11974,1.0,0.05,0.00012888535174709504,0.0,0.006919683987097776,0.03922842329008616,0.0
11975,1.0,0.05,0.00012888535174709504,0.0,0.006919683987097776,0.03922842329008616,0.0
11976,1.0,0.05,0.00012888535174709504,0.0,0.006290944968321419,0.03922842329008616,0.0
11977,1.0,0.05,0.00012888535174709504,0.0,0.006290944968321419,0.06270769546910615,0.0
11978,1.0,0.05,0.00012888535174709504,0.0,0.006163191019722551,0.06270769546910615,0.0
11979,1.0,0.05,0.00012888535174709504,0.0,0.006163191019722551,0.06270769546910615,0.0
11980,1.0,0.05,0.00012888535174709504,0.0,0.006163191019722551,0.06270769546910615,0.0
11981,1.0,0.05,0.00012888535174709504,0.0,0.005541546836219657,0.08874303550179104,0.0
11982,1.0,0.05,0.00012888535174709504,0.0,0.005769408580798337,0.053367001859559254,0.0
11983,1.0,0.05,0.00012888535174709504,0.0,0.005769408580798337,0.051232200459490965,0.0
11984,1.0,0.05,0.00012888535174709504,0.0,0.005769408580798337,0.04639251821313144,0.0
11985,1.0,0.05,0.00012888535174709504,0.0,0.005769408580798337,0.04639251821313144,0.0
11986,1.0,0.05,0.00012888535174709504,0.0,0.005769408580798337,0.04639251821313144,0.0
11987,1.0,0.05,0.00012888535174709504,0.0,0.005769408580798337,0.04639251821313144,0.0
11988,1.0,0.05,0.00012888535174709504,0.0,0.005769408580798337,0.04899959977195191,0.0
11989,1.0,0.05,0.00012888535174709504,0.0,0.005769408580798337,0.04899959977195191,0.0
11990,1.0,0.05,0.00012888535174709504,0.0,0.005769408580798337,0.05629499074775255,0.0
11991,1.0,0.05,0.00012888535174709504,0.0,0.005769408580798337,0.05629499074775255,0.0
11992,1.0,0.05,0.00012888535174709504,0.0,0.006452685521558173,0.11095300331671763,0.0
11993,1.0,0.05,0.00012888535174709504,0.0,0.00662534108627279,0.09253107108875015,0.0
11994,1.0,0.05,0.00012888535174709504,0.0,0.00662534108627279,0.09253107108875015,0.0
11995,1.0,0.05,0.00012888535174709504,0.0,0.0055709804591206405,0.09253107108875015,0.0
11996,1.0,0.05,0.00012888535174709504,0.0,0.0055709804591206405,0.04717618392652348,0.0
11997,1.0,0.05,0.00012888535174709504,0.0,0.0055709804591206405,0.04717618392652348,0.0
11998,1.0,0.05,0.00012888535174709504,0.0,0.0055709804591206405,0.018972088699755234,0.0
11999,1.0,0.05,0.00013342220077864608,0.0,0.0055709804591206405,0.018972088699755234,0.0
12000,1.0,0.05,0.00013342220077864608,0.0,0.0055709804591206405,0.04669890794703219,0.0
12001,1.0,0.05,0.00013342220077864608,0.0,0.0055709804591206405,0.04684932198465843,0.0
12002,1.0,0.05,0.00014051419204632774,0.0,0.0055709804591206405,0.04684932198465843,0.0
12003,1.0,0.05,0.00014051419204632774,0.0,0.0055709804591206405,0.04684932198465843,0.0
12004,1.0,0.05,0.00014051419204632774,0.0,0.0055709804591206405,0.05336306080778012,0.0
12005,1.0,0.05,0.00014051419204632774,0.0,0.0055709804591206405,0.05336306080778012,0.0
12006,1.0,0.05,0.00014051419204632774,0.0,0.00557790778304627,0.05336306080778012,0.0
12007,1.0,0.05,0.00014051419204632774,0.0,0.005751344448628117,0.05336306080778012,0.0
12008,1.0,0.05,0.00012961818746843421,0.0,0.005751344448628117,0.06487346980991555,0.0
12009,1.0,0.05,0.00012961818746843421,0.0,0.005751344448628117,0.06487346980991555,0.0
12010,1.0,0.05,0.00013816432395566787,0.0,0.005751344448628117,0.06487346980991555,0.0
12011,1.0,0.05,0.00013816432395566787,0.0,0.005751344448628117,0.09417666499653524,0.0
12012,1.0,0.05,0.00014087028123245648,0.0,0.005751344448628117,0.09417666499653524,0.0
12013,1.0,0.05,0.00014087028123245648,0.0,0.005751344448628117,0.09417666499653524,0.0
12014,1.0,0.05,0.00014087028123245648,0.0,0.005751344448628117,0.04360386565287115,0.0
12015,1.0,0.05,0.00014087028123245648,0.0,0.005751344448628117,0.04360386565287115,0.0
12016,1.0,0.05,0.0001389808984533836,0.0,0.005751344448628117,0.044340601605151145,0.0
12017,1.0,0.05,0.0001321125852968711,0.0,0.005751344448628117,0.08677949820845236,0.0
12018,1.0,0.05,0.00013130532397731355,0.0,0.005751344448628117,0.08677949820845236,0.0
12019,1.0,0.05,0.00013130532397731355,0.0,0.005751344448628117,0.08677949820845236,0.0
12020,1.0,0.05,0.00013130532397731355,0.0,0.005751344448628117,0.08677949820845236,0.0
12021,1.0,0.05,0.00013130532397731355,0.0,0.005751344448628117,0.08677949820845236,0.0
12022,1.0,0.05,0.00013130532397731355,0.0,0.005751344448628117,0.08677949820845236,0.0
12023,1.0,0.05,0.00013130532397731355,0.0,0.005751344448628117,0.05360678245568515,0.0
12024,1.0,0.05,0.00013130532397731355,0.0,0.005751344448628117,0.015724920057483795,0.0
12025,1.0,0.05,0.00013130532397731355,0.0,0.005751344448628117,0.04053156620558885,0.0
12026,1.0,0.05,0.00013130532397731355,0.0,0.005751344448628117,0.04053156620558885,0.0
12027,1.0,0.05,0.00013130532397731355,0.0,0.005751344448628117,0.04053156620558885,0.0
12028,1.0,0.05,0.00013130532397731355,0.0,0.005751344448628117,0.04053156620558885,0.0
12029,1.0,0.05,0.00013130532397731355,0.0,0.005751344448628117,0.04053156620558885,0.0
12030,1.0,0.05,0.00013130532397731355,0.0,0.005751344448628117,0.02485446661338398,0.0
12031,1.0,0.05,0.00013130532397731355,0.0,0.005751344448628117,0.02543004155220518,0.0
12032,1.0,0.05,0.00013130532397731355,0.0,0.005751344448628117,0.02543004155220518,0.0
12033,1.0,0.05,0.00013130532397731355,0.0,0.005751344448628117,0.040010768020575294,0.0
12034,1.0,0.05,0.00013130532397731355,0.0,0.005751344448628117,0.03390563407814921,0.0
12035,1.0,0.05,0.00013130532397731355,0.0,0.005751344448628117,0.05225185375277337,0.0
12036,1.0,0.05,0.00013130532397731355,0.0,0.005751344448628117,0.05225185375277337,0.0
12037,1.0,0.05,0.00013130532397731355,0.0,0.005751344448628117,0.017542950409973952,0.0
12038,1.0,0.05,0.00013130532397731355,0.0,0.005751344448628117,0.017542950409973952,0.0
12039,1.0,0.05,0.000134978321798114,0.0,0.005751344448628117,0.01877515498848044,0.0
12040,1.0,0.05,0.000134978321798114,0.0,0.005751344448628117,0.01877515498848044,0.0
12041,1.0,0.05,0.000134978321798114,0.0,0.005751344448628117,0.01877515498848044,0.0
12042,1.0,0.05,0.000134978321798114,0.0,0.005751344448628117,0.015368366375243863,0.0
12043,1.0,0.05,0.000134978321798114,0.0,0.005751344448628117,0.022542867980305595,0.0
12044,1.0,0.05,0.000134978321798114,0.0,0.005751344448628117,0.033314948511672854,0.0
12045,1.0,0.05,0.000134978321798114,0.0,0.005751344448628117,0.007565618060568481,0.0
12046,1.0,0.05,0.000134978321798114,0.0,0.005751344448628117,0.01347409570791749,0.0
12047,1.0,0.05,0.00013388715237787552,0.0,0.005751344448628117,0.007692419628448124,0.0
12048,1.0,0.05,0.00013388715237787552,0.0,0.005751344448628117,0.003074120465943737,0.0
12049,1.0,0.05,0.00013388715237787552,0.0,0.005751344448628117,0.014967296341502255,0.0
12050,1.0,0.05,0.00013388715237787552,0.0,0.005751344448628117,0.017789788157542306,0.0
12051,1.0,0.05,0.00013347313651912164,0.0,0.005751344448628117,0.01943672670249329,0.0
12052,1.0,0.05,0.0001375750773620034,0.0,0.005751344448628117,0.01943672670249329,0.0
12053,1.0,0.05,0.00012934064030466856,0.0,0.005751344448628117,0.01929648393225493,0.0
12054,1.0,0.05,0.00012934064030466856,0.0,0.005751344448628117,0.05859864395288576,0.0
12055,1.0,0.05,0.00012934064030466856,0.0,0.006863745379102941,0.05859864395288576,0.0
12056,1.0,0.05,0.00012934064030466856,0.0,0.006007025020392583,0.05859864395288576,0.0
12057,1.0,0.05,0.00012934064030466856,0.0,0.006007025020392583,0.05859864395288576,0.0
12058,1.0,0.05,0.00012934064030466856,0.0,0.006007025020392583,0.05859864395288576,0.0
12059,1.0,0.05,0.00012934064030466856,0.0,0.006007025020392583,0.08507690809775544,0.0
12060,1.0,0.05,0.00012934064030466856,0.0,0.006007025020392583,0.08507690809775544,0.0
12061,1.0,0.05,0.00012934064030466856,0.0,0.006007025020392583,0.08507690809775544,0.0
12062,1.0,0.05,0.00012934064030466856,0.0,0.006007025020392583,0.1200783483915009,0.0
12063,1.0,0.05,0.00012934064030466856,0.0,0.006007025020392583,0.021477635233927848,0.0
12064,1.0,0.05,0.00012934064030466856,0.0,0.006007025020392583,0.021477635233927848,0.0
12065,1.0,0.05,0.00013020089677304815,0.0,0.006007025020392583,0.021477635233927848,0.0
12066,1.0,0.05,0.00013020089677304815,0.0,0.006007025020392583,0.011327767920982983,0.0
12067,1.0,0.05,0.00013020089677304815,0.0,0.006007025020392583,0.011327767920982983,0.0
12068,1.0,0.05,0.00013020089677304815,0.0,0.006007025020392583,0.013897664773830903,0.0
12069,1.0,0.05,0.00013020089677304815,0.0,0.006007025020392583,0.10944406259691136,0.0
12070,1.0,0.05,0.00013020089677304815,0.0,0.006007025020392583,0.10101910074890383,0.0
12071,1.0,0.05,0.00013020089677304815,0.0,0.007050178166106756,0.10101910074890383,0.0
12072,1.0,0.05,0.00013020089677304815,0.0,0.006140064319878166,0.10101910074890383,0.0
12073,1.0,0.05,0.00013020089677304815,0.0,0.006405429348208021,0.10101910074890383,0.0
12074,1.0,0.05,0.00013020089677304815,0.0,0.006892169565865509,0.059627837220690594,0.0
12075,1.0,0.05,0.00013020089677304815,0.0,0.006892169565865509,0.1084453033214046,0.0
12076,1.0,0.05,0.00013020089677304815,0.0,0.006892169565865509,0.1059475331846354,0.0
12077,1.0,0.05,0.00013020089677304815,0.0,0.0065074314964639925,0.09458118079232207,0.0
12078,1.0,0.05,0.00013020089677304815,0.0,0.0065074314964639925,0.09458118079232207,0.0
12079,1.0,0.05,0.00013020089677304815,0.0,0.0065074314964639925,0.09458118079232207,0.0
12080,1.0,0.05,0.00013020089677304815,0.0,0.0065074314964639925,0.09458118079232207,0.0
12081,1.0,0.05,0.00013020089677304815,0.0,0.007998870488191005,0.09458118079232207,0.0
12082,1.0,0.05,0.00013020089677304815,0.0,0.007998870488191005,0.09458118079232207,0.0
12083,1.0,0.05,0.00013020089677304815,0.0,0.006982177711964521,0.09458118079232207,0.0
12084,1.0,0.05,0.00013020089677304815,0.0,0.006982177711964521,0.09458118079232207,0.0
12085,1.0,0.05,0.00013020089677304815,0.0,0.00573187491423693,0.09458118079232207,0.0
12086,1.0,0.05,0.0001336053195765273,0.0,0.00573187491423693,0.07084112013516956,0.0
12087,1.0,0.05,0.0001336053195765273,0.0,0.00573187491423693,0.07084112013516956,0.0
12088,1.0,0.05,0.0001336053195765273,0.0,0.00573187491423693,0.04266604864194495,0.0
12089,1.0,0.05,0.0001336053195765273,0.0,0.00573187491423693,0.04266604864194495,0.0
12090,1.0,0.05,0.0001336053195765273,0.0,0.00573187491423693,0.04266604864194495,0.0
12091,1.0,0.05,0.0001374662285646029,0.0,0.00573187491423693,0.05615287272987762,0.0
12092,1.0,0.05,0.0001374662285646029,0.0,0.00573187491423693,0.05615287272987762,0.0
12093,1.0,0.05,0.0001374662285646029,0.0,0.00573187491423693,0.061042242629475156,0.0
12094,1.0,0.05,0.0001374662285646029,0.0,0.005617414224643113,0.061042242629475156,0.0
12095,1.0,0.05,0.0001374662285646029,0.0,0.005617414224643113,0.0638090162673457,0.0
12096,1.0,0.05,0.0001374662285646029,0.0,0.005617414224643113,0.0638090162673457,0.0
12097,1.0,0.05,0.0001374662285646029,0.0,0.005303299228919509,0.03520733623627914,0.0
12098,1.0,0.05,0.0001374662285646029,0.0,0.005303299228919509,0.048207450029723514,0.0
12099,1.0,0.05,0.0001374662285646029,0.0,0.005303299228919509,0.03637823206833835,0.0
12100,1.0,0.05,0.0001374662285646029,0.0,0.005303299228919509,0.03637823206833835,0.0
12101,1.0,0.05,0.0001374662285646029,0.0,0.005303299228919509,0.03637823206833835,0.0
12102,1.0,0.05,0.0001374662285646029,0.0,0.005303299228919509,0.04012646252645722,0.0
12103,1.0,0.05,0.00013378636458834852,0.0,0.005303299228919509,0.05348713224195692,0.0
12104,1.0,0.05,0.00012813420441112072,0.0,0.005303299228919509,0.05348713224195692,0.0
12105,1.0,0.05,0.00012813420441112072,0.0,0.005303299228919509,0.07139633294964079,0.0
12106,1.0,0.05,0.00012813420441112072,0.0,0.005303299228919509,0.07139633294964079,0.0
12107,1.0,0.05,0.00012813420441112072,0.0,0.006484944150285024,0.07577069902453644,0.0
12108,1.0,0.05,0.00012813420441112072,0.0,0.006484944150285024,0.07577069902453644,0.0
12109,1.0,0.05,0.0001341066022693063,0.0,0.006484944150285024,0.09955548836831467,0.0
12110,1.0,0.05,0.0001341066022693063,0.0,0.006898279123386186,0.05410061424119816,0.0
12111,1.0,0.05,0.0001341066022693063,0.0,0.0069008608002476424,0.07464906738134043,0.0
12112,1.0,0.05,0.0001341066022693063,0.0,0.0069008608002476424,0.07464906738134043,0.0
12113,1.0,0.05,0.0001341066022693063,0.0,0.0069008608002476424,0.12223646748323297,0.0
12114,1.0,0.05,0.00012761381590754172,0.0,0.0069008608002476424,0.09340021263756652,0.0
12115,1.0,0.05,0.00012761381590754172,0.0,0.007206686678997349,0.09340021263756652,0.0
12116,1.0,0.05,0.00012761381590754172,0.0,0.007206686678997349,0.09340021263756652,0.0
12117,1.0,0.05,0.00012761381590754172,0.0,0.006191744783383415,0.09340021263756652,0.0
12118,1.0,0.05,0.00012761381590754172,0.0,0.006191744783383415,0.07672926922222142,0.0
12119,1.0,0.05,0.00012761381590754172,0.0,0.006191744783383415,0.07672926922222142,0.0
12120,1.0,0.05,0.00012761381590754172,0.0,0.006191744783383415,0.07672926922222142,0.0
12121,1.0,0.05,0.00012761381590754172,0.0,0.006191744783383415,0.054924750002672176,0.0
12122,1.0,0.05,0.00012761381590754172,0.0,0.006191744783383415,0.08860324265492953,0.0
12123,1.0,0.05,0.00012761381590754172,0.0,0.006191744783383415,0.08860324265492953,0.0
12124,1.0,0.05,0.00012761381590754172,0.0,0.006191744783383415,0.08860324265492953,0.0
12125,1.0,0.05,0.00012761381590754172,0.0,0.00572492938769735,0.08860324265492953,0.0
12126,1.0,0.05,0.00012761381590754172,0.0,0.007585184818679245,0.08860324265492953,0.0
12127,1.0,0.05,0.00012761381590754172,0.0,0.007585184818679245,0.10282755200740448,0.0
12128,1.0,0.05,0.00012761381590754172,0.0,0.007585184818679245,0.11620969109820634,0.0
12129,1.0,0.05,0.00012761381590754172,0.0,0.006565334694474441,0.05767011674532424,0.0
12130,1.0,0.05,0.00012761381590754172,0.0,0.006565334694474441,0.062036288397055536,0.0
12131,1.0,0.05,0.00013073013189887533,0.0,0.006565334694474441,0.062036288397055536,0.0
12132,1.0,0.05,0.00013073013189887533,0.0,0.006158536290566837,0.052070245319638,0.0
12133,1.0,0.05,0.00013073013189887533,0.0,0.006158536290566837,0.052070245319638,0.0
12134,1.0,0.05,0.00013073013189887533,0.0,0.006158536290566837,0.05029255296381042,0.0
12135,1.0,0.05,0.00013073013189887533,0.0,0.006158536290566837,0.07400290839570019,0.0
12136,1.0,0.05,0.00013073013189887533,0.0,0.006158536290566837,0.07400290839570019,0.0
12137,1.0,0.05,0.00013886433892632336,0.0,0.006158536290566837,0.07400290839570019,0.0
12138,1.0,0.05,0.00013376836992558312,0.0,0.005277298073010585,0.05746582862307868,0.0
12139,1.0,0.05,0.00013376836992558312,0.0,0.005277298073010585,0.05746582862307868,0.0
12140,1.0,0.05,0.00013376836992558312,0.0,0.005277298073010585,0.07716816643210803,0.0
12141,1.0,0.05,0.00013376836992558312,0.0,0.005277298073010585,0.07716816643210803,0.0
12142,1.0,0.05,0.00013376836992558312,0.0,0.005277298073010585,0.039710493569815146,0.0
12143,1.0,0.05,0.00013376836992558312,0.0,0.005277298073010585,0.039710493569815146,0.0
12144,1.0,0.05,0.00013376836992558312,0.0,0.005277298073010585,0.039710493569815146,0.0
12145,1.0,0.05,0.00013376836992558312,0.0,0.005277298073010585,0.039710493569815146,0.0
12146,1.0,0.05,0.00013376836992558312,0.0,0.005277298073010585,0.07406571681315105,0.0
12147,1.0,0.05,0.00013376836992558312,0.0,0.005277298073010585,0.02051134525524092,0.0
12148,1.0,0.05,0.00013376836992558312,0.0,0.006694480579645847,0.017670444562797455,0.0
12149,1.0,0.05,0.00013376836992558312,0.0,0.006694480579645847,0.04386116401511927,0.0
12150,1.0,0.05,0.00013376836992558312,0.0,0.006694480579645847,0.08180093333398349,0.0
12151,1.0,0.05,0.00013376836992558312,0.0,0.005750027133078412,0.08180093333398349,0.0
12152,1.0,0.05,0.00014391943555253924,0.0,0.005750027133078412,0.07551536278130118,0.0
12153,1.0,0.05,0.00014391943555253924,0.0,0.005750027133078412,0.07551536278130118,0.0
12154,1.0,0.05,0.00014391943555253924,0.0,0.005750027133078412,0.05103446422983948,0.0
12155,1.0,0.05,0.00014391943555253924,0.0,0.005750027133078412,0.05103446422983948,0.0
12156,1.0,0.05,0.00014391943555253924,0.0,0.005750027133078412,0.10241972615439125,0.0
12157,1.0,0.05,0.00014391943555253924,0.0,0.006201951850074617,0.08030679864834095,0.0
12158,1.0,0.05,0.00013015478104510644,0.0,0.006201951850074617,0.0512902914345613,0.0
12159,1.0,0.05,0.00013015478104510644,0.0,0.006201951850074617,0.08238819756698947,0.0
12160,1.0,0.05,0.00013015478104510644,0.0,0.006201951850074617,0.08238819756698947,0.0
12161,1.0,0.05,0.00013015478104510644,0.0,0.0063891564588788845,0.09844443155546688,0.0
12162,1.0,0.05,0.00013015478104510644,0.0,0.0063891564588788845,0.09844443155546688,0.0
12163,1.0,0.05,0.00013015478104510644,0.0,0.0063891564588788845,0.09844443155546688,0.0
12164,1.0,0.05,0.00013015478104510644,0.0,0.0063891564588788845,0.09844443155546688,0.0
12165,1.0,0.05,0.00013015478104510644,0.0,0.0063891564588788845,0.09844443155546688,0.0
12166,1.0,0.05,0.00013015478104510644,0.0,0.007015768303150536,0.12459189252512431,0.0
12167,1.0,0.05,0.00013015478104510644,0.0,0.007015768303150536,0.12459189252512431,0.0
12168,1.0,0.05,0.00013015478104510644,0.0,0.007015768303150536,0.07907854153365527,0.0
12169,1.0,0.05,0.0001331690848941122,0.0,0.007015768303150536,0.10265386904430794,0.0
12170,1.0,0.05,0.0001331690848941122,0.0,0.007015768303150536,0.10265386904430794,0.0
12171,1.0,0.05,0.0001331690848941122,0.0,0.007015768303150536,0.10265386904430794,0.0
12172,1.0,0.05,0.0001331690848941122,0.0,0.005285503283760924,0.08161117562363011,0.0
12173,1.0,0.05,0.0001331690848941122,0.0,0.005285503283760924,0.0371050149999179,0.0
12174,1.0,0.05,0.0001331690848941122,0.0,0.005651910995085431,0.07033410117756408,0.0
12175,1.0,0.05,0.00013076405610006362,0.0,0.005651910995085431,0.07033410117756408,0.0
12176,1.0,0.05,0.00013076405610006362,0.0,0.005651910995085431,0.07033410117756408,0.0
12177,1.0,0.05,0.00013076405610006362,0.0,0.005651910995085431,0.07033410117756408,0.0
12178,1.0,0.05,0.00013076405610006362,0.0,0.005651910995085431,0.031371612738165425,0.0
12179,1.0,0.05,0.00014192499469880418,0.0,0.005651910995085431,0.041455079357787535,0.0
12180,1.0,0.05,0.00014192499469880418,0.0,0.005651910995085431,0.041455079357787535,0.0
12181,1.0,0.05,0.00014192499469880418,0.0,0.005651910995085431,0.041455079357787535,0.0
12182,1.0,0.05,0.00014192499469880418,0.0,0.005651910995085431,0.041455079357787535,0.0
12183,1.0,0.05,0.00014192499469880418,0.0,0.005527932126666291,0.07981182785745368,0.0
12184,1.0,0.05,0.00014192499469880418,0.0,0.005527932126666291,0.07981182785745368,0.0
12185,1.0,0.05,0.00013705596008966678,0.0,0.005527932126666291,0.07981182785745368,0.0
12186,1.0,0.05,0.00013705596008966678,0.0,0.005370358096995427,0.07981182785745368,0.0
12187,1.0,0.05,0.00013705596008966678,0.0,0.005370358096995427,0.07981182785745368,0.0
12188,1.0,0.05,0.00013705596008966678,0.0,0.005370358096995427,0.07374427246982235,0.0
12189,1.0,0.05,0.00013705596008966678,0.0,0.005736963513337633,0.07374427246982235,0.0
12190,1.0,0.05,0.00013705596008966678,0.0,0.005736963513337633,0.07374427246982235,0.0
12191,1.0,0.05,0.00013705596008966678,0.0,0.006060604457599248,0.07374427246982235,0.0
12192,1.0,0.05,0.00013705596008966678,0.0,0.006060604457599248,0.07374427246982235,0.0
12193,1.0,0.05,0.00013705596008966678,0.0,0.006060604457599248,0.04654209397670878,0.0
12194,1.0,0.05,0.00013705596008966678,0.0,0.006060604457599248,0.04654209397670878,0.0
12195,1.0,0.05,0.00014290039571669412,0.0,0.006060604457599248,0.04654209397670878,0.0
12196,1.0,0.05,0.00014290039571669412,0.0,0.006060604457599248,0.04654209397670878,0.0
12197,1.0,0.05,0.00014572759611388483,0.0,0.006060604457599248,0.04662311212654904,0.0
12198,1.0,0.05,0.00014416539183023034,0.0,0.006060604457599248,0.04662311212654904,0.0
12199,1.0,0.05,0.00014416539183023034,0.0,0.006060604457599248,0.04662311212654904,0.0
12200,1.0,0.05,0.000142679383420121,0.0,0.006060604457599248,0.04662311212654904,0.0
12201,1.0,0.05,0.000142679383420121,0.0,0.006060604457599248,0.05609828865482742,0.0
12202,1.0,0.05,0.000142679383420121,0.0,0.006060604457599248,0.05609828865482742,0.0
12203,1.0,0.05,0.000142679383420121,0.0,0.006060604457599248,0.05609828865482742,0.0
12204,1.0,0.05,0.000142679383420121,0.0,0.006060604457599248,0.05609828865482742,0.0
12205,1.0,0.05,0.000142679383420121,0.0,0.006060604457599248,0.05609828865482742,0.0
12206,1.0,0.05,0.000142679383420121,0.0,0.006060604457599248,0.05609828865482742,0.0
12207,1.0,0.05,0.00013438527287567748,0.0,0.006060604457599248,0.05609828865482742,0.0
12208,1.0,0.05,0.00013438527287567748,0.0,0.006060604457599248,0.060615472500842205,0.0
12209,1.0,0.05,0.0001261368891282383,0.0,0.006060604457599248,0.060615472500842205,0.0
12210,1.0,0.05,0.0001261368891282383,0.0,0.0065525047763197045,0.060615472500842205,0.0
12211,1.0,0.05,0.0001261368891282383,0.0,0.005991642842858474,0.060615472500842205,0.0
12212,1.0,0.05,0.0001261368891282383,0.0,0.005991642842858474,0.060615472500842205,0.0
12213,1.0,0.05,0.0001261368891282383,0.0,0.005991642842858474,0.060615472500842205,0.0
12214,1.0,0.05,0.0001261368891282383,0.0,0.005991642842858474,0.060615472500842205,0.0
12215,1.0,0.05,0.0001261368891282383,0.0,0.005991642842858474,0.060615472500842205,0.0
12216,1.0,0.05,0.0001261368891282383,0.0,0.005991642842858474,0.060615472500842205,0.0
12217,1.0,0.05,0.0001261368891282383,0.0,0.005991642842858474,0.0718067846548754,0.0
12218,1.0,0.05,0.0001261368891282383,0.0,0.005991642842858474,0.0718067846548754,0.0
12219,1.0,0.05,0.0001261368891282383,0.0,0.007487566635153697,0.08559960427470284,0.0
12220,1.0,0.05,0.0001261368891282383,0.0,0.007487566635153697,0.08559960427470284,0.0
12221,1.0,0.05,0.0001261368891282383,0.0,0.007195443705395198,0.09377280883901548,0.0
12222,1.0,0.05,0.0001261368891282383,0.0,0.007195443705395198,0.026911179992633816,0.0
12223,1.0,0.05,0.0001261368891282383,0.0,0.007195443705395198,0.16779012305829777,0.0
12224,1.0,0.05,0.0001261368891282383,0.0,0.007195443705395198,0.16779012305829777,0.0
12225,1.0,0.05,0.0001261368891282383,0.0,0.007195443705395198,0.16779012305829777,0.0
12226,1.0,0.05,0.0001261368891282383,0.0,0.007195443705395198,0.16779012305829777,0.0
12227,1.0,0.05,0.0001261368891282383,0.0,0.007195443705395198,0.08476439919003914,0.0
12228,1.0,0.05,0.0001261368891282383,0.0,0.005561652455585201,0.08476439919003914,0.0
12229,1.0,0.05,0.0001261368891282383,0.0,0.005561652455585201,0.08476439919003914,0.0
12230,1.0,0.05,0.0001261368891282383,0.0,0.005561652455585201,0.08476439919003914,0.0
12231,1.0,0.05,0.0001261368891282383,0.0,0.005561652455585201,0.08476439919003914,0.0
12232,1.0,0.05,0.0001255416034534178,0.0,0.005561652455585201,0.08476439919003914,0.0
12233,1.0,0.05,0.0001255416034534178,0.0,0.007298548653398283,0.03733396661779249,0.0
12234,1.0,0.05,0.00012512948757921954,0.0,0.007298548653398283,0.16730464197113953,0.0
12235,1.0,0.05,0.00013222700814192036,0.0,0.007298548653398283,0.13827430318421102,0.0
12236,1.0,0.05,0.00013222700814192036,0.0,0.007298548653398283,0.13827430318421102,0.0
12237,1.0,0.05,0.00013222700814192036,0.0,0.007298548653398283,0.07145260960187252,0.0
12238,1.0,0.05,0.00013222700814192036,0.0,0.005616319618336842,0.04331039383737322,0.0
12239,1.0,0.05,0.00013222700814192036,0.0,0.005616319618336842,0.03396901065923206,0.0
12240,1.0,0.05,0.00013222700814192036,0.0,0.005616319618336842,0.03396901065923206,0.0
12241,1.0,0.05,0.00013222700814192036,0.0,0.005616319618336842,0.03396901065923206,0.0
12242,1.0,0.05,0.00013222700814192036,0.0,0.00581726743652815,0.027353027837223133,0.0
12243,1.0,0.05,0.00013222700814192036,0.0,0.00581726743652815,0.11870007989204742,0.0
12244,1.0,0.05,0.00013222700814192036,0.0,0.00581726743652815,0.09255138956702881,0.0
12245,1.0,0.05,0.00013222700814192036,0.0,0.00581726743652815,0.09255138956702881,0.0
12246,1.0,0.05,0.00013222700814192036,0.0,0.00581726743652815,0.10671807208920767,0.0
12247,1.0,0.05,0.00013222700814192036,0.0,0.00581726743652815,0.10671807208920767,0.0
12248,1.0,0.05,0.00013222700814192036,0.0,0.00581726743652815,0.10671807208920767,0.0
12249,1.0,0.05,0.00013222700814192036,0.0,0.00581726743652815,0.044053122804536334,0.0
12250,1.0,0.05,0.00013222700814192036,0.0,0.00581726743652815,0.04437030979247741,0.0
12251,1.0,0.05,0.00013222700814192036,0.0,0.00604728343998677,0.04437030979247741,0.0
12252,1.0,0.05,0.00013222700814192036,0.0,0.00604728343998677,0.04437030979247741,0.0
12253,1.0,0.05,0.00013222700814192036,0.0,0.00604728343998677,0.07203577042493324,0.0
12254,1.0,0.05,0.00013222700814192036,0.0,0.00604728343998677,0.07203577042493324,0.0
12255,1.0,0.05,0.00013222700814192036,0.0,0.00604728343998677,0.07203577042493324,0.0
12256,1.0,0.05,0.00013222700814192036,0.0,0.00604728343998677,0.07203577042493324,0.0
12257,1.0,0.05,0.00013222700814192036,0.0,0.00604728343998677,0.07203577042493324,0.0
12258,1.0,0.05,0.00013222700814192036,0.0,0.00604728343998677,0.07203577042493324,0.0
12259,1.0,0.05,0.00013222700814192036,0.0,0.00604728343998677,0.07203577042493324,0.0
12260,1.0,0.05,0.00013222700814192036,0.0,0.00604728343998677,0.042510355907511344,0.0
12261,1.0,0.05,0.0001349060818725186,0.0,0.00604728343998677,0.042510355907511344,0.0
12262,1.0,0.05,0.0001349060818725186,0.0,0.00604728343998677,0.042510355907511344,0.0
12263,1.0,0.05,0.0001349060818725186,0.0,0.00604728343998677,0.042510355907511344,0.0
12264,1.0,0.05,0.0001349060818725186,0.0,0.005988759321311629,0.03304134197443318,0.0
12265,1.0,0.05,0.0001349060818725186,0.0,0.005988759321311629,0.03304134197443318,0.0
12266,1.0,0.05,0.0001339386327187662,0.0,0.005906783923440178,0.03732546675149454,0.0
12267,1.0,0.05,0.0001339386327187662,0.0,0.005906783923440178,0.06651546000264603,0.0
12268,1.0,0.05,0.0001339386327187662,0.0,0.005906783923440178,0.05116582549106839,0.0
12269,1.0,0.05,0.00013416521754442548,0.0,0.005906783923440178,0.05116582549106839,0.0
12270,1.0,0.05,0.00013416521754442548,0.0,0.005906783923440178,0.06859111111659981,0.0
12271,1.0,0.05,0.00013416521754442548,0.0,0.005906783923440178,0.06859111111659981,0.0
12272,1.0,0.05,0.00013416521754442548,0.0,0.005906783923440178,0.043513538808982316,0.0
12273,1.0,0.05,0.00013416521754442548,0.0,0.005906783923440178,0.043513538808982316,0.0
12274,1.0,0.05,0.00013416521754442548,0.0,0.005906783923440178,0.06155522754949436,0.0
12275,1.0,0.05,0.00013416521754442548,0.0,0.005906783923440178,0.06155522754949436,0.0
12276,1.0,0.05,0.00013416521754442548,0.0,0.005906783923440178,0.06155522754949436,0.0
12277,1.0,0.05,0.00013416521754442548,0.0,0.006049378390207657,0.06155522754949436,0.0
12278,1.0,0.05,0.00013416521754442548,0.0,0.006049378390207657,0.10361215348929673,0.0
12279,1.0,0.05,0.00013416521754442548,0.0,0.006049378390207657,0.11296765798531748,0.0
12280,1.0,0.05,0.00013416521754442548,0.0,0.006049378390207657,0.11022158519053502,0.0
12281,1.0,0.05,0.00012152401517422957,0.0,0.006049378390207657,0.11022158519053502,0.0
12282,1.0,0.05,0.00012152401517422957,0.0,0.006049378390207657,0.11022158519053502,0.0
12283,1.0,0.05,0.00012152401517422957,0.0,0.006049378390207657,0.08067339501932697,0.0
12284,1.0,0.05,0.00012152401517422957,0.0,0.006049378390207657,0.08067339501932697,0.0
12285,1.0,0.05,0.00012152401517422957,0.0,0.006049378390207657,0.08373973259350731,0.0
12286,1.0,0.05,0.00012152401517422957,0.0,0.008887171973684103,0.11985061375334691,0.0
12287,1.0,0.05,0.00012152401517422957,0.0,0.007937351878499256,0.11944105944706308,0.0
12288,1.0,0.05,0.00012152401517422957,0.0,0.007937351878499256,0.12495633127840061,0.0
12289,1.0,0.05,0.00012152401517422957,0.0,0.007937351878499256,0.047595716018767026,0.0
12290,1.0,0.05,0.00012152401517422957,0.0,0.007064796655327152,0.08605518821142037,0.0
12291,1.0,0.05,0.00012152401517422957,0.0,0.007064796655327152,0.08605518821142037,0.0
12292,1.0,0.05,0.00012152401517422957,0.0,0.007064796655327152,0.08605518821142037,0.0
12293,1.0,0.05,0.00012152401517422957,0.0,0.007064796655327152,0.08605518821142037,0.0
12294,1.0,0.05,0.00012152401517422957,0.0,0.007064796655327152,0.057148871602780676,0.0
12295,1.0,0.05,0.00013237978387242974,0.0,0.007064796655327152,0.0762076219700684,0.0
12296,1.0,0.05,0.00013237978387242974,0.0,0.007064796655327152,0.0789120003757916,0.0
12297,1.0,0.05,0.00013237978387242974,0.0,0.007064796655327152,0.0789120003757916,0.0
12298,1.0,0.05,0.00013237978387242974,0.0,0.007064796655327152,0.07066021625701045,0.0
12299,1.0,0.05,0.00013237978387242974,0.0,0.007064796655327152,0.07066021625701045,0.0
12300,1.0,0.05,0.00013237978387242974,0.0,0.007064796655327152,0.07066021625701045,0.0
12301,1.0,0.05,0.00013237978387242974,0.0,0.007064796655327152,0.07091005427843076,0.0
12302,1.0,0.05,0.00013237978387242974,0.0,0.005546926815814105,0.07091005427843076,0.0
12303,1.0,0.05,0.00013237978387242974,0.0,0.005546926815814105,0.07091005427843076,0.0
12304,1.0,0.05,0.00013237978387242974,0.0,0.005267902266556811,0.07091005427843076,0.0
12305,1.0,0.05,0.00013237978387242974,0.0,0.005267902266556811,0.07091005427843076,0.0
12306,1.0,0.05,0.00013237978387242974,0.0,0.007034197390413009,0.07091005427843076,0.0
12307,1.0,0.05,0.00013237978387242974,0.0,0.007034197390413009,0.07106737950448656,0.0
12308,1.0,0.05,0.00013237978387242974,0.0,0.007034197390413009,0.07106737950448656,0.0
12309,1.0,0.05,0.00013237978387242974,0.0,0.007034197390413009,0.07106737950448656,0.0
12310,1.0,0.05,0.00013237978387242974,0.0,0.007034197390413009,0.07106737950448656,0.0
12311,1.0,0.05,0.00013237978387242974,0.0,0.007034197390413009,0.09056927454590685,0.0
12312,1.0,0.05,0.00013237978387242974,0.0,0.00644304343878331,0.09056927454590685,0.0
12313,1.0,0.05,0.00013237978387242974,0.0,0.005816073379014668,0.09056927454590685,0.0
12314,1.0,0.05,0.00013237978387242974,0.0,0.006573297621802083,0.09056927454590685,0.0
12315,1.0,0.05,0.00013237978387242974,0.0,0.006587950155369539,0.09056927454590685,0.0
12316,1.0,0.05,0.00013237978387242974,0.0,0.006587950155369539,0.09056927454590685,0.0
12317,1.0,0.05,0.00013237978387242974,0.0,0.006264644624548982,0.09056927454590685,0.0
12318,1.0,0.05,0.00013237978387242974,0.0,0.006443311441326292,0.09056927454590685,0.0
12319,1.0,0.05,0.00013567018864074946,0.0,0.006443311441326292,0.13309270265872836,0.0
12320,1.0,0.05,0.00013567018864074946,0.0,0.005431939087676852,0.059208261663842576,0.0
12321,1.0,0.05,0.00013567018864074946,0.0,0.005431939087676852,0.15229322984356894,0.0
12322,1.0,0.05,0.00013567018864074946,0.0,0.005431939087676852,0.12191746060083009,0.0
12323,1.0,0.05,0.00013567018864074946,0.0,0.005431939087676852,0.09198467537417217,0.0
12324,1.0,0.05,0.00013567018864074946,0.0,0.005431939087676852,0.059137227396128214,0.0
12325,1.0,0.05,0.00013567018864074946,0.0,0.005431939087676852,0.059137227396128214,0.0
12326,1.0,0.05,0.00013567018864074946,0.0,0.005431939087676852,0.028396298049894932,0.0
12327,1.0,0.05,0.00013567018864074946,0.0,0.007250150172377499,0.07362749334959076,0.0
12328,1.0,0.05,0.00013567018864074946,0.0,0.00653181475599643,0.029598244578121404,0.0
12329,1.0,0.05,0.00013567018864074946,0.0,0.0055180581073326586,0.04284940946192645,0.0
12330,1.0,0.05,0.00013567018864074946,0.0,0.0055180581073326586,0.0950882859388799,0.0
12331,1.0,0.05,0.00013567018864074946,0.0,0.0055180581073326586,0.059354885187528725,0.0
12332,1.0,0.05,0.00013567018864074946,0.0,0.006168997621170316,0.03321415334105122,0.0
12333,1.0,0.05,0.00013567018864074946,0.0,0.005885665555670218,0.03980623034972105,0.0
12334,1.0,0.05,0.00013567018864074946,0.0,0.005885665555670218,0.02625018036085703,0.0
12335,1.0,0.05,0.00013567018864074946,0.0,0.005885665555670218,0.0276565085651101,0.0
12336,1.0,0.05,0.00013567018864074946,0.0,0.005885665555670218,0.030220914458198894,0.0
12337,1.0,0.05,0.00013567018864074946,0.0,0.005885665555670218,0.030220914458198894,0.0
12338,1.0,0.05,0.00013567018864074946,0.0,0.005885665555670218,0.017299113108033122,0.0
12339,1.0,0.05,0.00013567018864074946,0.0,0.006139400290628764,0.029953514870992203,0.0
12340,1.0,0.05,0.00013567018864074946,0.0,0.006139400290628764,0.11254477634173461,0.0
12341,1.0,0.05,0.0001325051046348372,0.0,0.006466842061848185,0.11254477634173461,0.0
12342,1.0,0.05,0.0001325051046348372,0.0,0.006466842061848185,0.08666339549153966,0.0
12343,1.0,0.05,0.0001325051046348372,0.0,0.005453109646224996,0.08666339549153966,0.0
12344,1.0,0.05,0.0001325051046348372,0.0,0.005453109646224996,0.044271335771012305,0.0
12345,1.0,0.05,0.0001325051046348372,0.0,0.005453109646224996,0.09846046365582671,0.0
12346,1.0,0.05,0.0001325051046348372,0.0,0.005453109646224996,0.10240793898402034,0.0
12347,1.0,0.05,0.0001325051046348372,0.0,0.00780531378723106,0.09648907339657369,0.0
12348,1.0,0.05,0.0001325051046348372,0.0,0.00780531378723106,0.09648907339657369,0.0
12349,1.0,0.05,0.0001325051046348372,0.0,0.005160452373013984,0.09648907339657369,0.0
12350,1.0,0.05,0.0001325051046348372,0.0,0.005160452373013984,0.11273876974813551,0.0
12351,1.0,0.05,0.0001325051046348372,0.0,0.0074471567290275665,0.11273876974813551,0.0
12352,1.0,0.05,0.0001325051046348372,0.0,0.0074471567290275665,0.11273876974813551,0.0
12353,1.0,0.05,0.0001325051046348372,0.0,0.0074471567290275665,0.11273876974813551,0.0
12354,1.0,0.05,0.0001325051046348372,0.0,0.007082627016340104,0.06723175872870533,0.0
12355,1.0,0.05,0.0001325051046348372,0.0,0.007082627016340104,0.055776177450519306,0.0
12356,1.0,0.05,0.0001325051046348372,0.0,0.007082627016340104,0.055776177450519306,0.0
12357,1.0,0.05,0.0001325051046348372,0.0,0.007082627016340104,0.055776177450519306,0.0
12358,1.0,0.05,0.0001325051046348372,0.0,0.007082627016340104,0.0932624539533553,0.0
12359,1.0,0.05,0.00012634793366559285,0.0,0.007082627016340104,0.0932624539533553,0.0
12360,1.0,0.05,0.00012634793366559285,0.0,0.007082627016340104,0.0932624539533553,0.0
12361,1.0,0.05,0.00012634793366559285,0.0,0.007082627016340104,0.0932624539533553,0.0
12362,1.0,0.05,0.00012634793366559285,0.0,0.007082627016340104,0.06131621280229101,0.0
12363,1.0,0.05,0.00012634793366559285,0.0,0.007082627016340104,0.06131621280229101,0.0
12364,1.0,0.05,0.00012634793366559285,0.0,0.007014694952138238,0.0852798256298594,0.0
12365,1.0,0.05,0.00012634793366559285,0.0,0.007014694952138238,0.0852798256298594,0.0
12366,1.0,0.05,0.00012634793366559285,0.0,0.007014694952138238,0.11391653436208687,0.0
12367,1.0,0.05,0.00012634793366559285,0.0,0.007014694952138238,0.11391653436208687,0.0
12368,1.0,0.05,0.00012634793366559285,0.0,0.007142503739579195,0.11391653436208687,0.0
12369,1.0,0.05,0.00012634793366559285,0.0,0.006306818642010483,0.09333149855119958,0.0
12370,1.0,0.05,0.00012634793366559285,0.0,0.006306818642010483,0.09333149855119958,0.0
12371,1.0,0.05,0.00012634793366559285,0.0,0.006306818642010483,0.09333149855119958,0.0
12372,1.0,0.05,0.00012634793366559285,0.0,0.006306818642010483,0.12366198389917601,0.0
12373,1.0,0.05,0.00012634793366559285,0.0,0.00907974933391497,0.12366198389917601,0.0
12374,1.0,0.05,0.00012634793366559285,0.0,0.00808458106349259,0.12366198389917601,0.0
12375,1.0,0.05,0.00012023226589934708,0.0,0.00808458106349259,0.09880203021088435,0.0
12376,1.0,0.05,0.00012023226589934708,0.0,0.00808458106349259,0.11894082637835755,0.0
12377,1.0,0.05,0.00012023226589934708,0.0,0.005655650852328639,0.03505723014657625,0.0
12378,1.0,0.05,0.00012023226589934708,0.0,0.005655650852328639,0.03505723014657625,0.0
12379,1.0,0.05,0.00012023226589934708,0.0,0.005655650852328639,0.03505723014657625,0.0
12380,1.0,0.05,0.00013461186263227808,0.0,0.005655650852328639,0.1420447124764526,0.0
12381,1.0,0.05,0.00013461186263227808,0.0,0.005655650852328639,0.1420447124764526,0.0
12382,1.0,0.05,0.00013461186263227808,0.0,0.005655650852328639,0.058603682894764544,0.0
12383,1.0,0.05,0.00013461186263227808,0.0,0.005655650852328639,0.058603682894764544,0.0
12384,1.0,0.05,0.00013461186263227808,0.0,0.005655650852328639,0.07863755543954123,0.0
12385,1.0,0.05,0.00013461186263227808,0.0,0.005655650852328639,0.061633426739773414,0.0
12386,1.0,0.05,0.00013461186263227808,0.0,0.005655650852328639,0.061633426739773414,0.0
12387,1.0,0.05,0.00013461186263227808,0.0,0.005655650852328639,0.07704251968494455,0.0
12388,1.0,0.05,0.00013461186263227808,0.0,0.005655650852328639,0.07704251968494455,0.0
12389,1.0,0.05,0.00013461186263227808,0.0,0.005655650852328639,0.05742277867291033,0.0
12390,1.0,0.05,0.00013461186263227808,0.0,0.005655650852328639,0.05742277867291033,0.0
12391,1.0,0.05,0.00013461186263227808,0.0,0.006076419127288562,0.05742277867291033,0.0
12392,1.0,0.05,0.00013461186263227808,0.0,0.006076419127288562,0.0938391604532548,0.0
12393,1.0,0.05,0.00013461186263227808,0.0,0.006076419127288562,0.0938391604532548,0.0
12394,1.0,0.05,0.00013461186263227808,0.0,0.006076419127288562,0.0938391604532548,0.0
12395,1.0,0.05,0.00013461186263227808,0.0,0.006076419127288562,0.0969140432634236,0.0
12396,1.0,0.05,0.00013461186263227808,0.0,0.006076419127288562,0.1220954140206448,0.0
12397,1.0,0.05,0.00013461186263227808,0.0,0.006076419127288562,0.04211560440677067,0.0
12398,1.0,0.05,0.00013461186263227808,0.0,0.006076419127288562,0.027173842292189505,0.0
12399,1.0,0.05,0.00013461186263227808,0.0,0.006076419127288562,0.13714494780220812,0.0
12400,1.0,0.05,0.00013461186263227808,0.0,0.006076419127288562,0.12766525447361643,0.0
12401,1.0,0.05,0.00013461186263227808,0.0,0.006076419127288562,0.12766525447361643,0.0
12402,1.0,0.05,0.00013461186263227808,0.0,0.006076419127288562,0.12766525447361643,0.0
12403,1.0,0.05,0.0001438656451959802,0.0,0.006076419127288562,0.019565694351763044,0.0
12404,1.0,0.05,0.0001438656451959802,0.0,0.006076419127288562,0.019565694351763044,0.0
12405,1.0,0.05,0.00013416319944179614,0.0,0.006076419127288562,0.019565694351763044,0.0
12406,1.0,0.05,0.00013416319944179614,0.0,0.006076419127288562,0.07424749292591817,0.0
12407,1.0,0.05,0.00013416319944179614,0.0,0.006076419127288562,0.06456682272040602,0.0
12408,1.0,0.05,0.00013416319944179614,0.0,0.006076419127288562,0.05311402990884149,0.0
12409,1.0,0.05,0.00013416319944179614,0.0,0.006076419127288562,0.08916553942063044,0.0
12410,1.0,0.05,0.00013416319944179614,0.0,0.006076419127288562,0.08916553942063044,0.0
12411,1.0,0.05,0.00013416319944179614,0.0,0.006076419127288562,0.08916553942063044,0.0
12412,1.0,0.05,0.00013416319944179614,0.0,0.006076419127288562,0.06393712744344117,0.0
12413,1.0,0.05,0.00013416319944179614,0.0,0.006076419127288562,0.06273243468069137,0.0
12414,1.0,0.05,0.00013416319944179614,0.0,0.006076419127288562,0.08460786737608904,0.0
12415,1.0,0.05,0.00013416319944179614,0.0,0.006076419127288562,0.07947970457529793,0.0
12416,1.0,0.05,0.00013416319944179614,0.0,0.006076419127288562,0.03649685363779567,0.0
12417,1.0,0.05,0.00013416319944179614,0.0,0.006076419127288562,0.027141163660199384,0.0
12418,1.0,0.05,0.00013416319944179614,0.0,0.006076419127288562,0.036255601673475656,0.0
12419,1.0,0.05,0.00013416319944179614,0.0,0.006076419127288562,0.041676130607044365,0.0
12420,1.0,0.05,0.00013416319944179614,0.0,0.006076419127288562,0.05532874213418557,0.0
12421,1.0,0.05,0.00013416319944179614,0.0,0.006076419127288562,0.05532874213418557,0.0
12422,1.0,0.05,0.00013416319944179614,0.0,0.006076419127288562,0.05532874213418557,0.0
12423,1.0,0.05,0.00013416319944179614,0.0,0.006076419127288562,0.054068635448987046,0.0
12424,1.0,0.05,0.00013416319944179614,0.0,0.006076419127288562,0.054068635448987046,0.0
12425,1.0,0.05,0.00014109890741940685,0.0,0.006076419127288562,0.054068635448987046,0.0
12426,1.0,0.05,0.00014109890741940685,0.0,0.006076419127288562,0.054068635448987046,0.0
12427,1.0,0.05,0.00013772407658547517,0.0,0.006285724715866413,0.054068635448987046,0.0
12428,1.0,0.05,0.00013524921839410227,0.0,0.006285724715866413,0.04850560988144263,0.0
12429,1.0,0.05,0.00013524921839410227,0.0,0.006285724715866413,0.04850560988144263,0.0
12430,1.0,0.05,0.00013524921839410227,0.0,0.006285724715866413,0.04850560988144263,0.0
12431,1.0,0.05,0.00013524921839410227,0.0,0.006285724715866413,0.039910642942425294,0.0
12432,1.0,0.05,0.00013543253991537912,0.0,0.006285724715866413,0.039910642942425294,0.0
12433,1.0,0.05,0.00013543253991537912,0.0,0.006285724715866413,0.039910642942425294,0.0
12434,1.0,0.05,0.00013543253991537912,0.0,0.005787907932404301,0.039910642942425294,0.0
12435,1.0,0.05,0.00013543253991537912,0.0,0.005787907932404301,0.039910642942425294,0.0
12436,1.0,0.05,0.00013543253991537912,0.0,0.005787907932404301,0.039910642942425294,0.0
12437,1.0,0.05,0.00014399935474257005,0.0,0.005787907932404301,0.039910642942425294,0.0
12438,1.0,0.05,0.00014399935474257005,0.0,0.0054064938198942845,0.05225880048116541,0.0
12439,1.0,0.05,0.00014399935474257005,0.0,0.0054064938198942845,0.05225880048116541,0.0
12440,1.0,0.05,0.000141907705553134,0.0,0.0054064938198942845,0.05225880048116541,0.0
12441,1.0,0.05,0.000141907705553134,0.0,0.0054064938198942845,0.051149854200158315,0.0
12442,1.0,0.05,0.0001295020195896342,0.0,0.0054064938198942845,0.05826638617616029,0.0
12443,1.0,0.05,0.0001295020195896342,0.0,0.0054064938198942845,0.05826638617616029,0.0
12444,1.0,0.05,0.0001295020195896342,0.0,0.006601583085379358,0.09021429774653716,0.0
12445,1.0,0.05,0.0001295020195896342,0.0,0.006601583085379358,0.09021429774653716,0.0
12446,1.0,0.05,0.00012051972981113443,0.0,0.006601583085379358,0.11450273531608123,0.0
12447,1.0,0.05,0.00012051972981113443,0.0,0.006601583085379358,0.11450273531608123,0.0
12448,1.0,0.05,0.00012051972981113443,0.0,0.006601583085379358,0.09780630537502225,0.0
12449,1.0,0.05,0.00012051972981113443,0.0,0.006070330924279901,0.09646337543732275,0.0
12450,1.0,0.05,0.00012051972981113443,0.0,0.006070330924279901,0.08340225527263136,0.0
12451,1.0,0.05,0.00012051972981113443,0.0,0.00902989852442947,0.08340225527263136,0.0
12452,1.0,0.05,0.00012051972981113443,0.0,0.00902989852442947,0.13512729666374945,0.0
12453,1.0,0.05,0.00012051972981113443,0.0,0.007722085516065996,0.20654913934178426,0.0
12454,1.0,0.05,0.00012051972981113443,0.0,0.007722085516065996,0.09891762969040935,0.0
12455,1.0,0.05,0.00012051972981113443,0.0,0.007722085516065996,0.09891762969040935,0.0
12456,1.0,0.05,0.00012051972981113443,0.0,0.007722085516065996,0.09891762969040935,0.0
12457,1.0,0.05,0.00012051972981113443,0.0,0.007722085516065996,0.09891762969040935,0.0
12458,1.0,0.05,0.00012051972981113443,0.0,0.007722085516065996,0.09891762969040935,0.0
12459,1.0,0.05,0.00012051972981113443,0.0,0.007722085516065996,0.09891762969040935,0.0
12460,1.0,0.05,0.00013244671920154824,0.0,0.007378532374127275,0.07367074310277429,0.0
12461,1.0,0.05,0.00013244671920154824,0.0,0.007378532374127275,0.07367074310277429,0.0
12462,1.0,0.05,0.00013244671920154824,0.0,0.007378532374127275,0.07367074310277429,0.0
12463,1.0,0.05,0.00013236523815707366,0.0,0.007378532374127275,0.07367074310277429,0.0
12464,1.0,0.05,0.00013236523815707366,0.0,0.005581585977851826,0.07367074310277429,0.0
12465,1.0,0.05,0.00013236523815707366,0.0,0.005581585977851826,0.042941274730549955,0.0
12466,1.0,0.05,0.00013236523815707366,0.0,0.005581585977851826,0.051616027063767674,0.0
12467,1.0,0.05,0.00013236523815707366,0.0,0.005581585977851826,0.02034796595093593,0.0
12468,1.0,0.05,0.0001393658692705307,0.0,0.005581585977851826,0.029645501754857688,0.0
12469,1.0,0.05,0.0001393658692705307,0.0,0.005889535147874029,0.0211620380827783,0.0
12470,1.0,0.05,0.0001393658692705307,0.0,0.005889535147874029,0.03311802896446689,0.0
12471,1.0,0.05,0.0001393658692705307,0.0,0.005889535147874029,0.03311802896446689,0.0
12472,1.0,0.05,0.0001393658692705307,0.0,0.005889535147874029,0.04488568847721172,0.0
12473,1.0,0.05,0.0001393658692705307,0.0,0.005889535147874029,0.04488568847721172,0.0
12474,1.0,0.05,0.0001393658692705307,0.0,0.005889535147874029,0.05959342671678941,0.0
12475,1.0,0.05,0.0001393658692705307,0.0,0.005889535147874029,0.024646549279168734,0.0
12476,1.0,0.05,0.0001393658692705307,0.0,0.005889535147874029,0.05580023143668456,0.0
12477,1.0,0.05,0.0001393658692705307,0.0,0.005889535147874029,0.05580023143668456,0.0
12478,1.0,0.05,0.0001393658692705307,0.0,0.005889535147874029,0.05580023143668456,0.0
12479,1.0,0.05,0.0001393658692705307,0.0,0.005889535147874029,0.05580023143668456,0.0
12480,1.0,0.05,0.0001393658692705307,0.0,0.005889535147874029,0.05580023143668456,0.0
12481,1.0,0.05,0.0001393658692705307,0.0,0.005889535147874029,0.05580023143668456,0.0
12482,1.0,0.05,0.0001393658692705307,0.0,0.005889535147874029,0.05580023143668456,0.0
12483,1.0,0.05,0.0001393658692705307,0.0,0.005889535147874029,0.05580023143668456,0.0
12484,1.0,0.05,0.0001393658692705307,0.0,0.005889535147874029,0.05580023143668456,0.0
12485,1.0,0.05,0.0001393658692705307,0.0,0.005889535147874029,0.03544230895999156,0.0
12486,1.0,0.05,0.0001393658692705307,0.0,0.005889535147874029,0.03544230895999156,0.0
12487,1.0,0.05,0.0001393658692705307,0.0,0.005889535147874029,0.03544230895999156,0.0
12488,1.0,0.05,0.0001393658692705307,0.0,0.005889535147874029,0.09884653617788029,0.0
12489,1.0,0.05,0.0001393658692705307,0.0,0.005705101013880959,0.09884653617788029,0.0
12490,1.0,0.05,0.0001393658692705307,0.0,0.005705101013880959,0.09884653617788029,0.0
12491,1.0,0.05,0.0001393658692705307,0.0,0.005705101013880959,0.09884653617788029,0.0
12492,1.0,0.05,0.0001393658692705307,0.0,0.005705101013880959,0.0640170174892685,0.0
12493,1.0,0.05,0.0001393658692705307,0.0,0.005705101013880959,0.0640170174892685,0.0
12494,1.0,0.05,0.0001393658692705307,0.0,0.005705101013880959,0.08664147448672027,0.0
12495,1.0,0.05,0.0001337683902712527,0.0,0.005705101013880959,0.08664147448672027,0.0
12496,1.0,0.05,0.0001337683902712527,0.0,0.005705101013880959,0.08664147448672027,0.0
12497,1.0,0.05,0.0001337683902712527,0.0,0.005705101013880959,0.06686476754730777,0.0
12498,1.0,0.05,0.0001398549162459385,0.0,0.005983302251273002,0.06686476754730777,0.0
12499,1.0,0.05,0.0001398549162459385,0.0,0.005983302251273002,0.06686476754730777,0.0
12500,1.0,0.05,0.0001398549162459385,0.0,0.005983302251273002,0.06686476754730777,0.0
12501,1.0,0.05,0.0001398549162459385,0.0,0.005983302251273002,0.06686476754730777,0.0
12502,1.0,0.05,0.0001398549162459385,0.0,0.005555553446053556,0.03752618331683622,0.0
12503,1.0,0.05,0.00013511872023283956,0.0,0.005555553446053556,0.06897728904925163,0.0
12504,1.0,0.05,0.00013511872023283956,0.0,0.005555553446053556,0.06897728904925163,0.0
12505,1.0,0.05,0.00013511872023283956,0.0,0.005555553446053556,0.06897728904925163,0.0
12506,1.0,0.05,0.00013511872023283956,0.0,0.005555553446053556,0.06897728904925163,0.0
12507,1.0,0.05,0.00013511872023283956,0.0,0.005555553446053556,0.06897728904925163,0.0
12508,1.0,0.05,0.00013511872023283956,0.0,0.005555553446053556,0.0561750892340242,0.0
12509,1.0,0.05,0.00013511872023283956,0.0,0.005555553446053556,0.061920908905696334,0.0
12510,1.0,0.05,0.00013511872023283956,0.0,0.005555553446053556,0.061920908905696334,0.0
12511,1.0,0.05,0.00013511872023283956,0.0,0.0059801383203719385,0.061920908905696334,0.0
12512,1.0,0.05,0.00013511872023283956,0.0,0.0059801383203719385,0.061920908905696334,0.0
12513,1.0,0.05,0.00013511872023283956,0.0,0.0059801383203719385,0.07740267729311702,0.0
12514,1.0,0.05,0.00013511872023283956,0.0,0.006002992696399148,0.0510128905663188,0.0
12515,1.0,0.05,0.00013511872023283956,0.0,0.006002992696399148,0.0510128905663188,0.0
12516,1.0,0.05,0.00013511872023283956,0.0,0.006002992696399148,0.0510128905663188,0.0
12517,1.0,0.05,0.00013511872023283956,0.0,0.006002992696399148,0.0510128905663188,0.0
12518,1.0,0.05,0.00013511872023283956,0.0,0.006002992696399148,0.0510128905663188,0.0
12519,1.0,0.05,0.00013511872023283956,0.0,0.006002992696399148,0.0510128905663188,0.0
12520,1.0,0.05,0.00013511872023283956,0.0,0.006002992696399148,0.025639620127939237,0.0
12521,1.0,0.05,0.00013511872023283956,0.0,0.0059409434477769455,0.025639620127939237,0.0
12522,1.0,0.05,0.00013511872023283956,0.0,0.0059409434477769455,0.025639620127939237,0.0
12523,1.0,0.05,0.00013511872023283956,0.0,0.0059409434477769455,0.023844013044000585,0.0
12524,1.0,0.05,0.00013511872023283956,0.0,0.0059409434477769455,0.023844013044000585,0.0
12525,1.0,0.05,0.00013511872023283956,0.0,0.0059409434477769455,0.03310133759708182,0.0
12526,1.0,0.05,0.00013511872023283956,0.0,0.005585665851679378,0.029133856692160537,0.0
12527,1.0,0.05,0.00013511872023283956,0.0,0.005585665851679378,0.029133856692160537,0.0
12528,1.0,0.05,0.00013511872023283956,0.0,0.005901933606686514,0.030927649185675227,0.0
12529,1.0,0.05,0.00013511872023283956,0.0,0.005901933606686514,0.06573628559323327,0.0
12530,1.0,0.05,0.00013511872023283956,0.0,0.005901933606686514,0.08661223690345282,0.0
12531,1.0,0.05,0.00013511872023283956,0.0,0.005901933606686514,0.08661223690345282,0.0
12532,1.0,0.05,0.00013511872023283956,0.0,0.005901933606686514,0.06331676263767821,0.0
12533,1.0,0.05,0.00013511872023283956,0.0,0.006125746970888663,0.10871681609366045,0.0
12534,1.0,0.05,0.00013511872023283956,0.0,0.006125746970888663,0.03431443702103724,0.0
12535,1.0,0.05,0.00013511872023283956,0.0,0.006222302450182223,0.04108076580340393,0.0
12536,1.0,0.05,0.00013511872023283956,0.0,0.006222302450182223,0.04108076580340393,0.0
12537,1.0,0.05,0.00013511872023283956,0.0,0.006222302450182223,0.04282883715295982,0.0
12538,1.0,0.05,0.00013511872023283956,0.0,0.0066296457385277745,0.01854245915088377,0.0
12539,1.0,0.05,0.00013511872023283956,0.0,0.0066296457385277745,0.018308125558504775,0.0
12540,1.0,0.05,0.00013511872023283956,0.0,0.0066296457385277745,0.016706930046452555,0.0
12541,1.0,0.05,0.00013511872023283956,0.0,0.00455198812217185,0.016706930046452555,0.0
12542,1.0,0.05,0.00013511872023283956,0.0,0.00455198812217185,0.012137005858391774,0.0
12543,1.0,0.05,0.00013511872023283956,0.0,0.004926652150956481,0.012137005858391774,0.0
12544,1.0,0.05,0.00013511872023283956,0.0,0.004926652150956481,0.008675582080183876,0.0
12545,1.0,0.05,0.00013511872023283956,0.0,0.005516962240606,0.013674348632819256,0.0
12546,1.0,0.05,0.00013511872023283956,0.0,0.005516962240606,0.010002174505188125,0.0
12547,1.0,0.05,0.00013511872023283956,0.0,0.005516962240606,0.02748779188911825,0.0
12548,1.0,0.05,0.00013538542434000573,0.0,0.005516962240606,0.05704945590546253,0.0
12549,1.0,0.05,0.00013538542434000573,0.0,0.005516962240606,0.05704945590546253,0.0
12550,1.0,0.05,0.00013538542434000573,0.0,0.005423819061814403,0.05704945590546253,0.0
12551,1.0,0.05,0.00013538542434000573,0.0,0.005423819061814403,0.05704945590546253,0.0
12552,1.0,0.05,0.00013538542434000573,0.0,0.005423819061814403,0.05704945590546253,0.0
12553,1.0,0.05,0.00013538542434000573,0.0,0.005423819061814403,0.05704945590546253,0.0
12554,1.0,0.05,0.00013538542434000573,0.0,0.005423819061814403,0.05704945590546253,0.0
12555,1.0,0.05,0.00013538542434000573,0.0,0.005423819061814403,0.05704945590546253,0.0
12556,1.0,0.05,0.00014054176465456823,0.0,0.005423819061814403,0.05704945590546253,0.0
12557,1.0,0.05,0.00014054176465456823,0.0,0.005423819061814403,0.05704945590546253,0.0
12558,1.0,0.05,0.00014054176465456823,0.0,0.005423819061814403,0.05704945590546253,0.0
12559,1.0,0.05,0.00014054176465456823,0.0,0.005423819061814403,0.08968271261878802,0.0
12560,1.0,0.05,0.00014054176465456823,0.0,0.005423819061814403,0.052267284781336236,0.0
12561,1.0,0.05,0.00014054176465456823,0.0,0.005423819061814403,0.10025214932224213,0.0
12562,1.0,0.05,0.00014054176465456823,0.0,0.005423819061814403,0.04717363692526054,0.0
12563,1.0,0.05,0.00014054176465456823,0.0,0.005423819061814403,0.0884691944566123,0.0
12564,1.0,0.05,0.00014054176465456823,0.0,0.005423819061814403,0.0884691944566123,0.0
12565,1.0,0.05,0.00014054176465456823,0.0,0.005423819061814403,0.08221133450820095,0.0
12566,1.0,0.05,0.00014054176465456823,0.0,0.005423819061814403,0.08221133450820095,0.0
12567,1.0,0.05,0.00014054176465456823,0.0,0.005423819061814403,0.08221133450820095,0.0
12568,1.0,0.05,0.00014054176465456823,0.0,0.005902812256166036,0.08221133450820095,0.0
12569,1.0,0.05,0.00014054176465456823,0.0,0.005902812256166036,0.08221133450820095,0.0
12570,1.0,0.05,0.00014054176465456823,0.0,0.005902812256166036,0.06684072015982526,0.0
12571,1.0,0.05,0.00014277298615839328,0.0,0.005902812256166036,0.06684072015982526,0.0
12572,1.0,0.05,0.00014277298615839328,0.0,0.005986275613338428,0.06684072015982526,0.0
12573,1.0,0.05,0.00012762589095451752,0.0,0.005986275613338428,0.06684072015982526,0.0
12574,1.0,0.05,0.00012762589095451752,0.0,0.005986275613338428,0.06684072015982526,0.0
12575,1.0,0.05,0.00012762589095451752,0.0,0.005986275613338428,0.06684072015982526,0.0
12576,1.0,0.05,0.00012762589095451752,0.0,0.005986275613338428,0.07000766085677756,0.0
12577,1.0,0.05,0.00012762589095451752,0.0,0.005986275613338428,0.06404832702011586,0.0
12578,1.0,0.05,0.00012762589095451752,0.0,0.005986275613338428,0.06404832702011586,0.0
12579,1.0,0.05,0.00012762589095451752,0.0,0.005602628982990946,0.06404832702011586,0.0
12580,1.0,0.05,0.00012762589095451752,0.0,0.00745413900621723,0.06404832702011586,0.0
12581,1.0,0.05,0.00012762589095451752,0.0,0.00745413900621723,0.06404832702011586,0.0
12582,1.0,0.05,0.00012762589095451752,0.0,0.00745413900621723,0.06329830799663183,0.0
12583,1.0,0.05,0.00012762589095451752,0.0,0.00745413900621723,0.04999220311020531,0.0
12584,1.0,0.05,0.00012762589095451752,0.0,0.00745413900621723,0.04999220311020531,0.0
12585,1.0,0.05,0.00012762589095451752,0.0,0.00745413900621723,0.10394962720239957,0.0
12586,1.0,0.05,0.00012762589095451752,0.0,0.00745413900621723,0.10394962720239957,0.0
12587,1.0,0.05,0.00012762589095451752,0.0,0.00745413900621723,0.10402885158478017,0.0
12588,1.0,0.05,0.00012762589095451752,0.0,0.00745413900621723,0.06682114597315832,0.0
12589,1.0,0.05,0.00012762589095451752,0.0,0.00745413900621723,0.11227173879456251,0.0
12590,1.0,0.05,0.00012762589095451752,0.0,0.00745413900621723,0.11227173879456251,0.0
12591,1.0,0.05,0.00012762589095451752,0.0,0.006099704768333443,0.11227173879456251,0.0
12592,1.0,0.05,0.00012762589095451752,0.0,0.006099704768333443,0.11227173879456251,0.0
12593,1.0,0.05,0.00012901736020356092,0.0,0.006099704768333443,0.07307499166478615,0.0
12594,1.0,0.05,0.00012901736020356092,0.0,0.006099704768333443,0.07307499166478615,0.0
12595,1.0,0.05,0.00012901736020356092,0.0,0.006099704768333443,0.07307499166478615,0.0
12596,1.0,0.05,0.00012901736020356092,0.0,0.006099704768333443,0.07307499166478615,0.0
12597,1.0,0.05,0.00012901736020356092,0.0,0.006099704768333443,0.07307499166478615,0.0
12598,1.0,0.05,0.00013440491375751336,0.0,0.006099704768333443,0.03733648529140395,0.0
12599,1.0,0.05,0.00013440491375751336,0.0,0.006077758222397635,0.03934105307222887,0.0
12600,1.0,0.05,0.00013440491375751336,0.0,0.006077758222397635,0.03934105307222887,0.0
12601,1.0,0.05,0.00013440491375751336,0.0,0.0062355719138529895,0.03934105307222887,0.0
12602,1.0,0.05,0.00013440491375751336,0.0,0.0062355719138529895,0.06835362918547175,0.0
12603,1.0,0.05,0.00013440491375751336,0.0,0.0062355719138529895,0.06835362918547175,0.0
12604,1.0,0.05,0.00012774146985527094,0.0,0.0062355719138529895,0.06835362918547175,0.0
12605,1.0,0.05,0.00012774146985527094,0.0,0.0062355719138529895,0.06835362918547175,0.0
12606,1.0,0.05,0.00012549226414251604,0.0,0.007091366691581971,0.06835362918547175,0.0
12607,1.0,0.05,0.00012549226414251604,0.0,0.007091366691581971,0.06835362918547175,0.0
12608,1.0,0.05,0.00012549226414251604,0.0,0.007091366691581971,0.06835362918547175,0.0
12609,1.0,0.05,0.00012549226414251604,0.0,0.007091366691581971,0.12741068619390472,0.0
12610,1.0,0.05,0.00012549226414251604,0.0,0.005675821526826903,0.12438070892849307,0.0
12611,1.0,0.05,0.00012549226414251604,0.0,0.007795248799067581,0.06396029025867304,0.0
12612,1.0,0.05,0.00012549226414251604,0.0,0.009695743753474591,0.06396029025867304,0.0
12613,1.0,0.05,0.00012549226414251604,0.0,0.009695743753474591,0.06396029025867304,0.0
12614,1.0,0.05,0.00012549226414251604,0.0,0.009902390785479085,0.08273385840864278,0.0
12615,1.0,0.05,0.00012549226414251604,0.0,0.006143382574039789,0.1365167482971406,0.0
12616,1.0,0.05,0.00012549226414251604,0.0,0.00553407737228122,0.1365167482971406,0.0
12617,1.0,0.05,0.00012549226414251604,0.0,0.006319878221124389,0.04828413663853265,0.0
12618,1.0,0.05,0.00012549226414251604,0.0,0.006319878221124389,0.04828413663853265,0.0
12619,1.0,0.05,0.00012549226414251604,0.0,0.006319878221124389,0.04828413663853265,0.0
12620,1.0,0.05,0.00012549226414251604,0.0,0.005828808387610934,0.04828413663853265,0.0
12621,1.0,0.05,0.00012549226414251604,0.0,0.005828808387610934,0.04828413663853265,0.0
12622,1.0,0.05,0.00012549226414251604,0.0,0.006623530006785118,0.03508910970220453,0.0
12623,1.0,0.05,0.00012549226414251604,0.0,0.006623530006785118,0.03508910970220453,0.0
12624,1.0,0.05,0.00012549226414251604,0.0,0.006623530006785118,0.05568761740945426,0.0
12625,1.0,0.05,0.0001346838721826307,0.0,0.006623530006785118,0.08684810630195368,0.0
12626,1.0,0.05,0.0001346838721826307,0.0,0.006623530006785118,0.08684810630195368,0.0
12627,1.0,0.05,0.0001346838721826307,0.0,0.0058303003431543765,0.07881399838818588,0.0
12628,1.0,0.05,0.0001346838721826307,0.0,0.0058303003431543765,0.05794449773821455,0.0
12629,1.0,0.05,0.0001346838721826307,0.0,0.0058303003431543765,0.06633790103865103,0.0
12630,1.0,0.05,0.0001346838721826307,0.0,0.0058303003431543765,0.06633790103865103,0.0
12631,1.0,0.05,0.0001346838721826307,0.0,0.0058303003431543765,0.06633790103865103,0.0
12632,1.0,0.05,0.0001346838721826307,0.0,0.0058303003431543765,0.06633790103865103,0.0
12633,1.0,0.05,0.00013580848571602994,0.0,0.0058303003431543765,0.054495351801703215,0.0
12634,1.0,0.05,0.00013580848571602994,0.0,0.0058303003431543765,0.05967794221955002,0.0
12635,1.0,0.05,0.00013580848571602994,0.0,0.005898272062931075,0.05967794221955002,0.0
12636,1.0,0.05,0.00013580848571602994,0.0,0.005898272062931075,0.05967794221955002,0.0
12637,1.0,0.05,0.00013580848571602994,0.0,0.005898272062931075,0.05967794221955002,0.0
12638,1.0,0.05,0.00013580848571602994,0.0,0.005673265557856911,0.05967794221955002,0.0
12639,1.0,0.05,0.00013580848571602994,0.0,0.005673265557856911,0.05967794221955002,0.0
12640,1.0,0.05,0.00013580848571602994,0.0,0.005673265557856911,0.05967794221955002,0.0
12641,1.0,0.05,0.00013580848571602994,0.0,0.005673265557856911,0.05967794221955002,0.0
12642,1.0,0.05,0.00013580848571602994,0.0,0.005673265557856911,0.05967794221955002,0.0
12643,1.0,0.05,0.00013580848571602994,0.0,0.005673265557856911,0.05967794221955002,0.0
12644,1.0,0.05,0.00013584497699270864,0.0,0.005673265557856911,0.05555856577096196,0.0
12645,1.0,0.05,0.00013584497699270864,0.0,0.005673265557856911,0.05555856577096196,0.0
12646,1.0,0.05,0.00013584497699270864,0.0,0.005673265557856911,0.05555856577096196,0.0
12647,1.0,0.05,0.00013584497699270864,0.0,0.005673265557856911,0.05555856577096196,0.0
12648,1.0,0.05,0.00013055786203043667,0.0,0.005673265557856911,0.05555856577096196,0.0
12649,1.0,0.05,0.00013055786203043667,0.0,0.005673265557856911,0.05642808820919256,0.0
12650,1.0,0.05,0.00013055786203043667,0.0,0.0059126537394874334,0.05642808820919256,0.0
12651,1.0,0.05,0.00013055786203043667,0.0,0.0059126537394874334,0.05642808820919256,0.0
12652,1.0,0.05,0.00013055786203043667,0.0,0.0059126537394874334,0.10065704082040156,0.0
12653,1.0,0.05,0.00013055786203043667,0.0,0.0059126537394874334,0.07331680504036539,0.0
12654,1.0,0.05,0.00013055786203043667,0.0,0.006289124509864174,0.07331680504036539,0.0
12655,1.0,0.05,0.00013055786203043667,0.0,0.006289124509864174,0.07331680504036539,0.0
12656,1.0,0.05,0.00013055786203043667,0.0,0.005634465550220802,0.03858174653490534,0.0
12657,1.0,0.05,0.00013055786203043667,0.0,0.005634465550220802,0.07234089568314227,0.0
12658,1.0,0.05,0.00013055786203043667,0.0,0.006083994474078776,0.07234089568314227,0.0
12659,1.0,0.05,0.00013055786203043667,0.0,0.006083994474078776,0.05124562385354241,0.0
12660,1.0,0.05,0.00014263584461256511,0.0,0.006083994474078776,0.09358261336458944,0.0
12661,1.0,0.05,0.00014263584461256511,0.0,0.006083994474078776,0.03383946170449111,0.0
12662,1.0,0.05,0.00014263584461256511,0.0,0.006083994474078776,0.0430829246148951,0.0
12663,1.0,0.05,0.00014263584461256511,0.0,0.0052380650853869545,0.0430829246148951,0.0
12664,1.0,0.05,0.0001271666494781539,0.0,0.0052380650853869545,0.02614939323006016,0.0
12665,1.0,0.05,0.0001271666494781539,0.0,0.007155395723338468,0.026356871178835787,0.0
12666,1.0,0.05,0.0001271666494781539,0.0,0.007155395723338468,0.026356871178835787,0.0
12667,1.0,0.05,0.0001271666494781539,0.0,0.007155395723338468,0.028035991366232395,0.0
12668,1.0,0.05,0.0001271666494781539,0.0,0.007155395723338468,0.05215308518314718,0.0
12669,1.0,0.05,0.0001271666494781539,0.0,0.007155395723338468,0.05215308518314718,0.0
12670,1.0,0.05,0.00012459191934352713,0.0,0.007155395723338468,0.05215308518314718,0.0
12671,1.0,0.05,0.00012459191934352713,0.0,0.007155395723338468,0.05215308518314718,0.0
12672,1.0,0.05,0.00012459191934352713,0.0,0.006644126158381819,0.06209062084109578,0.0
12673,1.0,0.05,0.00012459191934352713,0.0,0.006644126158381819,0.07335788603375695,0.0
12674,1.0,0.05,0.00012459191934352713,0.0,0.006644126158381819,0.07335788603375695,0.0
12675,1.0,0.05,0.00012459191934352713,0.0,0.007132134985515045,0.04689957169476094,0.0
12676,1.0,0.05,0.00012459191934352713,0.0,0.007144823697075735,0.04689957169476094,0.0
12677,1.0,0.05,0.00012459191934352713,0.0,0.007144823697075735,0.04689957169476094,0.0
12678,1.0,0.05,0.00012459191934352713,0.0,0.0068636314043068955,0.07822312095579965,0.0
12679,1.0,0.05,0.0001249398555907767,0.0,0.0068636314043068955,0.09454321922029407,0.0
12680,1.0,0.05,0.0001249398555907767,0.0,0.007204181247696226,0.09454321922029407,0.0
12681,1.0,0.05,0.0001249398555907767,0.0,0.007204181247696226,0.09454321922029407,0.0
12682,1.0,0.05,0.0001249398555907767,0.0,0.0067799533284234985,0.09454321922029407,0.0
12683,1.0,0.05,0.0001249398555907767,0.0,0.0067799533284234985,0.1108067973746407,0.0
12684,1.0,0.05,0.0001249398555907767,0.0,0.0067799533284234985,0.1108067973746407,0.0
12685,1.0,0.05,0.0001249398555907767,0.0,0.0067799533284234985,0.11222190470933258,0.0
12686,1.0,0.05,0.0001249398555907767,0.0,0.0067799533284234985,0.04580793757583108,0.0
12687,1.0,0.05,0.0001249398555907767,0.0,0.0067799533284234985,0.08424277350384451,0.0
12688,1.0,0.05,0.0001249398555907767,0.0,0.0067799533284234985,0.08424277350384451,0.0
12689,1.0,0.05,0.0001249398555907767,0.0,0.0067799533284234985,0.1041127393944141,0.0
12690,1.0,0.05,0.0001249398555907767,0.0,0.0067799533284234985,0.1041127393944141,0.0
12691,1.0,0.05,0.0001249398555907767,0.0,0.007028307168449279,0.10566932364015336,0.0
12692,1.0,0.05,0.0001249398555907767,0.0,0.007028307168449279,0.10566932364015336,0.0
12693,1.0,0.05,0.0001249398555907767,0.0,0.007028307168449279,0.14150190078060818,0.0
12694,1.0,0.05,0.0001249398555907767,0.0,0.007028307168449279,0.0581078880093425,0.0
12695,1.0,0.05,0.0001249398555907767,0.0,0.007026430499494693,0.0581078880093425,0.0
12696,1.0,0.05,0.00013366045689311456,0.0,0.007026430499494693,0.0886273178749733,0.0
12697,1.0,0.05,0.00013366045689311456,0.0,0.006492288064831828,0.0886273178749733,0.0
12698,1.0,0.05,0.00013366045689311456,0.0,0.006492288064831828,0.04813608605598928,0.0
12699,1.0,0.05,0.00013366045689311456,0.0,0.006492288064831828,0.04813608605598928,0.0
12700,1.0,0.05,0.0001369715055342427,0.0,0.006492288064831828,0.04813608605598928,0.0
12701,1.0,0.05,0.0001369715055342427,0.0,0.006492288064831828,0.04813608605598928,0.0
12702,1.0,0.05,0.0001369715055342427,0.0,0.006492288064831828,0.04813608605598928,0.0
12703,1.0,0.05,0.0001369715055342427,0.0,0.006492288064831828,0.02902235678201643,0.0
12704,1.0,0.05,0.0001369715055342427,0.0,0.006492288064831828,0.05785533156832869,0.0
12705,1.0,0.05,0.0001369715055342427,0.0,0.006251344335635739,0.05785533156832869,0.0
12706,1.0,0.05,0.0001369715055342427,0.0,0.006251344335635739,0.05785533156832869,0.0
12707,1.0,0.05,0.0001369715055342427,0.0,0.006251344335635739,0.05785533156832869,0.0
12708,1.0,0.05,0.0001369715055342427,0.0,0.006146112965963765,0.08832461758488228,0.0
12709,1.0,0.05,0.00014169963530663639,0.0,0.006146112965963765,0.08832461758488228,0.0
12710,1.0,0.05,0.00014169963530663639,0.0,0.006146112965963765,0.08832461758488228,0.0
12711,1.0,0.05,0.00014169963530663639,0.0,0.005545242408327751,0.04660119744498308,0.0
12712,1.0,0.05,0.00014169963530663639,0.0,0.0058252145439089634,0.019309351118721257,0.0
12713,1.0,0.05,0.00014169963530663639,0.0,0.0058252145439089634,0.01159579453090957,0.0
12714,1.0,0.05,0.00014169963530663639,0.0,0.0058252145439089634,0.02228403434899065,0.0
12715,1.0,0.05,0.00014169963530663639,0.0,0.0058252145439089634,0.040754689748469033,0.0
12716,1.0,0.05,0.00014169963530663639,0.0,0.0058252145439089634,0.06952594231580443,0.0
12717,1.0,0.05,0.00014169963530663639,0.0,0.0058252145439089634,0.06952594231580443,0.0
12718,1.0,0.05,0.00014169963530663639,0.0,0.0058252145439089634,0.03373791358283649,0.0
12719,1.0,0.05,0.00014169963530663639,0.0,0.0058252145439089634,0.03373791358283649,0.0
12720,1.0,0.05,0.00014169963530663639,0.0,0.0058252145439089634,0.03373791358283649,0.0
12721,1.0,0.05,0.00014169963530663639,0.0,0.0058252145439089634,0.03373791358283649,0.0
12722,1.0,0.05,0.00014169963530663639,0.0,0.0058252145439089634,0.03373791358283649,0.0
12723,1.0,0.05,0.00014169963530663639,0.0,0.0058252145439089634,0.0655528792992954,0.0
12724,1.0,0.05,0.00014169963530663639,0.0,0.0058252145439089634,0.0655528792992954,0.0
12725,1.0,0.05,0.0001349947839108944,0.0,0.0058252145439089634,0.0655528792992954,0.0
12726,1.0,0.05,0.0001349947839108944,0.0,0.00620417443637939,0.080397195343358,0.0
12727,1.0,0.05,0.00014106438785356954,0.0,0.00620417443637939,0.080397195343358,0.0
12728,1.0,0.05,0.00014106438785356954,0.0,0.00620417443637939,0.07899682803119537,0.0
12729,1.0,0.05,0.0001311789190747442,0.0,0.00620417443637939,0.07899682803119537,0.0
12730,1.0,0.05,0.0001311789190747442,0.0,0.00620417443637939,0.06564208831469955,0.0
12731,1.0,0.05,0.0001311789190747442,0.0,0.00620417443637939,0.031112097937098706,0.0
12732,1.0,0.05,0.0001311789190747442,0.0,0.005853941949366113,0.031112097937098706,0.0
12733,1.0,0.05,0.0001311789190747442,0.0,0.005853941949366113,0.03214827851941102,0.0
12734,1.0,0.05,0.0001311789190747442,0.0,0.005853941949366113,0.04074864556110849,0.0
12735,1.0,0.05,0.0001311789190747442,0.0,0.005853941949366113,0.04074864556110849,0.0
12736,1.0,0.05,0.0001311789190747442,0.0,0.005853941949366113,0.04074864556110849,0.0
12737,1.0,0.05,0.0001311789190747442,0.0,0.005853941949366113,0.019459515886210366,0.0
12738,1.0,0.05,0.0001311789190747442,0.0,0.005853941949366113,0.020224546892831218,0.0
12739,1.0,0.05,0.0001311789190747442,0.0,0.005853941949366113,0.0400349028631488,0.0
12740,1.0,0.05,0.0001311789190747442,0.0,0.005853941949366113,0.05092818655005192,0.0
12741,1.0,0.05,0.0001311789190747442,0.0,0.005853941949366113,0.02189721088737992,0.0
12742,1.0,0.05,0.0001311789190747442,0.0,0.005853941949366113,0.01725982878991564,0.0
12743,1.0,0.05,0.0001311789190747442,0.0,0.006068073546550416,0.01725982878991564,0.0
12744,1.0,0.05,0.0001311789190747442,0.0,0.006068073546550416,0.01725982878991564,0.0
12745,1.0,0.05,0.0001311789190747442,0.0,0.006068073546550416,0.07349558193387662,0.0
12746,1.0,0.05,0.0001311789190747442,0.0,0.006068073546550416,0.08714491658388392,0.0
12747,1.0,0.05,0.0001311789190747442,0.0,0.006515409899671525,0.08714491658388392,0.0
12748,1.0,0.05,0.0001311789190747442,0.0,0.006515409899671525,0.06696783749212878,0.0
12749,1.0,0.05,0.0001311789190747442,0.0,0.006515409899671525,0.06696783749212878,0.0
12750,1.0,0.05,0.0001311789190747442,0.0,0.006851129702788352,0.09297212191010285,0.0
12751,1.0,0.05,0.0001311789190747442,0.0,0.006851129702788352,0.09297212191010285,0.0
12752,1.0,0.05,0.0001311789190747442,0.0,0.006851129702788352,0.09297212191010285,0.0
12753,1.0,0.05,0.0001311789190747442,0.0,0.006851129702788352,0.07686100288822138,0.0
12754,1.0,0.05,0.0001311789190747442,0.0,0.005826045405175688,0.07016478357139204,0.0
12755,1.0,0.05,0.0001311789190747442,0.0,0.005826045405175688,0.08510247304670188,0.0
12756,1.0,0.05,0.0001311789190747442,0.0,0.005826045405175688,0.08510247304670188,0.0
12757,1.0,0.05,0.0001311789190747442,0.0,0.005730314159156905,0.0592121569342627,0.0
12758,1.0,0.05,0.0001311789190747442,0.0,0.005730314159156905,0.0592121569342627,0.0
12759,1.0,0.05,0.0001311789190747442,0.0,0.005730314159156905,0.0592121569342627,0.0
12760,1.0,0.05,0.0001311789190747442,0.0,0.005730314159156905,0.0592121569342627,0.0
12761,1.0,0.05,0.0001311789190747442,0.0,0.005730314159156905,0.0592121569342627,0.0
12762,1.0,0.05,0.0001311789190747442,0.0,0.005730314159156905,0.06169491603237577,0.0
12763,1.0,0.05,0.0001311789190747442,0.0,0.005730314159156905,0.06169491603237577,0.0
12764,1.0,0.05,0.0001311789190747442,0.0,0.005730314159156905,0.06169491603237577,0.0
12765,1.0,0.05,0.0001311789190747442,0.0,0.005730314159156905,0.09266485599638724,0.0
12766,1.0,0.05,0.0001311789190747442,0.0,0.005730314159156905,0.09266485599638724,0.0
12767,1.0,0.05,0.0001311789190747442,0.0,0.005730314159156905,0.09266485599638724,0.0
12768,1.0,0.05,0.0001311789190747442,0.0,0.005730314159156905,0.09266485599638724,0.0
12769,1.0,0.05,0.0001311789190747442,0.0,0.005730314159156905,0.09266485599638724,0.0
12770,1.0,0.05,0.0001311789190747442,0.0,0.005730314159156905,0.04719499595032815,0.0
12771,1.0,0.05,0.0001311789190747442,0.0,0.005730314159156905,0.04719499595032815,0.0
12772,1.0,0.05,0.0001311789190747442,0.0,0.005730314159156905,0.04817366786572075,0.0
12773,1.0,0.05,0.0001311789190747442,0.0,0.005730314159156905,0.0747709180304638,0.0
12774,1.0,0.05,0.0001311789190747442,0.0,0.005730314159156905,0.046877995377079165,0.0
12775,1.0,0.05,0.0001311789190747442,0.0,0.005391407698737431,0.046877995377079165,0.0
12776,1.0,0.05,0.0001311789190747442,0.0,0.005918419423706685,0.06126224247257238,0.0
12777,1.0,0.05,0.0001311789190747442,0.0,0.005918419423706685,0.06126224247257238,0.0
12778,1.0,0.05,0.0001311789190747442,0.0,0.005918419423706685,0.06126224247257238,0.0
12779,1.0,0.05,0.0001311789190747442,0.0,0.005918419423706685,0.06126224247257238,0.0
12780,1.0,0.05,0.0001311789190747442,0.0,0.005600360279749062,0.06126224247257238,0.0
12781,1.0,0.05,0.0001311789190747442,0.0,0.005600360279749062,0.06126224247257238,0.0
12782,1.0,0.05,0.0001311789190747442,0.0,0.005600360279749062,0.06126224247257238,0.0
12783,1.0,0.05,0.0001311789190747442,0.0,0.005600360279749062,0.06126224247257238,0.0
12784,1.0,0.05,0.0001311789190747442,0.0,0.005600360279749062,0.06126224247257238,0.0
12785,1.0,0.05,0.0001381608472484229,0.0,0.005600360279749062,0.06126224247257238,0.0
12786,1.0,0.05,0.0001381608472484229,0.0,0.005600360279749062,0.0869034802414985,0.0
12787,1.0,0.05,0.0001381608472484229,0.0,0.005600360279749062,0.0869034802414985,0.0
12788,1.0,0.05,0.0001381608472484229,0.0,0.005600360279749062,0.09596865945125643,0.0
12789,1.0,0.05,0.00013108189318299842,0.0,0.005600360279749062,0.10341408300146951,0.0
12790,1.0,0.05,0.00013108189318299842,0.0,0.005600360279749062,0.10341408300146951,0.0
12791,1.0,0.05,0.00013108189318299842,0.0,0.005850682989299643,0.10341408300146951,0.0
12792,1.0,0.05,0.00013108189318299842,0.0,0.005850682989299643,0.10341408300146951,0.0
12793,1.0,0.05,0.00013108189318299842,0.0,0.005850682989299643,0.10341408300146951,0.0
12794,1.0,0.05,0.00013108189318299842,0.0,0.006070614756185891,0.10341408300146951,0.0
12795,1.0,0.05,0.00013108189318299842,0.0,0.006070614756185891,0.1082898852536817,0.0
12796,1.0,0.05,0.00013108189318299842,0.0,0.006070614756185891,0.040168079808630304,0.0
12797,1.0,0.05,0.00013108189318299842,0.0,0.006070614756185891,0.03997524205010077,0.0
12798,1.0,0.05,0.00013108189318299842,0.0,0.006070614756185891,0.03997524205010077,0.0
12799,1.0,0.05,0.00013108189318299842,0.0,0.006070614756185891,0.0467632314803745,0.0
12800,1.0,0.05,0.00013108189318299842,0.0,0.006070614756185891,0.0467632314803745,0.0
12801,1.0,0.05,0.00013108189318299842,0.0,0.006070614756185891,0.10183960269837061,0.0
12802,1.0,0.05,0.00013108189318299842,0.0,0.006016143864590416,0.10183960269837061,0.0
12803,1.0,0.05,0.00013108189318299842,0.0,0.006016143864590416,0.10183960269837061,0.0
12804,1.0,0.05,0.00013108189318299842,0.0,0.006016143864590416,0.04553823689009639,0.0
12805,1.0,0.05,0.00013108189318299842,0.0,0.00611464565509606,0.04553823689009639,0.0
12806,1.0,0.05,0.00013108189318299842,0.0,0.00611464565509606,0.07220210213394296,0.0
12807,1.0,0.05,0.00013864786135395248,0.0,0.00606152288939986,0.05349920983233721,0.0
12808,1.0,0.05,0.00013864786135395248,0.0,0.00606152288939986,0.09151421378251189,0.0
12809,1.0,0.05,0.00012815541397219883,0.0,0.00606152288939986,0.04204715623906865,0.0
12810,1.0,0.05,0.00012815541397219883,0.0,0.005572897647502406,0.04204715623906865,0.0
12811,1.0,0.05,0.00013407392605323338,0.0,0.005572897647502406,0.01940264950996739,0.0
12812,1.0,0.05,0.00013407392605323338,0.0,0.005572897647502406,0.06252310792468699,0.0
12813,1.0,0.05,0.00013407392605323338,0.0,0.005572897647502406,0.07326753671386868,0.0
12814,1.0,0.05,0.00013407392605323338,0.0,0.005572897647502406,0.07326753671386868,0.0
12815,1.0,0.05,0.00013407392605323338,0.0,0.005572897647502406,0.07326753671386868,0.0
12816,1.0,0.05,0.00013407392605323338,0.0,0.005572897647502406,0.07326753671386868,0.0
12817,1.0,0.05,0.00013407392605323338,0.0,0.005572897647502406,0.07326753671386868,0.0
12818,1.0,0.05,0.00013407392605323338,0.0,0.005572897647502406,0.07326753671386868,0.0
12819,1.0,0.05,0.00013407392605323338,0.0,0.005572897647502406,0.07326753671386868,0.0
12820,1.0,0.05,0.00013407392605323338,0.0,0.005572897647502406,0.07326753671386868,0.0
12821,1.0,0.05,0.00013407392605323338,0.0,0.0057222987447161896,0.07326753671386868,0.0
12822,1.0,0.05,0.00013407392605323338,0.0,0.0057222987447161896,0.07326753671386868,0.0
12823,1.0,0.05,0.00013407392605323338,0.0,0.0057222987447161896,0.07326753671386868,0.0
12824,1.0,0.05,0.00013407392605323338,0.0,0.0057222987447161896,0.0791881905361657,0.0
12825,1.0,0.05,0.00013407392605323338,0.0,0.0057222987447161896,0.05560332466306702,0.0
12826,1.0,0.05,0.00013407392605323338,0.0,0.004866243464055406,0.05560332466306702,0.0
12827,1.0,0.05,0.00013407392605323338,0.0,0.004866243464055406,0.05560332466306702,0.0
12828,1.0,0.05,0.00013407392605323338,0.0,0.004866243464055406,0.07781674830450837,0.0
12829,1.0,0.05,0.00013063969481035166,0.0,0.007763727716355891,0.07781674830450837,0.0
12830,1.0,0.05,0.00013063969481035166,0.0,0.007763727716355891,0.07781674830450837,0.0
12831,1.0,0.05,0.00013063969481035166,0.0,0.007763727716355891,0.039051688197530215,0.0
12832,1.0,0.05,0.0001206104080791328,0.0,0.007763727716355891,0.03750869409772995,0.0
12833,1.0,0.05,0.0001206104080791328,0.0,0.007763727716355891,0.03756618998369342,0.0
12834,1.0,0.05,0.0001206104080791328,0.0,0.007610785124426661,0.03756618998369342,0.0
12835,1.0,0.05,0.0001206104080791328,0.0,0.008475662316816752,0.03853319483660784,0.0
12836,1.0,0.05,0.0001206104080791328,0.0,0.008475662316816752,0.01813143909197951,0.0
12837,1.0,0.05,0.0001206104080791328,0.0,0.008475662316816752,0.01813143909197951,0.0
12838,1.0,0.05,0.0001206104080791328,0.0,0.006947619636698996,0.01813143909197951,0.0
12839,1.0,0.05,0.0001206104080791328,0.0,0.006992473112683173,0.015096825102276189,0.0
12840,1.0,0.05,0.0001206104080791328,0.0,0.006992473112683173,0.015096825102276189,0.0
12841,1.0,0.05,0.00013210653352162168,0.0,0.005765527958130266,0.015096825102276189,0.0
12842,1.0,0.05,0.00013210653352162168,0.0,0.005765527958130266,0.01423495171224683,0.0
12843,1.0,0.05,0.00013210653352162168,0.0,0.006350568322279191,0.05289196077883265,0.0
12844,1.0,0.05,0.0001278599272354882,0.0,0.006350568322279191,0.08829206567785317,0.0
12845,1.0,0.05,0.0001278599272354882,0.0,0.006350568322279191,0.08829206567785317,0.0
12846,1.0,0.05,0.0001278599272354882,0.0,0.006350568322279191,0.07387061441646042,0.0
12847,1.0,0.05,0.0001278599272354882,0.0,0.006350568322279191,0.07068694908806696,0.0
12848,1.0,0.05,0.0001278599272354882,0.0,0.006350568322279191,0.07068694908806696,0.0
12849,1.0,0.05,0.0001278599272354882,0.0,0.006120764479907231,0.07068694908806696,0.0
12850,1.0,0.05,0.0001278599272354882,0.0,0.006120764479907231,0.07068694908806696,0.0
12851,1.0,0.05,0.0001278599272354882,0.0,0.006120764479907231,0.07068694908806696,0.0
12852,1.0,0.05,0.0001278599272354882,0.0,0.006120764479907231,0.07068694908806696,0.0
12853,1.0,0.05,0.0001297468412016108,0.0,0.006004656850001732,0.10113787812196404,0.0
12854,1.0,0.05,0.0001297468412016108,0.0,0.006004656850001732,0.10113787812196404,0.0
12855,1.0,0.05,0.00013241472080491914,0.0,0.006004656850001732,0.07793367236168874,0.0
12856,1.0,0.05,0.00013241472080491914,0.0,0.006004656850001732,0.060204984035425166,0.0
12857,1.0,0.05,0.00013241472080491914,0.0,0.006004656850001732,0.060204984035425166,0.0
12858,1.0,0.05,0.00013241472080491914,0.0,0.006004656850001732,0.060204984035425166,0.0
12859,1.0,0.05,0.00013241472080491914,0.0,0.006004656850001732,0.09710981931742192,0.0
12860,1.0,0.05,0.00013241472080491914,0.0,0.006004656850001732,0.09710981931742192,0.0
12861,1.0,0.05,0.00013241472080491914,0.0,0.006079899058057518,0.09710981931742192,0.0
12862,1.0,0.05,0.00013241472080491914,0.0,0.006079899058057518,0.07238517921899246,0.0
12863,1.0,0.05,0.00013241472080491914,0.0,0.006079899058057518,0.06842429806540118,0.0
12864,1.0,0.05,0.00013241472080491914,0.0,0.006079899058057518,0.06842429806540118,0.0
12865,1.0,0.05,0.00013241472080491914,0.0,0.006079899058057518,0.07513667003245851,0.0
12866,1.0,0.05,0.00013241472080491914,0.0,0.006079899058057518,0.07513667003245851,0.0
12867,1.0,0.05,0.00013241472080491914,0.0,0.006079899058057518,0.07621588610441149,0.0
12868,1.0,0.05,0.00013241472080491914,0.0,0.006079899058057518,0.07621588610441149,0.0
12869,1.0,0.05,0.00013241472080491914,0.0,0.00554053309633792,0.07621588610441149,0.0
12870,1.0,0.05,0.00013241472080491914,0.0,0.00554053309633792,0.0806356290828688,0.0
12871,1.0,0.05,0.00013241472080491914,0.0,0.00554053309633792,0.0806356290828688,0.0
12872,1.0,0.05,0.00013241472080491914,0.0,0.006422234815385632,0.0806356290828688,0.0
12873,1.0,0.05,0.00013241472080491914,0.0,0.006422234815385632,0.0806356290828688,0.0
12874,1.0,0.05,0.00013241472080491914,0.0,0.00643839139119126,0.0806356290828688,0.0
12875,1.0,0.05,0.00013241472080491914,0.0,0.005619339775330036,0.0806356290828688,0.0
12876,1.0,0.05,0.00013241472080491914,0.0,0.005619339775330036,0.04874018411278675,0.0
12877,1.0,0.05,0.00013241472080491914,0.0,0.005619339775330036,0.04874018411278675,0.0
12878,1.0,0.05,0.00013241472080491914,0.0,0.005619339775330036,0.04044359948875177,0.0
12879,1.0,0.05,0.00013241472080491914,0.0,0.005838647099683916,0.04044359948875177,0.0
12880,1.0,0.05,0.00013241472080491914,0.0,0.005838647099683916,0.04044359948875177,0.0
12881,1.0,0.05,0.00013241472080491914,0.0,0.005838647099683916,0.05050851047280448,0.0
12882,1.0,0.05,0.00013241472080491914,0.0,0.005838647099683916,0.05050851047280448,0.0
12883,1.0,0.05,0.00013859155900169205,0.0,0.005838647099683916,0.05050851047280448,0.0
12884,1.0,0.05,0.00013859155900169205,0.0,0.005787012343706593,0.04853689467752749,0.0
12885,1.0,0.05,0.00013859155900169205,0.0,0.005787012343706593,0.04853689467752749,0.0
12886,1.0,0.05,0.00013859155900169205,0.0,0.005787012343706593,0.04853689467752749,0.0
12887,1.0,0.05,0.00013859155900169205,0.0,0.005787012343706593,0.06756206329348072,0.0
12888,1.0,0.05,0.00013859155900169205,0.0,0.005787012343706593,0.06756206329348072,0.0
12889,1.0,0.05,0.00013859155900169205,0.0,0.005725318973054191,0.06756206329348072,0.0
12890,1.0,0.05,0.00013859155900169205,0.0,0.005725318973054191,0.07627175153215036,0.0
12891,1.0,0.05,0.00013859155900169205,0.0,0.005725318973054191,0.0435313374645209,0.0
12892,1.0,0.05,0.00013859155900169205,0.0,0.005725318973054191,0.0435313374645209,0.0
12893,1.0,0.05,0.00013859155900169205,0.0,0.005725318973054191,0.0435313374645209,0.0
12894,1.0,0.05,0.00013859155900169205,0.0,0.005725318973054191,0.0435313374645209,0.0
12895,1.0,0.05,0.00013859155900169205,0.0,0.005725318973054191,0.10948917738556573,0.0
12896,1.0,0.05,0.00013859155900169205,0.0,0.005725318973054191,0.10948917738556573,0.0
12897,1.0,0.05,0.00013782442454661134,0.0,0.006519346746994247,0.06157885804963015,0.0
12898,1.0,0.05,0.00013782442454661134,0.0,0.005147659468498184,0.06157885804963015,0.0
12899,1.0,0.05,0.00013782442454661134,0.0,0.005664942235793102,0.06157885804963015,0.0
12900,1.0,0.05,0.00013795902673323284,0.0,0.005664942235793102,0.08311885179972564,0.0
12901,1.0,0.05,0.00013795902673323284,0.0,0.005664942235793102,0.08311885179972564,0.0
12902,1.0,0.05,0.00013795902673323284,0.0,0.005664942235793102,0.08311885179972564,0.0
12903,1.0,0.05,0.00013795902673323284,0.0,0.005664942235793102,0.08311885179972564,0.0
12904,1.0,0.05,0.00013795902673323284,0.0,0.0052083208486167955,0.050842209109587984,0.0
12905,1.0,0.05,0.00013795902673323284,0.0,0.0052083208486167955,0.11239780951073244,0.0
12906,1.0,0.05,0.00013795902673323284,0.0,0.0052083208486167955,0.11239780951073244,0.0
12907,1.0,0.05,0.00013795902673323284,0.0,0.0052083208486167955,0.05881155964303699,0.0
12908,1.0,0.05,0.00013795902673323284,0.0,0.0052083208486167955,0.057760086883962274,0.0
12909,1.0,0.05,0.00013795902673323284,0.0,0.0052083208486167955,0.057760086883962274,0.0
12910,1.0,0.05,0.00013795902673323284,0.0,0.0052083208486167955,0.08896052310754313,0.0
12911,1.0,0.05,0.00013795902673323284,0.0,0.0052083208486167955,0.06858533951122378,0.0
12912,1.0,0.05,0.00013795902673323284,0.0,0.0052083208486167955,0.06858533951122378,0.0
12913,1.0,0.05,0.00013795902673323284,0.0,0.0058972501113483304,0.06858533951122378,0.0
12914,1.0,0.05,0.00013795902673323284,0.0,0.006131493037165581,0.06858533951122378,0.0
12915,1.0,0.05,0.00013795902673323284,0.0,0.006275037804789632,0.09905485740810957,0.0
12916,1.0,0.05,0.00013578954510825978,0.0,0.006275037804789632,0.10796084702399125,0.0
12917,1.0,0.05,0.00013578954510825978,0.0,0.007009273707970278,0.04399688959423941,0.0
12918,1.0,0.05,0.00013578954510825978,0.0,0.007009273707970278,0.039581241455842964,0.0
12919,1.0,0.05,0.00013578954510825978,0.0,0.005108892930976166,0.039581241455842964,0.0
12920,1.0,0.05,0.00013578954510825978,0.0,0.005108892930976166,0.03351770232949889,0.0
12921,1.0,0.05,0.00013578954510825978,0.0,0.005108892930976166,0.08765643872967883,0.0
12922,1.0,0.05,0.00013578954510825978,0.0,0.0053102916516742085,0.08765643872967883,0.0
12923,1.0,0.05,0.00013578954510825978,0.0,0.006415926475114606,0.0555497831188408,0.0
12924,1.0,0.05,0.00013578954510825978,0.0,0.006415926475114606,0.0555497831188408,0.0
12925,1.0,0.05,0.00013578954510825978,0.0,0.006415926475114606,0.10787016456139233,0.0
12926,1.0,0.05,0.00013578954510825978,0.0,0.006415926475114606,0.13102915672362125,0.0
12927,1.0,0.05,0.00013578954510825978,0.0,0.006415926475114606,0.11622325116463433,0.0
12928,1.0,0.05,0.00013578954510825978,0.0,0.006415926475114606,0.05009240352638948,0.0
12929,1.0,0.05,0.00013666185673188547,0.0,0.006415926475114606,0.10520674265653727,0.0
12930,1.0,0.05,0.00013666185673188547,0.0,0.006415926475114606,0.10520674265653727,0.0
12931,1.0,0.05,0.00013666185673188547,0.0,0.006415926475114606,0.053744283267582016,0.0
12932,1.0,0.05,0.00013666185673188547,0.0,0.006415926475114606,0.053744283267582016,0.0
12933,1.0,0.05,0.00013666185673188547,0.0,0.005365950462579154,0.04450445606917381,0.0
12934,1.0,0.05,0.00013666185673188547,0.0,0.005365950462579154,0.04450445606917381,0.0
12935,1.0,0.05,0.00013666185673188547,0.0,0.005365950462579154,0.04450445606917381,0.0
12936,1.0,0.05,0.00013666185673188547,0.0,0.005365950462579154,0.04450445606917381,0.0
12937,1.0,0.05,0.00013666185673188547,0.0,0.005365950462579154,0.07998549116983728,0.0
12938,1.0,0.05,0.00013666185673188547,0.0,0.00659969180285932,0.07998549116983728,0.0
12939,1.0,0.05,0.00013666185673188547,0.0,0.00659969180285932,0.08907175307867715,0.0
12940,1.0,0.05,0.00013906343518623664,0.0,0.00583446656893345,0.08907175307867715,0.0
12941,1.0,0.05,0.00013906343518623664,0.0,0.00583446656893345,0.08627754857652498,0.0
12942,1.0,0.05,0.00013386500846733831,0.0,0.00583446656893345,0.08627754857652498,0.0
12943,1.0,0.05,0.00013386500846733831,0.0,0.0058568097390016005,0.08627754857652498,0.0
12944,1.0,0.05,0.00013386500846733831,0.0,0.0058568097390016005,0.04184103126813222,0.0
12945,1.0,0.05,0.00013386500846733831,0.0,0.0058568097390016005,0.04184103126813222,0.0
12946,1.0,0.05,0.00013470767027304068,0.0,0.0058568097390016005,0.04184103126813222,0.0
12947,1.0,0.05,0.00013470767027304068,0.0,0.0058568097390016005,0.02223445889246396,0.0
12948,1.0,0.05,0.00013470767027304068,0.0,0.0056235530900480765,0.05773094377035368,0.0
12949,1.0,0.05,0.00013470767027304068,0.0,0.0056235530900480765,0.08629575002606416,0.0
12950,1.0,0.05,0.00013470767027304068,0.0,0.0056235530900480765,0.10585855437233777,0.0
12951,1.0,0.05,0.00013470767027304068,0.0,0.0056235530900480765,0.10585855437233777,0.0
12952,1.0,0.05,0.00013470767027304068,0.0,0.005445861269565905,0.0639195295485609,0.0
12953,1.0,0.05,0.00013470767027304068,0.0,0.005445861269565905,0.07398260566516489,0.0
12954,1.0,0.05,0.00013470767027304068,0.0,0.005445861269565905,0.07398260566516489,0.0
12955,1.0,0.05,0.00013470767027304068,0.0,0.005445861269565905,0.033359362827906004,0.0
12956,1.0,0.05,0.00013470767027304068,0.0,0.005445861269565905,0.03259229003866204,0.0
12957,1.0,0.05,0.00013470767027304068,0.0,0.0063012977585864835,0.03259229003866204,0.0
12958,1.0,0.05,0.00013470767027304068,0.0,0.0063012977585864835,0.03259229003866204,0.0
12959,1.0,0.05,0.00013470767027304068,0.0,0.005341173410120818,0.03259229003866204,0.0
12960,1.0,0.05,0.00013470767027304068,0.0,0.005341173410120818,0.01521122836470725,0.0
12961,1.0,0.05,0.00013470767027304068,0.0,0.005727222484768743,0.02419112511264427,0.0
12962,1.0,0.05,0.00013470767027304068,0.0,0.005727222484768743,0.02419112511264427,0.0
12963,1.0,0.05,0.00013470767027304068,0.0,0.005727222484768743,0.02419112511264427,0.0
12964,1.0,0.05,0.00013470767027304068,0.0,0.005727222484768743,0.014904876295835654,0.0
12965,1.0,0.05,0.00013470767027304068,0.0,0.005727222484768743,0.014904876295835654,0.0
12966,1.0,0.05,0.00013470767027304068,0.0,0.005727222484768743,0.024171971720203425,0.0
12967,1.0,0.05,0.0001380563285756708,0.0,0.005727222484768743,0.07948456164849124,0.0
12968,1.0,0.05,0.0001380563285756708,0.0,0.005727222484768743,0.07948456164849124,0.0
12969,1.0,0.05,0.0001380563285756708,0.0,0.005727222484768743,0.07948456164849124,0.0
12970,1.0,0.05,0.0001380563285756708,0.0,0.005664442352412305,0.07008005702111335,0.0
12971,1.0,0.05,0.0001380563285756708,0.0,0.005664442352412305,0.07008005702111335,0.0
12972,1.0,0.05,0.0001380563285756708,0.0,0.005664442352412305,0.07008005702111335,0.0
12973,1.0,0.05,0.0001380563285756708,0.0,0.005664442352412305,0.07008005702111335,0.0
12974,1.0,0.05,0.0001380563285756708,0.0,0.005104209211295459,0.03725600057099358,0.0
12975,1.0,0.05,0.0001380563285756708,0.0,0.005104209211295459,0.04947226662536653,0.0
12976,1.0,0.05,0.0001380563285756708,0.0,0.0052033431469212885,0.04947226662536653,0.0
12977,1.0,0.05,0.0001380563285756708,0.0,0.0052033431469212885,0.04947226662536653,0.0
12978,1.0,0.05,0.0001380563285756708,0.0,0.0052033431469212885,0.04947226662536653,0.0
12979,1.0,0.05,0.0001380563285756708,0.0,0.0052033431469212885,0.028833417261491745,0.0
12980,1.0,0.05,0.0001380563285756708,0.0,0.0052033431469212885,0.055706603936656184,0.0
12981,1.0,0.05,0.0001380563285756708,0.0,0.0052033431469212885,0.055706603936656184,0.0
12982,1.0,0.05,0.0001380563285756708,0.0,0.0052033431469212885,0.05559543135347682,0.0
12983,1.0,0.05,0.0001380563285756708,0.0,0.0052033431469212885,0.05559543135347682,0.0
12984,1.0,0.05,0.0001380563285756708,0.0,0.0052033431469212885,0.05559543135347682,0.0
12985,1.0,0.05,0.0001380563285756708,0.0,0.0052033431469212885,0.06021724061692531,0.0
12986,1.0,0.05,0.0001380563285756708,0.0,0.0052033431469212885,0.06021724061692531,0.0
12987,1.0,0.05,0.0001380563285756708,0.0,0.007307762128782569,0.07566234461213792,0.0
12988,1.0,0.05,0.0001380563285756708,0.0,0.0068865114011492845,0.025499528556166173,0.0
12989,1.0,0.05,0.0001380563285756708,0.0,0.0068865114011492845,0.05681104684692859,0.0
12990,1.0,0.05,0.0001380563285756708,0.0,0.005439749058370801,0.012847130972984299,0.0
12991,1.0,0.05,0.0001380563285756708,0.0,0.005439749058370801,0.017015697911392118,0.0
12992,1.0,0.05,0.0001380563285756708,0.0,0.006156798622495764,0.009367217327026748,0.0
12993,1.0,0.05,0.00014020761467411707,0.0,0.006156798622495764,0.009367217327026748,0.0
12994,1.0,0.05,0.00014020761467411707,0.0,0.006156798622495764,0.015027221681985305,0.0
12995,1.0,0.05,0.00014020761467411707,0.0,0.006156798622495764,0.009164969407690203,0.0
12996,1.0,0.05,0.00014020761467411707,0.0,0.006139311347599087,0.08096859607016892,0.0
12997,1.0,0.05,0.00014020761467411707,0.0,0.006139311347599087,0.07933651715981052,0.0
12998,1.0,0.05,0.00014020761467411707,0.0,0.006139311347599087,0.07933651715981052,0.0
12999,1.0,0.05,0.00014020761467411707,0.0,0.006139311347599087,0.05871040394301404,0.0
13000,1.0,0.05,0.00014020761467411707,0.0,0.006139311347599087,0.05871040394301404,0.0
13001,1.0,0.05,0.00014020761467411707,0.0,0.006139311347599087,0.03921038534403738,0.0
13002,1.0,0.05,0.00014020761467411707,0.0,0.006139311347599087,0.03921038534403738,0.0
13003,1.0,0.05,0.00014020761467411707,0.0,0.006139311347599087,0.01732535965378377,0.0
13004,1.0,0.05,0.00014020761467411707,0.0,0.006139311347599087,0.013742713255260745,0.0
13005,1.0,0.05,0.0001385055812848365,0.0,0.006139311347599087,0.013742713255260745,0.0
13006,1.0,0.05,0.0001385055812848365,0.0,0.006139311347599087,0.005730978440273203,0.0
13007,1.0,0.05,0.0001385055812848365,0.0,0.006139311347599087,0.005730978440273203,0.0
13008,1.0,0.05,0.0001385055812848365,0.0,0.006139311347599087,0.007560634958260152,0.0
13009,1.0,0.05,0.0001385055812848365,0.0,0.006139311347599087,0.06593319494415122,0.0
13010,1.0,0.05,0.0001385055812848365,0.0,0.006139311347599087,0.08645402102021625,0.0
13011,1.0,0.05,0.0001385055812848365,0.0,0.006139311347599087,0.08645402102021625,0.0
13012,1.0,0.05,0.0001385055812848365,0.0,0.006139311347599087,0.08645402102021625,0.0
13013,1.0,0.05,0.0001385055812848365,0.0,0.006139311347599087,0.08645402102021625,0.0
13014,1.0,0.05,0.0001385055812848365,0.0,0.006139311347599087,0.05639996462399004,0.0
13015,1.0,0.05,0.0001385055812848365,0.0,0.006139311347599087,0.05639996462399004,0.0
13016,1.0,0.05,0.0001385055812848365,0.0,0.006139311347599087,0.09050515232510604,0.0
13017,1.0,0.05,0.0001385055812848365,0.0,0.006359546202160231,0.07122405782504776,0.0
13018,1.0,0.05,0.0001385055812848365,0.0,0.006359546202160231,0.07122405782504776,0.0
13019,1.0,0.05,0.0001385055812848365,0.0,0.0055310151889743035,0.07122405782504776,0.0
13020,1.0,0.05,0.0001346302612005477,0.0,0.005688852460707665,0.05892722503588441,0.0
13021,1.0,0.05,0.0001346302612005477,0.0,0.005688852460707665,0.05892722503588441,0.0
13022,1.0,0.05,0.0001346302612005477,0.0,0.005688852460707665,0.05892722503588441,0.0
13023,1.0,0.05,0.0001346302612005477,0.0,0.005688852460707665,0.05892722503588441,0.0
13024,1.0,0.05,0.00014473287929318507,0.0,0.005688852460707665,0.06488434561471522,0.0
13025,1.0,0.05,0.00014473287929318507,0.0,0.005688852460707665,0.06488434561471522,0.0
13026,1.0,0.05,0.00014473287929318507,0.0,0.005688852460707665,0.06488434561471522,0.0
13027,1.0,0.05,0.00014473287929318507,0.0,0.005688852460707665,0.055505960630972684,0.0
13028,1.0,0.05,0.00014473287929318507,0.0,0.005688852460707665,0.055505960630972684,0.0
13029,1.0,0.05,0.00014473287929318507,0.0,0.005688852460707665,0.055505960630972684,0.0
13030,1.0,0.05,0.00013170101953284107,0.0,0.005688852460707665,0.055505960630972684,0.0
13031,1.0,0.05,0.00013170101953284107,0.0,0.005899141117415847,0.055505960630972684,0.0
13032,1.0,0.05,0.00013170101953284107,0.0,0.005899141117415847,0.06098347088145265,0.0
13033,1.0,0.05,0.00013170101953284107,0.0,0.006308484779510116,0.06098347088145265,0.0
13034,1.0,0.05,0.00013170101953284107,0.0,0.006308484779510116,0.06098347088145265,0.0
13035,1.0,0.05,0.00013170101953284107,0.0,0.006308484779510116,0.1032359033063522,0.0
13036,1.0,0.05,0.00013170101953284107,0.0,0.006308484779510116,0.06511467083999872,0.0
13037,1.0,0.05,0.00013170101953284107,0.0,0.006308484779510116,0.06511467083999872,0.0
13038,1.0,0.05,0.00013170101953284107,0.0,0.006308484779510116,0.06511467083999872,0.0
13039,1.0,0.05,0.00013170101953284107,0.0,0.006308484779510116,0.09589856390632376,0.0
13040,1.0,0.05,0.00013170101953284107,0.0,0.006308484779510116,0.09589856390632376,0.0
13041,1.0,0.05,0.00013170101953284107,0.0,0.006297029786795289,0.09589856390632376,0.0
13042,1.0,0.05,0.00013170101953284107,0.0,0.006297029786795289,0.08516041940400851,0.0
13043,1.0,0.05,0.0001347915909444788,0.0,0.006297029786795289,0.07073200591044349,0.0
13044,1.0,0.05,0.0001347915909444788,0.0,0.006297029786795289,0.07073200591044349,0.0
13045,1.0,0.05,0.0001347915909444788,0.0,0.006297029786795289,0.07073200591044349,0.0
13046,1.0,0.05,0.00013781202370170403,0.0,0.006297029786795289,0.07073200591044349,0.0
13047,1.0,0.05,0.00013781202370170403,0.0,0.006297029786795289,0.07073200591044349,0.0
13048,1.0,0.05,0.00013781202370170403,0.0,0.006297029786795289,0.07073200591044349,0.0
13049,1.0,0.05,0.00013781202370170403,0.0,0.006297029786795289,0.1102040567615406,0.0
13050,1.0,0.05,0.00013781202370170403,0.0,0.006297029786795289,0.09283287366680695,0.0
13051,1.0,0.05,0.00013781202370170403,0.0,0.006297029786795289,0.09283287366680695,0.0
13052,1.0,0.05,0.00013781202370170403,0.0,0.006297029786795289,0.09283287366680695,0.0
13053,1.0,0.05,0.0001331135550022688,0.0,0.0063010693466385385,0.09283287366680695,0.0
13054,1.0,0.05,0.0001331135550022688,0.0,0.0063010693466385385,0.09283287366680695,0.0
13055,1.0,0.05,0.00013025292726145753,0.0,0.006817043325286034,0.09283287366680695,0.0
13056,1.0,0.05,0.00013025292726145753,0.0,0.005548900379260552,0.08333690895356138,0.0
13057,1.0,0.05,0.00013025292726145753,0.0,0.005548900379260552,0.08333690895356138,0.0
13058,1.0,0.05,0.00013873690249308616,0.0,0.005548900379260552,0.07555758719713448,0.0
13059,1.0,0.05,0.00013873690249308616,0.0,0.005548900379260552,0.07555758719713448,0.0
13060,1.0,0.05,0.00013873690249308616,0.0,0.005548900379260552,0.07555758719713448,0.0
13061,1.0,0.05,0.00013873690249308616,0.0,0.005548900379260552,0.06385821522688505,0.0
13062,1.0,0.05,0.00013873690249308616,0.0,0.005548900379260552,0.06385821522688505,0.0
13063,1.0,0.05,0.00013873690249308616,0.0,0.005548900379260552,0.06385821522688505,0.0
13064,1.0,0.05,0.00013873690249308616,0.0,0.005548900379260552,0.07628009396057514,0.0
13065,1.0,0.05,0.00013873690249308616,0.0,0.005376482910084187,0.07628009396057514,0.0
13066,1.0,0.05,0.00013482459394219287,0.0,0.005376482910084187,0.07628009396057514,0.0
13067,1.0,0.05,0.00013482459394219287,0.0,0.005376482910084187,0.07628009396057514,0.0
13068,1.0,0.05,0.00013482459394219287,0.0,0.005376482910084187,0.07628009396057514,0.0
13069,1.0,0.05,0.00013482459394219287,0.0,0.005376482910084187,0.05445495710012163,0.0
13070,1.0,0.05,0.00013482459394219287,0.0,0.005376482910084187,0.05445495710012163,0.0
13071,1.0,0.05,0.00013482459394219287,0.0,0.005376482910084187,0.05445495710012163,0.0
13072,1.0,0.05,0.00013482459394219287,0.0,0.005376482910084187,0.055988806057808094,0.0
13073,1.0,0.05,0.00013482459394219287,0.0,0.005376482910084187,0.07352654384045317,0.0
13074,1.0,0.05,0.00013482459394219287,0.0,0.005376482910084187,0.10447390141047662,0.0
13075,1.0,0.05,0.00013482459394219287,0.0,0.005376482910084187,0.04859238016020083,0.0
13076,1.0,0.05,0.00013482459394219287,0.0,0.005376482910084187,0.04859238016020083,0.0
13077,1.0,0.05,0.00013482459394219287,0.0,0.005376482910084187,0.04859238016020083,0.0
13078,1.0,0.05,0.00013482459394219287,0.0,0.005565538670058824,0.04859238016020083,0.0
13079,1.0,0.05,0.00013482459394219287,0.0,0.005565538670058824,0.07704674505022671,0.0
13080,1.0,0.05,0.00013482459394219287,0.0,0.005565538670058824,0.07704674505022671,0.0
13081,1.0,0.05,0.00013482459394219287,0.0,0.005565538670058824,0.07704674505022671,0.0
13082,1.0,0.05,0.00013482459394219287,0.0,0.005565538670058824,0.07704674505022671,0.0
13083,1.0,0.05,0.00013482459394219287,0.0,0.005565538670058824,0.07704674505022671,0.0
13084,1.0,0.05,0.00013482459394219287,0.0,0.005211147462850309,0.07704674505022671,0.0
13085,1.0,0.05,0.00013482459394219287,0.0,0.005211147462850309,0.07704674505022671,0.0
13086,1.0,0.05,0.00013482459394219287,0.0,0.005211147462850309,0.07704674505022671,0.0
13087,1.0,0.05,0.00013482459394219287,0.0,0.005211147462850309,0.07704674505022671,0.0
13088,1.0,0.05,0.00013482459394219287,0.0,0.004913174199423761,0.07704674505022671,0.0
13089,1.0,0.05,0.00013482459394219287,0.0,0.004913174199423761,0.07704674505022671,0.0
13090,1.0,0.05,0.00013482459394219287,0.0,0.004913174199423761,0.07704674505022671,0.0
13091,1.0,0.05,0.00013482459394219287,0.0,0.004913174199423761,0.05285300906597016,0.0
13092,1.0,0.05,0.00013482459394219287,0.0,0.005026966236075875,0.05285300906597016,0.0
13093,1.0,0.05,0.00013482459394219287,0.0,0.006060113146083537,0.07957543885598714,0.0
13094,1.0,0.05,0.00013482459394219287,0.0,0.006060113146083537,0.07737325889493309,0.0
13095,1.0,0.05,0.00013482459394219287,0.0,0.006060113146083537,0.07737325889493309,0.0
13096,1.0,0.05,0.00013482459394219287,0.0,0.006060113146083537,0.07737325889493309,0.0
13097,1.0,0.05,0.00013482459394219287,0.0,0.006060113146083537,0.05166968270893803,0.0
13098,1.0,0.05,0.00013482459394219287,0.0,0.006060113146083537,0.05166968270893803,0.0
13099,1.0,0.05,0.00013482459394219287,0.0,0.006060113146083537,0.05166968270893803,0.0
13100,1.0,0.05,0.00013482459394219287,0.0,0.006060113146083537,0.05166968270893803,0.0
13101,1.0,0.05,0.0001337250319478495,0.0,0.006060113146083537,0.03802077790983246,0.0
13102,1.0,0.05,0.00013768835426188433,0.0,0.006060113146083537,0.08364154202106595,0.0
13103,1.0,0.05,0.00013768835426188433,0.0,0.006060113146083537,0.11817514899485577,0.0
13104,1.0,0.05,0.00013768835426188433,0.0,0.006060113146083537,0.08112373359844605,0.0
13105,1.0,0.05,0.00014451613522214652,0.0,0.006060113146083537,0.08112373359844605,0.0
13106,1.0,0.05,0.00014451613522214652,0.0,0.006060113146083537,0.08112373359844605,0.0
13107,1.0,0.05,0.00014451613522214652,0.0,0.006060113146083537,0.08112373359844605,0.0
13108,1.0,0.05,0.00013007279589782118,0.0,0.006060113146083537,0.08112373359844605,0.0
13109,1.0,0.05,0.00013007279589782118,0.0,0.006060113146083537,0.0771107845134846,0.0
13110,1.0,0.05,0.0001320730347630478,0.0,0.006060113146083537,0.1016664955697126,0.0
13111,1.0,0.05,0.0001320730347630478,0.0,0.006060113146083537,0.09703855823768542,0.0
13112,1.0,0.05,0.00012765507692377126,0.0,0.006844449190318512,0.09703855823768542,0.0
13113,1.0,0.05,0.0001374684522232565,0.0,0.005670016297103624,0.07496682355322223,0.0
13114,1.0,0.05,0.0001374684522232565,0.0,0.005670016297103624,0.07496682355322223,0.0
13115,1.0,0.05,0.00013392722132071668,0.0,0.005670016297103624,0.07496682355322223,0.0
13116,1.0,0.05,0.00013392722132071668,0.0,0.005670016297103624,0.07496682355322223,0.0
13117,1.0,0.05,0.00013392722132071668,0.0,0.005670016297103624,0.07496682355322223,0.0
13118,1.0,0.05,0.00013392722132071668,0.0,0.0060890851604228895,0.07496682355322223,0.0
13119,1.0,0.05,0.00012979757118501123,0.0,0.0060890851604228895,0.07496682355322223,0.0
13120,1.0,0.05,0.00012979757118501123,0.0,0.0060890851604228895,0.07496682355322223,0.0
13121,1.0,0.05,0.00013566572141665342,0.0,0.0060890851604228895,0.05733005420981413,0.0
13122,1.0,0.05,0.00013566572141665342,0.0,0.0060890851604228895,0.08778264806582328,0.0
13123,1.0,0.05,0.00013566572141665342,0.0,0.0060890851604228895,0.08952519544475893,0.0
13124,1.0,0.05,0.00013566572141665342,0.0,0.0060890851604228895,0.08952519544475893,0.0
13125,1.0,0.05,0.00013566572141665342,0.0,0.0060890851604228895,0.07595657207623845,0.0
13126,1.0,0.05,0.00013566572141665342,0.0,0.0060890851604228895,0.07595657207623845,0.0
13127,1.0,0.05,0.00013566572141665342,0.0,0.0060890851604228895,0.02088816930979697,0.0
13128,1.0,0.05,0.00013566572141665342,0.0,0.0060890851604228895,0.02088816930979697,0.0
13129,1.0,0.05,0.00013566572141665342,0.0,0.0060890851604228895,0.022547957892235546,0.0
13130,1.0,0.05,0.00013566572141665342,0.0,0.0060890851604228895,0.03556556567212556,0.0
13131,1.0,0.05,0.00013566572141665342,0.0,0.0060890851604228895,0.03556556567212556,0.0
13132,1.0,0.05,0.00013566572141665342,0.0,0.0060890851604228895,0.03556556567212556,0.0
13133,1.0,0.05,0.00013566572141665342,0.0,0.0060890851604228895,0.03556556567212556,0.0
13134,1.0,0.05,0.00013566572141665342,0.0,0.0060890851604228895,0.03556556567212556,0.0
13135,1.0,0.05,0.00013566572141665342,0.0,0.005922456077751329,0.03556556567212556,0.0
13136,1.0,0.05,0.00013566572141665342,0.0,0.005922456077751329,0.045473547068933695,0.0
13137,1.0,0.05,0.00013566572141665342,0.0,0.005922456077751329,0.032459470358417924,0.0
13138,1.0,0.05,0.00013566572141665342,0.0,0.005922456077751329,0.04828947656438583,0.0
13139,1.0,0.05,0.00013566572141665342,0.0,0.005922456077751329,0.04828947656438583,0.0
13140,1.0,0.05,0.00013566572141665342,0.0,0.005922456077751329,0.044354825615468205,0.0
13141,1.0,0.05,0.00013566572141665342,0.0,0.005922456077751329,0.044354825615468205,0.0
13142,1.0,0.05,0.00013566572141665342,0.0,0.005922456077751329,0.0769707859371878,0.0
13143,1.0,0.05,0.00013566572141665342,0.0,0.005922456077751329,0.048606375503258845,0.0
13144,1.0,0.05,0.00013566572141665342,0.0,0.005922456077751329,0.0725620617380835,0.0
13145,1.0,0.05,0.00013566572141665342,0.0,0.005922456077751329,0.06677031581724628,0.0
13146,1.0,0.05,0.00013618487772167084,0.0,0.005922456077751329,0.06677031581724628,0.0
13147,1.0,0.05,0.00013618487772167084,0.0,0.005922456077751329,0.06677031581724628,0.0
13148,1.0,0.05,0.00013618487772167084,0.0,0.005922456077751329,0.06677031581724628,0.0
13149,1.0,0.05,0.00013618487772167084,0.0,0.005922456077751329,0.06346257507421332,0.0
13150,1.0,0.05,0.00013618487772167084,0.0,0.005922456077751329,0.06346257507421332,0.0
13151,1.0,0.05,0.00013618487772167084,0.0,0.005922456077751329,0.06346257507421332,0.0
13152,1.0,0.05,0.00013618487772167084,0.0,0.005922456077751329,0.06346257507421332,0.0
13153,1.0,0.05,0.000136842308621005,0.0,0.005922456077751329,0.06346257507421332,0.0
13154,1.0,0.05,0.000136842308621005,0.0,0.005922456077751329,0.06346257507421332,0.0
13155,1.0,0.05,0.000136842308621005,0.0,0.005922456077751329,0.06346257507421332,0.0
13156,1.0,0.05,0.000136842308621005,0.0,0.005922456077751329,0.06346257507421332,0.0
13157,1.0,0.05,0.000136842308621005,0.0,0.005922456077751329,0.06346257507421332,0.0
13158,1.0,0.05,0.000136842308621005,0.0,0.005922456077751329,0.06346257507421332,0.0
13159,1.0,0.05,0.00013968943869071046,0.0,0.005922456077751329,0.044965934328175215,0.0
13160,1.0,0.05,0.00013968943869071046,0.0,0.005922456077751329,0.044965934328175215,0.0
13161,1.0,0.05,0.00013968943869071046,0.0,0.005922456077751329,0.07199578921552116,0.0
13162,1.0,0.05,0.00013968943869071046,0.0,0.005922456077751329,0.049450336729892595,0.0
13163,1.0,0.05,0.00013968943869071046,0.0,0.005922456077751329,0.049450336729892595,0.0
13164,1.0,0.05,0.00013968943869071046,0.0,0.005922456077751329,0.04437805093262887,0.0
13165,1.0,0.05,0.00013968943869071046,0.0,0.00586722667318672,0.034254106989155764,0.0
13166,1.0,0.05,0.00013968943869071046,0.0,0.00586722667318672,0.05559246528182642,0.0
13167,1.0,0.05,0.00013968943869071046,0.0,0.00586722667318672,0.05559246528182642,0.0
13168,1.0,0.05,0.00013968943869071046,0.0,0.00586722667318672,0.04612053590601271,0.0
13169,1.0,0.05,0.00013968943869071046,0.0,0.00586722667318672,0.04612053590601271,0.0
13170,1.0,0.05,0.00013968943869071046,0.0,0.00586722667318672,0.04612053590601271,0.0
13171,1.0,0.05,0.00013968943869071046,0.0,0.00586722667318672,0.04612053590601271,0.0
13172,1.0,0.05,0.00013968943869071046,0.0,0.00586722667318672,0.04612053590601271,0.0
13173,1.0,0.05,0.00013559001090195544,0.0,0.00586722667318672,0.04612053590601271,0.0
13174,1.0,0.05,0.00013559001090195544,0.0,0.00586722667318672,0.06116921364017454,0.0
13175,1.0,0.05,0.0001325987900554994,0.0,0.00586722667318672,0.021435129399621354,0.0
13176,1.0,0.05,0.0001325987900554994,0.0,0.00586722667318672,0.021435129399621354,0.0
13177,1.0,0.05,0.0001325987900554994,0.0,0.00586722667318672,0.06905343933775406,0.0
13178,1.0,0.05,0.0001325987900554994,0.0,0.00586722667318672,0.025527373029744296,0.0
13179,1.0,0.05,0.0001325987900554994,0.0,0.00586722667318672,0.050860543279321775,0.0
13180,1.0,0.05,0.0001325987900554994,0.0,0.00586722667318672,0.053039151137173585,0.0
13181,1.0,0.05,0.0001325987900554994,0.0,0.00586722667318672,0.053039151137173585,0.0
13182,1.0,0.05,0.0001325987900554994,0.0,0.00586722667318672,0.05427724232134112,0.0
13183,1.0,0.05,0.0001325987900554994,0.0,0.00586722667318672,0.05427724232134112,0.0
13184,1.0,0.05,0.0001325987900554994,0.0,0.00586722667318672,0.05427724232134112,0.0
13185,1.0,0.05,0.0001325987900554994,0.0,0.00586722667318672,0.05427724232134112,0.0
13186,1.0,0.05,0.0001325987900554994,0.0,0.00586722667318672,0.0176003133020995,0.0
13187,1.0,0.05,0.0001325987900554994,0.0,0.00586722667318672,0.059770082239528816,0.0
13188,1.0,0.05,0.0001325987900554994,0.0,0.00586722667318672,0.059770082239528816,0.0
13189,1.0,0.05,0.00013738074977774422,0.0,0.00586722667318672,0.059770082239528816,0.0
13190,1.0,0.05,0.00013738074977774422,0.0,0.00586722667318672,0.059770082239528816,0.0
13191,1.0,0.05,0.00014071026611649578,0.0,0.00586722667318672,0.059770082239528816,0.0
13192,1.0,0.05,0.00014071026611649578,0.0,0.00586722667318672,0.008401175960681616,0.0
13193,1.0,0.05,0.00014071026611649578,0.0,0.00586722667318672,0.029418878520217295,0.0
13194,1.0,0.05,0.00014071026611649578,0.0,0.00586722667318672,0.051853723702486254,0.0
13195,1.0,0.05,0.00014071026611649578,0.0,0.00586722667318672,0.051853723702486254,0.0
13196,1.0,0.05,0.00014071026611649578,0.0,0.00586722667318672,0.051853723702486254,0.0
13197,1.0,0.05,0.00014071026611649578,0.0,0.00586722667318672,0.051853723702486254,0.0
13198,1.0,0.05,0.00014071026611649578,0.0,0.005232627179126758,0.051853723702486254,0.0
13199,1.0,0.05,0.00014071026611649578,0.0,0.005232627179126758,0.051853723702486254,0.0
13200,1.0,0.05,0.00014071026611649578,0.0,0.005232627179126758,0.060260897254738245,0.0
13201,1.0,0.05,0.00013245535518010982,0.0,0.005232627179126758,0.060260897254738245,0.0
13202,1.0,0.05,0.00013245535518010982,0.0,0.005171097514617961,0.060260897254738245,0.0
13203,1.0,0.05,0.00013245535518010982,0.0,0.005171097514617961,0.060260897254738245,0.0
13204,1.0,0.05,0.00013245535518010982,0.0,0.0052134983891677245,0.060260897254738245,0.0
13205,1.0,0.05,0.00013245535518010982,0.0,0.0052134983891677245,0.060260897254738245,0.0
13206,1.0,0.05,0.00013245535518010982,0.0,0.005649588153755941,0.043867449978041,0.0
13207,1.0,0.05,0.00013245535518010982,0.0,0.005649588153755941,0.10366811356735618,0.0
13208,1.0,0.05,0.0001368474012206894,0.0,0.005649588153755941,0.07206984242179548,0.0
13209,1.0,0.05,0.0001368474012206894,0.0,0.005649588153755941,0.07206984242179548,0.0
13210,1.0,0.05,0.0001368474012206894,0.0,0.006186363064229939,0.07206984242179548,0.0
13211,1.0,0.05,0.0001368474012206894,0.0,0.006186363064229939,0.07206984242179548,0.0
13212,1.0,0.05,0.00013903981244876506,0.0,0.006186363064229939,0.07206984242179548,0.0
13213,1.0,0.05,0.00013903981244876506,0.0,0.006186363064229939,0.07206984242179548,0.0
13214,1.0,0.05,0.00013903981244876506,0.0,0.006186363064229939,0.012368167546098669,0.0
13215,1.0,0.05,0.00013903981244876506,0.0,0.006186363064229939,0.009900812629853978,0.0
13216,1.0,0.05,0.00013903981244876506,0.0,0.006186363064229939,0.009900812629853978,0.0
13217,1.0,0.05,0.00013426113990961403,0.0,0.006186363064229939,0.039744166235563615,0.0
13218,1.0,0.05,0.00013426113990961403,0.0,0.006186363064229939,0.039744166235563615,0.0
13219,1.0,0.05,0.00013340877256024801,0.0,0.005628181794227121,0.05303486895101442,0.0
13220,1.0,0.05,0.00013574192143957643,0.0,0.005628181794227121,0.09356234662428575,0.0
13221,1.0,0.05,0.00013574192143957643,0.0,0.005628181794227121,0.04687904251311077,0.0
13222,1.0,0.05,0.00013574192143957643,0.0,0.005628181794227121,0.04687904251311077,0.0
13223,1.0,0.05,0.00013574192143957643,0.0,0.005628181794227121,0.07353303972153735,0.0
13224,1.0,0.05,0.00013574192143957643,0.0,0.005628181794227121,0.07353303972153735,0.0
13225,1.0,0.05,0.00013574192143957643,0.0,0.005628181794227121,0.036702680357587364,0.0
13226,1.0,0.05,0.00013574192143957643,0.0,0.005628181794227121,0.07368662251242979,0.0
13227,1.0,0.05,0.00013574192143957643,0.0,0.005628181794227121,0.07368662251242979,0.0
13228,1.0,0.05,0.00013574192143957643,0.0,0.005628181794227121,0.07368662251242979,0.0
13229,1.0,0.05,0.00014153943896585066,0.0,0.005611037452902533,0.07368662251242979,0.0
13230,1.0,0.05,0.00014153943896585066,0.0,0.005611037452902533,0.07368662251242979,0.0
13231,1.0,0.05,0.00014153943896585066,0.0,0.005611037452902533,0.07368662251242979,0.0
13232,1.0,0.05,0.00014153943896585066,0.0,0.005052250589217576,0.07368662251242979,0.0
13233,1.0,0.05,0.00014153943896585066,0.0,0.005052250589217576,0.028788318705231714,0.0
13234,1.0,0.05,0.00014153943896585066,0.0,0.005052250589217576,0.034604637378758164,0.0
13235,1.0,0.05,0.00014153943896585066,0.0,0.004375460571337664,0.034604637378758164,0.0
13236,1.0,0.05,0.00014153943896585066,0.0,0.004375460571337664,0.016996755535157844,0.0
13237,1.0,0.05,0.00014153943896585066,0.0,0.004433231018631073,0.06286499375162252,0.0
13238,1.0,0.05,0.00014054586575298013,0.0,0.004433231018631073,0.025071982010896762,0.0
13239,1.0,0.05,0.00014054586575298013,0.0,0.004584684487107187,0.012580665162907654,0.0
13240,1.0,0.05,0.00014054586575298013,0.0,0.004584684487107187,0.012580665162907654,0.0
13241,1.0,0.05,0.00014054586575298013,0.0,0.004584684487107187,0.012580665162907654,0.0
13242,1.0,0.05,0.00014054586575298013,0.0,0.004584684487107187,0.012580665162907654,0.0
13243,1.0,0.05,0.00014054586575298013,0.0,0.005018606199418424,0.016926133626518246,0.0
13244,1.0,0.05,0.00014054586575298013,0.0,0.005018606199418424,0.016926133626518246,0.0
13245,1.0,0.05,0.00014054586575298013,0.0,0.005018606199418424,0.016926133626518246,0.0
13246,1.0,0.05,0.00013485257842879342,0.0,0.005018606199418424,0.010075913254304868,0.0
13247,1.0,0.05,0.00013485257842879342,0.0,0.00745258845716349,0.007849613464898823,0.0
13248,1.0,0.05,0.00013485257842879342,0.0,0.00745258845716349,0.007849613464898823,0.0
13249,1.0,0.05,0.00013485257842879342,0.0,0.006059468332704991,0.002268318643697043,0.0
13250,1.0,0.05,0.00013485257842879342,0.0,0.006059468332704991,0.004007982455842797,0.0
13251,1.0,0.05,0.00013485257842879342,0.0,0.006059468332704991,0.05032828847024704,0.0
13252,1.0,0.05,0.00013485257842879342,0.0,0.006059468332704991,0.038148169190859074,0.0
13253,1.0,0.05,0.00013485257842879342,0.0,0.006315885254700041,0.03117064021328165,0.0
13254,1.0,0.05,0.00013485257842879342,0.0,0.006315885254700041,0.03117064021328165,0.0
13255,1.0,0.05,0.00013485257842879342,0.0,0.004869052700254713,0.04199581929549206,0.0
13256,1.0,0.05,0.00013316294837513085,0.0,0.004869052700254713,0.07980723047963877,0.0
13257,1.0,0.05,0.00013316294837513085,0.0,0.007457161373628707,0.07009790995434492,0.0
13258,1.0,0.05,0.00013316294837513085,0.0,0.007457161373628707,0.07009790995434492,0.0
13259,1.0,0.05,0.00013316294837513085,0.0,0.007457161373628707,0.07009790995434492,0.0
13260,1.0,0.05,0.00013316294837513085,0.0,0.007457161373628707,0.07009790995434492,0.0
13261,1.0,0.05,0.00013316294837513085,0.0,0.007457161373628707,0.07009790995434492,0.0
13262,1.0,0.05,0.00013316294837513085,0.0,0.00632279975255758,0.07009790995434492,0.0
13263,1.0,0.05,0.00013109503362892142,0.0,0.00632279975255758,0.05394147345503419,0.0
13264,1.0,0.05,0.00013733661479278756,0.0,0.00632279975255758,0.05394147345503419,0.0
13265,1.0,0.05,0.00013733661479278756,0.0,0.00632279975255758,0.05394147345503419,0.0
13266,1.0,0.05,0.00013733661479278756,0.0,0.00632279975255758,0.05394147345503419,0.0
13267,1.0,0.05,0.00013733661479278756,0.0,0.00632279975255758,0.05394147345503419,0.0
13268,1.0,0.05,0.00013733661479278756,0.0,0.00632279975255758,0.04461203742768659,0.0
13269,1.0,0.05,0.00013733661479278756,0.0,0.00632279975255758,0.04461203742768659,0.0
13270,1.0,0.05,0.00013733661479278756,0.0,0.00632279975255758,0.04461203742768659,0.0
13271,1.0,0.05,0.00013733661479278756,0.0,0.00632279975255758,0.04461203742768659,0.0
13272,1.0,0.05,0.00013733661479278756,0.0,0.005667650904629081,0.08194921314435502,0.0
13273,1.0,0.05,0.00013733661479278756,0.0,0.005833476087134214,0.08194921314435502,0.0
13274,1.0,0.05,0.00013733661479278756,0.0,0.005787906712178907,0.08769545202443273,0.0
13275,1.0,0.05,0.00013733661479278756,0.0,0.005787906712178907,0.08769545202443273,0.0
13276,1.0,0.05,0.00013733661479278756,0.0,0.005787906712178907,0.08769545202443273,0.0
13277,1.0,0.05,0.00013733661479278756,0.0,0.005787906712178907,0.04429055945745524,0.0
13278,1.0,0.05,0.00013733661479278756,0.0,0.005787906712178907,0.04429055945745524,0.0
13279,1.0,0.05,0.00013733661479278756,0.0,0.005787906712178907,0.04429055945745524,0.0
13280,1.0,0.05,0.00013733661479278756,0.0,0.00621928716476474,0.04429055945745524,0.0
13281,1.0,0.05,0.00013733661479278756,0.0,0.00621928716476474,0.04429055945745524,0.0
13282,1.0,0.05,0.00013733661479278756,0.0,0.00621928716476474,0.04429055945745524,0.0
13283,1.0,0.05,0.00013733661479278756,0.0,0.00621928716476474,0.04429055945745524,0.0
13284,1.0,0.05,0.00013733661479278756,0.0,0.00621928716476474,0.04429055945745524,0.0
13285,1.0,0.05,0.00013733661479278756,0.0,0.00621928716476474,0.028381337480467936,0.0
13286,1.0,0.05,0.00014022900427366973,0.0,0.006345224529436108,0.024644620157773946,0.0
13287,1.0,0.05,0.00014022900427366973,0.0,0.005154506803862771,0.024644620157773946,0.0
13288,1.0,0.05,0.00013834902374885316,0.0,0.005154506803862771,0.029063651183224126,0.0
13289,1.0,0.05,0.00013834902374885316,0.0,0.005154506803862771,0.04230586561628141,0.0
13290,1.0,0.05,0.00013834902374885316,0.0,0.005154506803862771,0.0695260306231754,0.0
13291,1.0,0.05,0.00013834902374885316,0.0,0.005154506803862771,0.0695260306231754,0.0
13292,1.0,0.05,0.00013261975270870686,0.0,0.005593521076396755,0.0695260306231754,0.0
13293,1.0,0.05,0.00013261975270870686,0.0,0.005593521076396755,0.016004557689394905,0.0
13294,1.0,0.05,0.00013261975270870686,0.0,0.005593521076396755,0.016004557689394905,0.0
13295,1.0,0.05,0.00013261975270870686,0.0,0.005287879060878531,0.032359514806518656,0.0
13296,1.0,0.05,0.00013261975270870686,0.0,0.0057677119127259235,0.03376521400263706,0.0
13297,1.0,0.05,0.00013261975270870686,0.0,0.0057677119127259235,0.03376521400263706,0.0
13298,1.0,0.05,0.00013261975270870686,0.0,0.0057677119127259235,0.03376521400263706,0.0
13299,1.0,0.05,0.00013261975270870686,0.0,0.0057677119127259235,0.04826884714217105,0.0
13300,1.0,0.05,0.00013261975270870686,0.0,0.005417259625705271,0.04826884714217105,0.0
13301,1.0,0.05,0.00013261975270870686,0.0,0.006935784576049131,0.04826884714217105,0.0
13302,1.0,0.05,0.00013261975270870686,0.0,0.0069297980310548575,0.04826884714217105,0.0
13303,1.0,0.05,0.00013261975270870686,0.0,0.004983722558927553,0.04826884714217105,0.0
13304,1.0,0.05,0.00013261975270870686,0.0,0.0057960678929246815,0.02648375598270599,0.0
13305,1.0,0.05,0.00013261975270870686,0.0,0.0057960678929246815,0.016554995881471454,0.0
13306,1.0,0.05,0.00013261975270870686,0.0,0.0057960678929246815,0.026852747707084155,0.0
13307,1.0,0.05,0.00013261975270870686,0.0,0.0057960678929246815,0.031561331252164336,0.0
13308,1.0,0.05,0.00013261975270870686,0.0,0.0057960678929246815,0.047959196449826706,0.0
13309,1.0,0.05,0.00013261975270870686,0.0,0.0057960678929246815,0.13049534293553514,0.0
13310,1.0,0.05,0.00013261975270870686,0.0,0.0057960678929246815,0.10598029442197279,0.0
13311,1.0,0.05,0.00013261975270870686,0.0,0.0057960678929246815,0.12004564468113349,0.0
13312,1.0,0.05,0.00013261975270870686,0.0,0.0057960678929246815,0.0861472144508544,0.0
13313,1.0,0.05,0.00013261975270870686,0.0,0.0057960678929246815,0.0861472144508544,0.0
13314,1.0,0.05,0.00013261975270870686,0.0,0.005896856257813115,0.0861472144508544,0.0
13315,1.0,0.05,0.00013261975270870686,0.0,0.005896856257813115,0.0861472144508544,0.0
13316,1.0,0.05,0.00013261975270870686,0.0,0.005896856257813115,0.0861472144508544,0.0
13317,1.0,0.05,0.00013261975270870686,0.0,0.005896856257813115,0.0861472144508544,0.0
13318,1.0,0.05,0.00013261975270870686,0.0,0.005896856257813115,0.07039986436007833,0.0
13319,1.0,0.05,0.00013261975270870686,0.0,0.005896856257813115,0.07039986436007833,0.0
13320,1.0,0.05,0.00013261975270870686,0.0,0.005896856257813115,0.060430105909339206,0.0
13321,1.0,0.05,0.00013261975270870686,0.0,0.005706785596531953,0.07656590589176099,0.0
13322,1.0,0.05,0.00013261975270870686,0.0,0.005706785596531953,0.07656590589176099,0.0
13323,1.0,0.05,0.00013261975270870686,0.0,0.006931955570006844,0.0931290375573579,0.0
13324,1.0,0.05,0.00013261975270870686,0.0,0.006931955570006844,0.0931290375573579,0.0
13325,1.0,0.05,0.00013261975270870686,0.0,0.006931955570006844,0.0931290375573579,0.0
13326,1.0,0.05,0.00013261975270870686,0.0,0.006931955570006844,0.0931290375573579,0.0
13327,1.0,0.05,0.00013261975270870686,0.0,0.006907188573044794,0.05737073790181044,0.0
13328,1.0,0.05,0.0001298436508154156,0.0,0.006907188573044794,0.1526989845218649,0.0
13329,1.0,0.05,0.0001298436508154156,0.0,0.006907188573044794,0.1526989845218649,0.0
13330,1.0,0.05,0.0001298436508154156,0.0,0.006907188573044794,0.1526989845218649,0.0
13331,1.0,0.05,0.0001298436508154156,0.0,0.007549343766430102,0.1526989845218649,0.0
13332,1.0,0.05,0.0001298436508154156,0.0,0.007549343766430102,0.0949459839311163,0.0
13333,1.0,0.05,0.0001298436508154156,0.0,0.007233664855391509,0.0949459839311163,0.0
13334,1.0,0.05,0.0001298436508154156,0.0,0.007233664855391509,0.0949459839311163,0.0
13335,1.0,0.05,0.0001298436508154156,0.0,0.007233664855391509,0.04867124944524964,0.0
13336,1.0,0.05,0.0001298436508154156,0.0,0.007233664855391509,0.049215595181375776,0.0
13337,1.0,0.05,0.0001298436508154156,0.0,0.007233664855391509,0.01942945499485207,0.0
13338,1.0,0.05,0.0001298436508154156,0.0,0.007233664855391509,0.011789358848718047,0.0
13339,1.0,0.05,0.0001298436508154156,0.0,0.007233664855391509,0.013870782517400072,0.0
13340,1.0,0.05,0.0001298436508154156,0.0,0.007233664855391509,0.019241799009579803,0.0
13341,1.0,0.05,0.0001298436508154156,0.0,0.007233664855391509,0.0498286367089736,0.0
13342,1.0,0.05,0.0001298436508154156,0.0,0.007820346421094143,0.0498286367089736,0.0
13343,1.0,0.05,0.0001298436508154156,0.0,0.007820346421094143,0.0498286367089736,0.0
13344,1.0,0.05,0.0001298436508154156,0.0,0.007820346421094143,0.03591100197368041,0.0
13345,1.0,0.05,0.0001298436508154156,0.0,0.007820346421094143,0.03591100197368041,0.0
13346,1.0,0.05,0.00012743667737598555,0.0,0.007820346421094143,0.1475640570629788,0.0
13347,1.0,0.05,0.00012743667737598555,0.0,0.007820346421094143,0.1475640570629788,0.0
13348,1.0,0.05,0.00012743667737598555,0.0,0.007820346421094143,0.1475640570629788,0.0
13349,1.0,0.05,0.00012743667737598555,0.0,0.007820346421094143,0.13387473266732755,0.0
13350,1.0,0.05,0.00012743667737598555,0.0,0.007820346421094143,0.13387473266732755,0.0
13351,1.0,0.05,0.00012743667737598555,0.0,0.006257521648319647,0.13387473266732755,0.0
13352,1.0,0.05,0.00012743667737598555,0.0,0.006257521648319647,0.13387473266732755,0.0
13353,1.0,0.05,0.00012743667737598555,0.0,0.0063642314948318965,0.13387473266732755,0.0
13354,1.0,0.05,0.00012743667737598555,0.0,0.0063642314948318965,0.09035204989660256,0.0
13355,1.0,0.05,0.00012743667737598555,0.0,0.006393767783999222,0.09035204989660256,0.0
13356,1.0,0.05,0.00012743667737598555,0.0,0.006393767783999222,0.09035204989660256,0.0
13357,1.0,0.05,0.00012743667737598555,0.0,0.006797987226090864,0.09649357067354147,0.0
13358,1.0,0.05,0.00012743667737598555,0.0,0.006797987226090864,0.09649357067354147,0.0
13359,1.0,0.05,0.00012743667737598555,0.0,0.006797987226090864,0.09649357067354147,0.0
13360,1.0,0.05,0.00012743667737598555,0.0,0.006797987226090864,0.09649357067354147,0.0
13361,1.0,0.05,0.00012743667737598555,0.0,0.006797987226090864,0.09649357067354147,0.0
13362,1.0,0.05,0.00012743667737598555,0.0,0.00617374376657392,0.09649357067354147,0.0
13363,1.0,0.05,0.00012743667737598555,0.0,0.00617374376657392,0.032545406684930195,0.0
13364,1.0,0.05,0.00012743667737598555,0.0,0.006310546603607046,0.032545406684930195,0.0
13365,1.0,0.05,0.00013284200325727361,0.0,0.006310546603607046,0.032545406684930195,0.0
13366,1.0,0.05,0.00013114189452862417,0.0,0.006310546603607046,0.0788814399435494,0.0
13367,1.0,0.05,0.00013114189452862417,0.0,0.006310546603607046,0.0788814399435494,0.0
13368,1.0,0.05,0.00013114189452862417,0.0,0.006310546603607046,0.10665689126679666,0.0
13369,1.0,0.05,0.00013114189452862417,0.0,0.006310546603607046,0.10665689126679666,0.0
13370,1.0,0.05,0.00013114189452862417,0.0,0.006310546603607046,0.08432891485535648,0.0
13371,1.0,0.05,0.00013114189452862417,0.0,0.006310546603607046,0.08432891485535648,0.0
13372,1.0,0.05,0.00013114189452862417,0.0,0.006310546603607046,0.08432891485535648,0.0
13373,1.0,0.05,0.00013114189452862417,0.0,0.006310546603607046,0.08432891485535648,0.0
13374,1.0,0.05,0.00013114189452862417,0.0,0.006310546603607046,0.10548402973956346,0.0
13375,1.0,0.05,0.00013114189452862417,0.0,0.006380979386978899,0.10548402973956346,0.0
13376,1.0,0.05,0.00013114189452862417,0.0,0.006380979386978899,0.10548402973956346,0.0
13377,1.0,0.05,0.00013114189452862417,0.0,0.006380979386978899,0.10548402973956346,0.0
13378,1.0,0.05,0.00013114189452862417,0.0,0.006380979386978899,0.10548402973956346,0.0
13379,1.0,0.05,0.00013114189452862417,0.0,0.006380979386978899,0.10548402973956346,0.0
13380,1.0,0.05,0.00013114189452862417,0.0,0.006380979386978899,0.10548402973956346,0.0
13381,1.0,0.05,0.00013114189452862417,0.0,0.006380979386978899,0.10966489219999417,0.0
13382,1.0,0.05,0.00013114189452862417,0.0,0.006380979386978899,0.10966489219999417,0.0
13383,1.0,0.05,0.00013114189452862417,0.0,0.006380979386978899,0.09883410874017268,0.0
13384,1.0,0.05,0.00013114189452862417,0.0,0.006380979386978899,0.09883410874017268,0.0
13385,1.0,0.05,0.00013114189452862417,0.0,0.006380979386978899,0.07818643804447858,0.0
13386,1.0,0.05,0.00013114189452862417,0.0,0.006380979386978899,0.07818643804447858,0.0
13387,1.0,0.05,0.00013114189452862417,0.0,0.005775915967274659,0.07818643804447858,0.0
13388,1.0,0.05,0.00013114189452862417,0.0,0.005775915967274659,0.07818643804447858,0.0
13389,1.0,0.05,0.00013114189452862417,0.0,0.005775915967274659,0.07818643804447858,0.0
13390,1.0,0.05,0.00013114189452862417,0.0,0.005775915967274659,0.07818643804447858,0.0
13391,1.0,0.05,0.00013114189452862417,0.0,0.005775915967274659,0.07818643804447858,0.0
13392,1.0,0.05,0.00013114189452862417,0.0,0.00602337626533182,0.05714497371203202,0.0
13393,1.0,0.05,0.00013114189452862417,0.0,0.00602337626533182,0.05714497371203202,0.0
13394,1.0,0.05,0.00013114189452862417,0.0,0.00602337626533182,0.020415927164563266,0.0
13395,1.0,0.05,0.00013114189452862417,0.0,0.00602337626533182,0.020415927164563266,0.0
13396,1.0,0.05,0.00013114189452862417,0.0,0.00602337626533182,0.04773938547523153,0.0
13397,1.0,0.05,0.00013114189452862417,0.0,0.00602337626533182,0.04773938547523153,0.0
13398,1.0,0.05,0.00013114189452862417,0.0,0.00602337626533182,0.06782380840949363,0.0
13399,1.0,0.05,0.00013114189452862417,0.0,0.00602337626533182,0.06782380840949363,0.0
13400,1.0,0.05,0.00012453711735785168,0.0,0.00602337626533182,0.06782380840949363,0.0
13401,1.0,0.05,0.00012453711735785168,0.0,0.00602337626533182,0.06782380840949363,0.0
13402,1.0,0.05,0.00012453711735785168,0.0,0.005988594341954113,0.11766356663060007,0.0
13403,1.0,0.05,0.00012453711735785168,0.0,0.005988594341954113,0.038066665889313206,0.0
13404,1.0,0.05,0.00012453711735785168,0.0,0.006934430778774318,0.056857753777301276,0.0
13405,1.0,0.05,0.00013476933274195812,0.0,0.006934430778774318,0.08110116103627586,0.0
13406,1.0,0.05,0.00013476933274195812,0.0,0.006934430778774318,0.021662275184430008,0.0
13407,1.0,0.05,0.00013476933274195812,0.0,0.006934430778774318,0.03309782204775177,0.0
13408,1.0,0.05,0.00013476933274195812,0.0,0.006934430778774318,0.03309782204775177,0.0
13409,1.0,0.05,0.00013427551720832375,0.0,0.006934430778774318,0.02216603468231456,0.0
13410,1.0,0.05,0.00013427551720832375,0.0,0.005830344279816343,0.06569205356513369,0.0
13411,1.0,0.05,0.00013427551720832375,0.0,0.005830344279816343,0.06569205356513369,0.0
13412,1.0,0.05,0.00013427551720832375,0.0,0.005623745854081078,0.04756137244820189,0.0
13413,1.0,0.05,0.00013427551720832375,0.0,0.00610363777934358,0.035730358294750124,0.0
13414,1.0,0.05,0.00013427551720832375,0.0,0.00610363777934358,0.035730358294750124,0.0
13415,1.0,0.05,0.00013526102293134632,0.0,0.00610363777934358,0.035730358294750124,0.0
13416,1.0,0.05,0.00013526102293134632,0.0,0.00610363777934358,0.035730358294750124,0.0
13417,1.0,0.05,0.00013526102293134632,0.0,0.00610363777934358,0.03902104966673567,0.0
13418,1.0,0.05,0.00013526102293134632,0.0,0.00610363777934358,0.03902104966673567,0.0
13419,1.0,0.05,0.00013065446475333736,0.0,0.00610363777934358,0.03902104966673567,0.0
13420,1.0,0.05,0.00013065446475333736,0.0,0.00610363777934358,0.03553886752921751,0.0
13421,1.0,0.05,0.00013065446475333736,0.0,0.00610363777934358,0.03553886752921751,0.0
13422,1.0,0.05,0.00013065446475333736,0.0,0.00610363777934358,0.025517887734538194,0.0
13423,1.0,0.05,0.00013065446475333736,0.0,0.00610363777934358,0.035336296081206184,0.0
13424,1.0,0.05,0.00013065446475333736,0.0,0.004932982180071916,0.06640509229956347,0.0
13425,1.0,0.05,0.00013065446475333736,0.0,0.006526788661876073,0.06640509229956347,0.0
13426,1.0,0.05,0.00013065446475333736,0.0,0.006526788661876073,0.04587207496296652,0.0
13427,1.0,0.05,0.00014443264663619593,0.0,0.006526788661876073,0.04587207496296652,0.0
13428,1.0,0.05,0.00014443264663619593,0.0,0.006526788661876073,0.04587207496296652,0.0
13429,1.0,0.05,0.00014443264663619593,0.0,0.006526788661876073,0.024485012697689636,0.0
13430,1.0,0.05,0.00014443264663619593,0.0,0.006526788661876073,0.06831447143670319,0.0
13431,1.0,0.05,0.00014443264663619593,0.0,0.006526788661876073,0.06831447143670319,0.0
13432,1.0,0.05,0.00014443264663619593,0.0,0.006251631135934831,0.03131695545798656,0.0
13433,1.0,0.05,0.000140908570922568,0.0,0.006251631135934831,0.03131695545798656,0.0
13434,1.0,0.05,0.000140908570922568,0.0,0.006251631135934831,0.029745187820811782,0.0
13435,1.0,0.05,0.000140908570922568,0.0,0.006251631135934831,0.029745187820811782,0.0
13436,1.0,0.05,0.000140908570922568,0.0,0.006251631135934831,0.036478206532148595,0.0
13437,1.0,0.05,0.000140908570922568,0.0,0.006251631135934831,0.036478206532148595,0.0
13438,1.0,0.05,0.000140908570922568,0.0,0.006251631135934831,0.036478206532148595,0.0
13439,1.0,0.05,0.000140908570922568,0.0,0.006251631135934831,0.036478206532148595,0.0
13440,1.0,0.05,0.000140908570922568,0.0,0.006251631135934831,0.09360858310877945,0.0
13441,1.0,0.05,0.000140908570922568,0.0,0.006251631135934831,0.03899179929869288,0.0
13442,1.0,0.05,0.000140908570922568,0.0,0.006251631135934831,0.06921928549438124,0.0
13443,1.0,0.05,0.000140908570922568,0.0,0.006251631135934831,0.06921928549438124,0.0
13444,1.0,0.05,0.000140908570922568,0.0,0.006251631135934831,0.06921928549438124,0.0
13445,1.0,0.05,0.000140908570922568,0.0,0.006251631135934831,0.06921928549438124,0.0
13446,1.0,0.05,0.000140908570922568,0.0,0.006251631135934831,0.06921928549438124,0.0
13447,1.0,0.05,0.000140908570922568,0.0,0.006251631135934831,0.06921928549438124,0.0
13448,1.0,0.05,0.000140908570922568,0.0,0.006251631135934831,0.06921928549438124,0.0
13449,1.0,0.05,0.000140908570922568,0.0,0.006251631135934831,0.03147741374655576,0.0
13450,1.0,0.05,0.000140908570922568,0.0,0.006222454802120278,0.03147741374655576,0.0
13451,1.0,0.05,0.0001353763091637565,0.0,0.006222454802120278,0.03147741374655576,0.0
13452,1.0,0.05,0.0001353763091637565,0.0,0.006740801857141463,0.03147741374655576,0.0
13453,1.0,0.05,0.0001353763091637565,0.0,0.006740801857141463,0.04583036954624811,0.0
13454,1.0,0.05,0.0001353763091637565,0.0,0.006740801857141463,0.04583036954624811,0.0
13455,1.0,0.05,0.0001353763091637565,0.0,0.005720628841768857,0.04583036954624811,0.0
13456,1.0,0.05,0.0001353763091637565,0.0,0.00554625527943627,0.018002434315469586,0.0
13457,1.0,0.05,0.0001353763091637565,0.0,0.00554625527943627,0.018002434315469586,0.0
13458,1.0,0.05,0.0001353763091637565,0.0,0.00554625527943627,0.018002434315469586,0.0
13459,1.0,0.05,0.0001353763091637565,0.0,0.00554625527943627,0.018002434315469586,0.0
13460,1.0,0.05,0.0001368521995879614,0.0,0.00554625527943627,0.018002434315469586,0.0
13461,1.0,0.05,0.0001368521995879614,0.0,0.00554625527943627,0.01728008117695304,0.0
13462,1.0,0.05,0.0001368521995879614,0.0,0.00554625527943627,0.023794943926207367,0.0
13463,1.0,0.05,0.0001368521995879614,0.0,0.00554625527943627,0.023794943926207367,0.0
13464,1.0,0.05,0.0001368521995879614,0.0,0.006198259353678389,0.04737919434964152,0.0
13465,1.0,0.05,0.0001368521995879614,0.0,0.006198259353678389,0.04737919434964152,0.0
13466,1.0,0.05,0.00013649162913699817,0.0,0.006198259353678389,0.04737919434964152,0.0
13467,1.0,0.05,0.00013649162913699817,0.0,0.0057224202055881435,0.04737919434964152,0.0
13468,1.0,0.05,0.00013649162913699817,0.0,0.0057224202055881435,0.09710987298462997,0.0
13469,1.0,0.05,0.00013649162913699817,0.0,0.0057224202055881435,0.09710987298462997,0.0
13470,1.0,0.05,0.00013649162913699817,0.0,0.0057224202055881435,0.07769622781256447,0.0
13471,1.0,0.05,0.00013649162913699817,0.0,0.0057224202055881435,0.07769622781256447,0.0
13472,1.0,0.05,0.00013649162913699817,0.0,0.0057224202055881435,0.07769622781256447,0.0
13473,1.0,0.05,0.00013649162913699817,0.0,0.0057224202055881435,0.07769622781256447,0.0
13474,1.0,0.05,0.00013649162913699817,0.0,0.006091238186721493,0.04519079510516051,0.0
13475,1.0,0.05,0.00013649162913699817,0.0,0.006091238186721493,0.03600196824107713,0.0
13476,1.0,0.05,0.00013649162913699817,0.0,0.006091238186721493,0.03600196824107713,0.0
13477,1.0,0.05,0.00013649162913699817,0.0,0.006091238186721493,0.03600196824107713,0.0
13478,1.0,0.05,0.00013649162913699817,0.0,0.006091238186721493,0.040817227837799244,0.0
13479,1.0,0.05,0.00013649162913699817,0.0,0.006027733010960585,0.02296138864748207,0.0
13480,1.0,0.05,0.00013649162913699817,0.0,0.006027733010960585,0.01850839641001497,0.0
13481,1.0,0.05,0.00013649162913699817,0.0,0.006027733010960585,0.03030900247005211,0.0
13482,1.0,0.05,0.00013649162913699817,0.0,0.006027733010960585,0.03030900247005211,0.0
13483,1.0,0.05,0.00013649162913699817,0.0,0.006027733010960585,0.02370984281677568,0.0
13484,1.0,0.05,0.00013649162913699817,0.0,0.006027733010960585,0.0290910909242496,0.0
13485,1.0,0.05,0.0001314626985918586,0.0,0.006027733010960585,0.06027911739039225,0.0
13486,1.0,0.05,0.0001314626985918586,0.0,0.006027733010960585,0.0989251581542959,0.0
13487,1.0,0.05,0.0001314626985918586,0.0,0.006232329448881588,0.04916379951712113,0.0
13488,1.0,0.05,0.0001314626985918586,0.0,0.006232329448881588,0.04916379951712113,0.0
13489,1.0,0.05,0.0001314626985918586,0.0,0.00664420129709963,0.04916379951712113,0.0
13490,1.0,0.05,0.0001314626985918586,0.0,0.006224325323879034,0.04916379951712113,0.0
13491,1.0,0.05,0.0001314626985918586,0.0,0.006224325323879034,0.04916379951712113,0.0
13492,1.0,0.05,0.0001314626985918586,0.0,0.007165557297774262,0.04916379951712113,0.0
13493,1.0,0.05,0.0001314626985918586,0.0,0.007165557297774262,0.044886615470965986,0.0
13494,1.0,0.05,0.0001314626985918586,0.0,0.007165557297774262,0.044886615470965986,0.0
13495,1.0,0.05,0.0001314626985918586,0.0,0.007165557297774262,0.08734724430329596,0.0
13496,1.0,0.05,0.0001314626985918586,0.0,0.007165557297774262,0.08734724430329596,0.0
13497,1.0,0.05,0.0001314626985918586,0.0,0.005237214783831069,0.08734724430329596,0.0
13498,1.0,0.05,0.0001314626985918586,0.0,0.005237214783831069,0.09112677357823462,0.0
13499,1.0,0.05,0.0001314626985918586,0.0,0.005237214783831069,0.09112677357823462,0.0
13500,1.0,0.05,0.0001314626985918586,0.0,0.005237214783831069,0.09112677357823462,0.0
13501,1.0,0.05,0.0001314626985918586,0.0,0.005237214783831069,0.08268523539764762,0.0
13502,1.0,0.05,0.0001314626985918586,0.0,0.006399019312072268,0.08268523539764762,0.0
13503,1.0,0.05,0.0001314626985918586,0.0,0.006399019312072268,0.08268523539764762,0.0
13504,1.0,0.05,0.0001314626985918586,0.0,0.006399019312072268,0.08268523539764762,0.0
13505,1.0,0.05,0.0001314626985918586,0.0,0.006352158809372047,0.10049041050763145,0.0
13506,1.0,0.05,0.0001314626985918586,0.0,0.005557085684259926,0.03060475218753949,0.0
13507,1.0,0.05,0.0001314626985918586,0.0,0.005557085684259926,0.05164849359848244,0.0
13508,1.0,0.05,0.0001314626985918586,0.0,0.005557085684259926,0.038395881180553926,0.0
13509,1.0,0.05,0.0001314626985918586,0.0,0.006204204590919162,0.038395881180553926,0.0
13510,1.0,0.05,0.0001314626985918586,0.0,0.006204204590919162,0.04913018041064955,0.0
13511,1.0,0.05,0.0001314626985918586,0.0,0.006204204590919162,0.10377374597937238,0.0
13512,1.0,0.05,0.0001330734543993276,0.0,0.006204204590919162,0.08377936249022275,0.0
13513,1.0,0.05,0.00014220316626902568,0.0,0.006204204590919162,0.08377936249022275,0.0
13514,1.0,0.05,0.00014220316626902568,0.0,0.006352160532701821,0.08377936249022275,0.0
13515,1.0,0.05,0.00014220316626902568,0.0,0.006352160532701821,0.08377936249022275,0.0
13516,1.0,0.05,0.00014220316626902568,0.0,0.006352160532701821,0.04289293128638447,0.0
13517,1.0,0.05,0.00014220316626902568,0.0,0.006352160532701821,0.0791180040221931,0.0
13518,1.0,0.05,0.00014220316626902568,0.0,0.005805670422705293,0.0791180040221931,0.0
13519,1.0,0.05,0.00014220316626902568,0.0,0.005805670422705293,0.02720626709608044,0.0
13520,1.0,0.05,0.00014220316626902568,0.0,0.005805670422705293,0.02720626709608044,0.0
13521,1.0,0.05,0.00014220316626902568,0.0,0.005805670422705293,0.04108423591163757,0.0
13522,1.0,0.05,0.00014220316626902568,0.0,0.0049193642928525285,0.04108423591163757,0.0
13523,1.0,0.05,0.0001387078614277347,0.0,0.0049193642928525285,0.03064161343647342,0.0
13524,1.0,0.05,0.00013093982354785489,0.0,0.006491526683371377,0.09412106611830666,0.0
13525,1.0,0.05,0.00013093982354785489,0.0,0.006009554360183509,0.09412106611830666,0.0
13526,1.0,0.05,0.00013093982354785489,0.0,0.006009554360183509,0.09412106611830666,0.0
13527,1.0,0.05,0.00013093982354785489,0.0,0.006009554360183509,0.09490200417580089,0.0
13528,1.0,0.05,0.00013093982354785489,0.0,0.005888048804253692,0.09490200417580089,0.0
13529,1.0,0.05,0.00013093982354785489,0.0,0.005888048804253692,0.09462810508770202,0.0
13530,1.0,0.05,0.00012967484170909433,0.0,0.005888048804253692,0.037741225211085416,0.0
13531,1.0,0.05,0.00013324036786657319,0.0,0.005888048804253692,0.049077637089475976,0.0
13532,1.0,0.05,0.00013370205188308,0.0,0.005888048804253692,0.0653335856030893,0.0
13533,1.0,0.05,0.00013370205188308,0.0,0.005888048804253692,0.02306568654560772,0.0
13534,1.0,0.05,0.00013370205188308,0.0,0.005888048804253692,0.056332966350933836,0.0
13535,1.0,0.05,0.00013370205188308,0.0,0.006064396937040299,0.056332966350933836,0.0
13536,1.0,0.05,0.00013370205188308,0.0,0.006064396937040299,0.02363295331066264,0.0
13537,1.0,0.05,0.00013370205188308,0.0,0.006064396937040299,0.02363295331066264,0.0
13538,1.0,0.05,0.00013836443373262136,0.0,0.006064396937040299,0.012192432306900348,0.0
13539,1.0,0.05,0.00013836443373262136,0.0,0.006064396937040299,0.012192432306900348,0.0
13540,1.0,0.05,0.00013836443373262136,0.0,0.006064396937040299,0.0067539436467383895,0.0
13541,1.0,0.05,0.00013836443373262136,0.0,0.006171282961004222,0.012529722013756232,0.0
13542,1.0,0.05,0.00013836443373262136,0.0,0.006171282961004222,0.01694494578357732,0.0
13543,1.0,0.05,0.00013836443373262136,0.0,0.006171282961004222,0.01694494578357732,0.0
13544,1.0,0.05,0.00013836443373262136,0.0,0.006171282961004222,0.026647823290336076,0.0
13545,1.0,0.05,0.00014277590294810066,0.0,0.006171282961004222,0.026647823290336076,0.0
13546,1.0,0.05,0.00013290832120842625,0.0,0.006171282961004222,0.029727642498590248,0.0
13547,1.0,0.05,0.00013652441440332273,0.0,0.006171282961004222,0.029727642498590248,0.0
13548,1.0,0.05,0.00013652441440332273,0.0,0.006171282961004222,0.05760503043898174,0.0
13549,1.0,0.05,0.00013652441440332273,0.0,0.0060795275447976796,0.05760503043898174,0.0
13550,1.0,0.05,0.00013652441440332273,0.0,0.0060795275447976796,0.05760503043898174,0.0
13551,1.0,0.05,0.00013652441440332273,0.0,0.0060795275447976796,0.03483888868319876,0.0
13552,1.0,0.05,0.00013652441440332273,0.0,0.0060795275447976796,0.05415815802999601,0.0
13553,1.0,0.05,0.00013652441440332273,0.0,0.0060795275447976796,0.05415815802999601,0.0
13554,1.0,0.05,0.00013652441440332273,0.0,0.0060795275447976796,0.05415815802999601,0.0
13555,1.0,0.05,0.00013652441440332273,0.0,0.0060795275447976796,0.022917455318276096,0.0
13556,1.0,0.05,0.00013652441440332273,0.0,0.0060795275447976796,0.06659073586090405,0.0
13557,1.0,0.05,0.00013652441440332273,0.0,0.0060795275447976796,0.0550810202923615,0.0
13558,1.0,0.05,0.00013652441440332273,0.0,0.0060795275447976796,0.03937210840941522,0.0
13559,1.0,0.05,0.00013652441440332273,0.0,0.0060795275447976796,0.03377130400295989,0.0
13560,1.0,0.05,0.00013652441440332273,0.0,0.0060795275447976796,0.03377130400295989,0.0
13561,1.0,0.05,0.00013652441440332273,0.0,0.0060795275447976796,0.03377130400295989,0.0
13562,1.0,0.05,0.00013652441440332273,0.0,0.0060795275447976796,0.03377130400295989,0.0
13563,1.0,0.05,0.00013652441440332273,0.0,0.0060795275447976796,0.07090307495846934,0.0
13564,1.0,0.05,0.00013503758646451602,0.0,0.0060795275447976796,0.05508884287980578,0.0
13565,1.0,0.05,0.00013503758646451602,0.0,0.0060795275447976796,0.05508884287980578,0.0
13566,1.0,0.05,0.00013503758646451602,0.0,0.0060795275447976796,0.060247405135328065,0.0
13567,1.0,0.05,0.00013503758646451602,0.0,0.006071970082147089,0.060247405135328065,0.0
13568,1.0,0.05,0.00013503758646451602,0.0,0.006071970082147089,0.060247405135328065,0.0
13569,1.0,0.05,0.00013503758646451602,0.0,0.006071970082147089,0.07651397958126972,0.0
13570,1.0,0.05,0.00013503758646451602,0.0,0.006071970082147089,0.07651397958126972,0.0
13571,1.0,0.05,0.00013503758646451602,0.0,0.006071970082147089,0.07651397958126972,0.0
13572,1.0,0.05,0.00013503758646451602,0.0,0.006071970082147089,0.07651397958126972,0.0
13573,1.0,0.05,0.00013503758646451602,0.0,0.006071970082147089,0.07651397958126972,0.0
13574,1.0,0.05,0.00013579704919913815,0.0,0.006071970082147089,0.044131805040188425,0.0
13575,1.0,0.05,0.00013579704919913815,0.0,0.006071970082147089,0.05706472153456252,0.0
13576,1.0,0.05,0.00012777734442191677,0.0,0.006071970082147089,0.03363689944691269,0.0
13577,1.0,0.05,0.00012777734442191677,0.0,0.0065207576600415625,0.03363689944691269,0.0
13578,1.0,0.05,0.0001306899755645785,0.0,0.006197803220727757,0.025122759054765107,0.0
13579,1.0,0.05,0.0001306899755645785,0.0,0.006197803220727757,0.08455938595150703,0.0
13580,1.0,0.05,0.0001306899755645785,0.0,0.006334063998082381,0.08455938595150703,0.0
13581,1.0,0.05,0.0001306899755645785,0.0,0.007542676672581165,0.08455938595150703,0.0
13582,1.0,0.05,0.0001306899755645785,0.0,0.006561418766019876,0.0716371398302122,0.0
13583,1.0,0.05,0.0001306899755645785,0.0,0.005986899077643973,0.08779584476220631,0.0
13584,1.0,0.05,0.0001306899755645785,0.0,0.005986899077643973,0.08779584476220631,0.0
13585,1.0,0.05,0.0001306899755645785,0.0,0.005986899077643973,0.08779584476220631,0.0
13586,1.0,0.05,0.0001306899755645785,0.0,0.005986899077643973,0.10464018515342055,0.0
13587,1.0,0.05,0.0001306899755645785,0.0,0.006936864872086002,0.10464018515342055,0.0
13588,1.0,0.05,0.00012433482076326045,0.0,0.006936864872086002,0.10464018515342055,0.0
13589,1.0,0.05,0.00012433482076326045,0.0,0.006936864872086002,0.058270485424906635,0.0
13590,1.0,0.05,0.00012433482076326045,0.0,0.006936864872086002,0.058270485424906635,0.0
13591,1.0,0.05,0.00012433482076326045,0.0,0.006936864872086002,0.05448652818825532,0.0
13592,1.0,0.05,0.00012433482076326045,0.0,0.006936864872086002,0.053112009025702143,0.0
13593,1.0,0.05,0.00013500625158247552,0.0,0.006936864872086002,0.057562277672304034,0.0
13594,1.0,0.05,0.00012176040191203551,0.0,0.006936864872086002,0.06161882395258428,0.0
13595,1.0,0.05,0.00012176040191203551,0.0,0.006936864872086002,0.05040290803017485,0.0
13596,1.0,0.05,0.00013748714621024958,0.0,0.006936864872086002,0.05040290803017485,0.0
13597,1.0,0.05,0.00013748714621024958,0.0,0.006936864872086002,0.04713717659282926,0.0
13598,1.0,0.05,0.00013748714621024958,0.0,0.0074499401704143636,0.04713717659282926,0.0
13599,1.0,0.05,0.00013755006159891142,0.0,0.0074499401704143636,0.04713717659282926,0.0
13600,1.0,0.05,0.00013755006159891142,0.0,0.007474597100635556,0.04342307906490289,0.0
13601,1.0,0.05,0.00013755006159891142,0.0,0.007474597100635556,0.04342307906490289,0.0
13602,1.0,0.05,0.00013755006159891142,0.0,0.007474597100635556,0.05220824878203882,0.0
13603,1.0,0.05,0.00013755006159891142,0.0,0.007474597100635556,0.06099589899416676,0.0
13604,1.0,0.05,0.00013755006159891142,0.0,0.007474597100635556,0.06841732414278473,0.0
13605,1.0,0.05,0.00013755006159891142,0.0,0.0056088095936667835,0.06841732414278473,0.0
13606,1.0,0.05,0.00013446627613449832,0.0,0.0056088095936667835,0.06841732414278473,0.0
13607,1.0,0.05,0.00013446627613449832,0.0,0.0056088095936667835,0.06841732414278473,0.0
13608,1.0,0.05,0.00013446627613449832,0.0,0.0056634280925628245,0.05524208619583802,0.0
13609,1.0,0.05,0.00013446627613449832,0.0,0.006316625619778353,0.05524208619583802,0.0
13610,1.0,0.05,0.00013446627613449832,0.0,0.006316625619778353,0.05524208619583802,0.0
13611,1.0,0.05,0.00013446627613449832,0.0,0.005611609229037387,0.061901519072081135,0.0
13612,1.0,0.05,0.00013446627613449832,0.0,0.005611609229037387,0.061901519072081135,0.0
13613,1.0,0.05,0.00013446627613449832,0.0,0.005611609229037387,0.061901519072081135,0.0
13614,1.0,0.05,0.00013446627613449832,0.0,0.005611609229037387,0.061901519072081135,0.0
13615,1.0,0.05,0.00013446627613449832,0.0,0.005611609229037387,0.061901519072081135,0.0
13616,1.0,0.05,0.00013446627613449832,0.0,0.005611609229037387,0.061901519072081135,0.0
13617,1.0,0.05,0.00013446627613449832,0.0,0.005611609229037387,0.061901519072081135,0.0
13618,1.0,0.05,0.00013446627613449832,0.0,0.005611609229037387,0.061901519072081135,0.0
13619,1.0,0.05,0.00013446627613449832,0.0,0.005611609229037387,0.061901519072081135,0.0
13620,1.0,0.05,0.00013446627613449832,0.0,0.005611609229037387,0.08543913289714727,0.0
13621,1.0,0.05,0.00013221034999076194,0.0,0.005611609229037387,0.04932591810259733,0.0
13622,1.0,0.05,0.00013221034999076194,0.0,0.005611609229037387,0.04932591810259733,0.0
13623,1.0,0.05,0.00013221034999076194,0.0,0.005611609229037387,0.05334908765563189,0.0
13624,1.0,0.05,0.00012685690358610658,0.0,0.005611609229037387,0.041587830410160405,0.0
13625,1.0,0.05,0.00012685690358610658,0.0,0.007738942630780412,0.041587830410160405,0.0
13626,1.0,0.05,0.00012685690358610658,0.0,0.007738942630780412,0.041587830410160405,0.0
13627,1.0,0.05,0.00012685690358610658,0.0,0.007738942630780412,0.041587830410160405,0.0
13628,1.0,0.05,0.00012685690358610658,0.0,0.007738942630780412,0.019206698436697218,0.0
13629,1.0,0.05,0.00012685690358610658,0.0,0.007738942630780412,0.07290770489008438,0.0
13630,1.0,0.05,0.00012685690358610658,0.0,0.007738942630780412,0.07290770489008438,0.0
13631,1.0,0.05,0.00012685690358610658,0.0,0.007738942630780412,0.08088921710111036,0.0
13632,1.0,0.05,0.00012685690358610658,0.0,0.007738942630780412,0.08088921710111036,0.0
13633,1.0,0.05,0.00012685690358610658,0.0,0.007738942630780412,0.08088921710111036,0.0
13634,1.0,0.05,0.00012685690358610658,0.0,0.007738942630780412,0.11063480091082302,0.0
13635,1.0,0.05,0.00012685690358610658,0.0,0.007738942630780412,0.11063480091082302,0.0
13636,1.0,0.05,0.00012685690358610658,0.0,0.007738942630780412,0.11063480091082302,0.0
13637,1.0,0.05,0.00012685690358610658,0.0,0.007738942630780412,0.11063480091082302,0.0
13638,1.0,0.05,0.00012685690358610658,0.0,0.007738942630780412,0.11063480091082302,0.0
13639,1.0,0.05,0.00012685690358610658,0.0,0.007738942630780412,0.11063480091082302,0.0
13640,1.0,0.05,0.00012685690358610658,0.0,0.006341319315151524,0.11063480091082302,0.0
13641,1.0,0.05,0.00012685690358610658,0.0,0.006341319315151524,0.11063480091082302,0.0
13642,1.0,0.05,0.00012685690358610658,0.0,0.006341319315151524,0.0829699174257208,0.0
13643,1.0,0.05,0.00012685690358610658,0.0,0.006341319315151524,0.0829699174257208,0.0
13644,1.0,0.05,0.00012685690358610658,0.0,0.006341319315151524,0.0829699174257208,0.0
13645,1.0,0.05,0.00012685690358610658,0.0,0.007856757166332398,0.0829699174257208,0.0
13646,1.0,0.05,0.00012685690358610658,0.0,0.007856757166332398,0.0829699174257208,0.0
13647,1.0,0.05,0.00012685690358610658,0.0,0.00766142827613499,0.0829699174257208,0.0
13648,1.0,0.05,0.00012685690358610658,0.0,0.00766142827613499,0.0829699174257208,0.0
13649,1.0,0.05,0.00012685690358610658,0.0,0.00766142827613499,0.0829699174257208,0.0
13650,1.0,0.05,0.00012685690358610658,0.0,0.00766142827613499,0.06935508139099042,0.0
13651,1.0,0.05,0.00012685690358610658,0.0,0.006562181077556671,0.060393838377426054,0.0
13652,1.0,0.05,0.00012685690358610658,0.0,0.006562181077556671,0.060393838377426054,0.0
13653,1.0,0.05,0.00012685690358610658,0.0,0.006562181077556671,0.03695917237988812,0.0
13654,1.0,0.05,0.00012685690358610658,0.0,0.006562181077556671,0.03695917237988812,0.0
13655,1.0,0.05,0.00012685690358610658,0.0,0.007174067256163321,0.03695917237988812,0.0
13656,1.0,0.05,0.00012685690358610658,0.0,0.00640686147014754,0.09430330627332925,0.0
13657,1.0,0.05,0.00012685690358610658,0.0,0.005875006351558306,0.09430330627332925,0.0
13658,1.0,0.05,0.00012685690358610658,0.0,0.005875006351558306,0.09430330627332925,0.0
13659,1.0,0.05,0.00012611405676646464,0.0,0.005875006351558306,0.05791737242811691,0.0
13660,1.0,0.05,0.00012611405676646464,0.0,0.005875006351558306,0.05673859322483567,0.0
13661,1.0,0.05,0.00012611405676646464,0.0,0.007312324146259809,0.05673859322483567,0.0
13662,1.0,0.05,0.00012611405676646464,0.0,0.006647032154276526,0.05673859322483567,0.0
13663,1.0,0.05,0.00012611405676646464,0.0,0.007221568656979253,0.05673859322483567,0.0
13664,1.0,0.05,0.00012611405676646464,0.0,0.005946016587141323,0.05673859322483567,0.0
13665,1.0,0.05,0.00012611405676646464,0.0,0.005946016587141323,0.0963734069788562,0.0
13666,1.0,0.05,0.00012611405676646464,0.0,0.005946016587141323,0.045980209258358676,0.0
13667,1.0,0.05,0.00012611405676646464,0.0,0.005946016587141323,0.045980209258358676,0.0
13668,1.0,0.05,0.00012611405676646464,0.0,0.005946016587141323,0.044919486609313386,0.0
13669,1.0,0.05,0.00012611405676646464,0.0,0.007413835804328853,0.017943800165184223,0.0
13670,1.0,0.05,0.00012611405676646464,0.0,0.007413835804328853,0.017943800165184223,0.0
13671,1.0,0.05,0.00012611405676646464,0.0,0.007440834873751022,0.012574237143963558,0.0
13672,1.0,0.05,0.00012611405676646464,0.0,0.0071417706077160255,0.017835414931129136,0.0
13673,1.0,0.05,0.00012611405676646464,0.0,0.005893956826909817,0.054429640265838033,0.0
13674,1.0,0.05,0.00012611405676646464,0.0,0.00565809011500069,0.07814339035661193,0.0
13675,1.0,0.05,0.00012611405676646464,0.0,0.00565809011500069,0.042801393831749905,0.0
13676,1.0,0.05,0.00012611405676646464,0.0,0.00565809011500069,0.03409369853905167,0.0
13677,1.0,0.05,0.00013356773013766633,0.0,0.006460082038170713,0.03409369853905167,0.0
13678,1.0,0.05,0.00013356773013766633,0.0,0.006460082038170713,0.03409369853905167,0.0
13679,1.0,0.05,0.0001394144364438239,0.0,0.006460082038170713,0.048738204667304136,0.0
13680,1.0,0.05,0.0001394144364438239,0.0,0.006460082038170713,0.040867880205590214,0.0
13681,1.0,0.05,0.0001394144364438239,0.0,0.006460082038170713,0.040867880205590214,0.0
13682,1.0,0.05,0.0001394144364438239,0.0,0.006460082038170713,0.05730961932571651,0.0
13683,1.0,0.05,0.0001394144364438239,0.0,0.006460082038170713,0.09575146730797007,0.0
13684,1.0,0.05,0.00013226885179213138,0.0,0.006460082038170713,0.09575146730797007,0.0
13685,1.0,0.05,0.00013226885179213138,0.0,0.006396968030238938,0.09575146730797007,0.0
13686,1.0,0.05,0.00013226885179213138,0.0,0.006396968030238938,0.09575146730797007,0.0
13687,1.0,0.05,0.00013226885179213138,0.0,0.006396968030238938,0.09575146730797007,0.0
13688,1.0,0.05,0.00013226885179213138,0.0,0.006396968030238938,0.09575146730797007,0.0
13689,1.0,0.05,0.00013226885179213138,0.0,0.006396968030238938,0.09575146730797007,0.0
13690,1.0,0.05,0.00013226885179213138,0.0,0.005797792175799289,0.059883129449896086,0.0
13691,1.0,0.05,0.00013940128703670784,0.0,0.005797792175799289,0.08654504708737168,0.0
13692,1.0,0.05,0.00013940128703670784,0.0,0.005797792175799289,0.08654504708737168,0.0
13693,1.0,0.05,0.00013940128703670784,0.0,0.005797792175799289,0.08654504708737168,0.0
13694,1.0,0.05,0.00013940128703670784,0.0,0.005797792175799289,0.08654504708737168,0.0
13695,1.0,0.05,0.00013940128703670784,0.0,0.005797792175799289,0.05813430463956609,0.0
13696,1.0,0.05,0.00013940128703670784,0.0,0.005797792175799289,0.05813430463956609,0.0
13697,1.0,0.05,0.00013940128703670784,0.0,0.005797792175799289,0.05813430463956609,0.0
13698,1.0,0.05,0.00013940128703670784,0.0,0.005797792175799289,0.06035443353797992,0.0
13699,1.0,0.05,0.00013940128703670784,0.0,0.005797792175799289,0.06035443353797992,0.0
13700,1.0,0.05,0.00013940128703670784,0.0,0.005797792175799289,0.06794318790602416,0.0
13701,1.0,0.05,0.00013940128703670784,0.0,0.005797792175799289,0.09202386084696612,0.0
13702,1.0,0.05,0.00013605112728968648,0.0,0.005797792175799289,0.10574925772624641,0.0
13703,1.0,0.05,0.00013605112728968648,0.0,0.005797792175799289,0.10574925772624641,0.0
13704,1.0,0.05,0.00013605112728968648,0.0,0.005797792175799289,0.08012395086767551,0.0
13705,1.0,0.05,0.00013605112728968648,0.0,0.005474267746629682,0.08012395086767551,0.0
13706,1.0,0.05,0.00013605112728968648,0.0,0.005474267746629682,0.08012395086767551,0.0
13707,1.0,0.05,0.00013605112728968648,0.0,0.005474267746629682,0.0582858180728348,0.0
13708,1.0,0.05,0.00013605112728968648,0.0,0.0051561226739216546,0.0582858180728348,0.0
13709,1.0,0.05,0.00013605112728968648,0.0,0.0051561226739216546,0.0582858180728348,0.0
13710,1.0,0.05,0.00013605112728968648,0.0,0.0051561226739216546,0.0582858180728348,0.0
13711,1.0,0.05,0.00013838011446519626,0.0,0.0051561226739216546,0.0582858180728348,0.0
13712,1.0,0.05,0.00013838011446519626,0.0,0.0051561226739216546,0.0582858180728348,0.0
13713,1.0,0.05,0.00013838011446519626,0.0,0.0050799573457632995,0.0582858180728348,0.0
13714,1.0,0.05,0.00013838011446519626,0.0,0.0050799573457632995,0.03115742416580022,0.0
13715,1.0,0.05,0.00013838011446519626,0.0,0.0050799573457632995,0.03237331217843449,0.0
13716,1.0,0.05,0.00013838011446519626,0.0,0.005296625957368856,0.023953071797635735,0.0
13717,1.0,0.05,0.00013838011446519626,0.0,0.005296625957368856,0.03137425028161374,0.0
13718,1.0,0.05,0.00013838011446519626,0.0,0.006197981647504616,0.03137425028161374,0.0
13719,1.0,0.05,0.00013838011446519626,0.0,0.006197981647504616,0.03137425028161374,0.0
13720,1.0,0.05,0.00013838011446519626,0.0,0.006197981647504616,0.04035053088009541,0.0
13721,1.0,0.05,0.00013838011446519626,0.0,0.006197981647504616,0.022691062974186327,0.0
13722,1.0,0.05,0.00013838011446519626,0.0,0.006197981647504616,0.022691062974186327,0.0
13723,1.0,0.05,0.00013838011446519626,0.0,0.006197981647504616,0.022691062974186327,0.0
13724,1.0,0.05,0.00013838011446519626,0.0,0.006197981647504616,0.0907171465343891,0.0
13725,1.0,0.05,0.00013838011446519626,0.0,0.006197981647504616,0.0907171465343891,0.0
13726,1.0,0.05,0.00013838011446519626,0.0,0.006197981647504616,0.07166843971989688,0.0
13727,1.0,0.05,0.00013730162298971146,0.0,0.006197981647504616,0.07166843971989688,0.0
13728,1.0,0.05,0.00013730162298971146,0.0,0.006197981647504616,0.033192634340462726,0.0
13729,1.0,0.05,0.00013730162298971146,0.0,0.006197981647504616,0.03969997548466278,0.0
13730,1.0,0.05,0.0001326280807646852,0.0,0.006197981647504616,0.03969997548466278,0.0
13731,1.0,0.05,0.0001326280807646852,0.0,0.006197981647504616,0.08971272307741693,0.0
13732,1.0,0.05,0.0001326280807646852,0.0,0.006197981647504616,0.08971272307741693,0.0
13733,1.0,0.05,0.0001326280807646852,0.0,0.006197981647504616,0.08971272307741693,0.0
13734,1.0,0.05,0.0001326280807646852,0.0,0.006197981647504616,0.09440701857401287,0.0
13735,1.0,0.05,0.0001326280807646852,0.0,0.006197981647504616,0.09440701857401287,0.0
13736,1.0,0.05,0.0001326280807646852,0.0,0.006197981647504616,0.09440701857401287,0.0
13737,1.0,0.05,0.0001326280807646852,0.0,0.007795225778409411,0.14607743444466043,0.0
13738,1.0,0.05,0.0001326280807646852,0.0,0.007795225778409411,0.11159688710585765,0.0
13739,1.0,0.05,0.0001326280807646852,0.0,0.007795225778409411,0.11159688710585765,0.0
13740,1.0,0.05,0.0001326280807646852,0.0,0.007795225778409411,0.08595830975354382,0.0
13741,1.0,0.05,0.00012615284531322264,0.0,0.007056294910761909,0.08595830975354382,0.0
13742,1.0,0.05,0.00012615284531322264,0.0,0.007056294910761909,0.07006008389654166,0.0
13743,1.0,0.05,0.00012615284531322264,0.0,0.007056294910761909,0.07354015906479308,0.0
13744,1.0,0.05,0.00012615284531322264,0.0,0.007056294910761909,0.07354015906479308,0.0
13745,1.0,0.05,0.00012615284531322264,0.0,0.007056294910761909,0.07354015906479308,0.0
13746,1.0,0.05,0.00012615284531322264,0.0,0.007121348158706556,0.07354015906479308,0.0
13747,1.0,0.05,0.00012615284531322264,0.0,0.007121348158706556,0.09344163606883066,0.0
13748,1.0,0.05,0.00012615284531322264,0.0,0.007121348158706556,0.07659665374187849,0.0
13749,1.0,0.05,0.00012615284531322264,0.0,0.007121348158706556,0.07659665374187849,0.0
13750,1.0,0.05,0.00012615284531322264,0.0,0.00645602902217814,0.08461364366091613,0.0
13751,1.0,0.05,0.00013484056043430213,0.0,0.00645602902217814,0.0639916517052431,0.0
13752,1.0,0.05,0.00013484056043430213,0.0,0.00645602902217814,0.06922484799313797,0.0
13753,1.0,0.05,0.00013484056043430213,0.0,0.00645602902217814,0.07444684804410223,0.0
13754,1.0,0.05,0.00013484056043430213,0.0,0.00645602902217814,0.07444684804410223,0.0
13755,1.0,0.05,0.00013021370946849118,0.0,0.00645602902217814,0.09212030255557545,0.0
13756,1.0,0.05,0.00013021370946849118,0.0,0.00645602902217814,0.06817194202548091,0.0
13757,1.0,0.05,0.00013021370946849118,0.0,0.00645602902217814,0.06817194202548091,0.0
13758,1.0,0.05,0.00013021370946849118,0.0,0.00645602902217814,0.06817194202548091,0.0
13759,1.0,0.05,0.00013021370946849118,0.0,0.006835737143015874,0.07941577404456468,0.0
13760,1.0,0.05,0.00013021370946849118,0.0,0.006835737143015874,0.07941577404456468,0.0
13761,1.0,0.05,0.00013021370946849118,0.0,0.006835737143015874,0.07941577404456468,0.0
13762,1.0,0.05,0.00013276958527931975,0.0,0.006020738444353105,0.032260741104819676,0.0
13763,1.0,0.05,0.00013276958527931975,0.0,0.006020738444353105,0.032260741104819676,0.0
13764,1.0,0.05,0.00013276958527931975,0.0,0.006020738444353105,0.035544319606475624,0.0
13765,1.0,0.05,0.00013276958527931975,0.0,0.006020738444353105,0.045356294122641014,0.0
13766,1.0,0.05,0.00013276958527931975,0.0,0.006020738444353105,0.045356294122641014,0.0
13767,1.0,0.05,0.00014424219735932722,0.0,0.006020738444353105,0.03170069507522023,0.0
13768,1.0,0.05,0.00014424219735932722,0.0,0.005519307926628684,0.06594288464146855,0.0
13769,1.0,0.05,0.00014424219735932722,0.0,0.005519307926628684,0.09478958770978921,0.0
13770,1.0,0.05,0.00013058652675953128,0.0,0.005519307926628684,0.033472086947793085,0.0
13771,1.0,0.05,0.00013058652675953128,0.0,0.005519307926628684,0.03281503880256598,0.0
13772,1.0,0.05,0.00013058652675953128,0.0,0.005519307926628684,0.03281503880256598,0.0
13773,1.0,0.05,0.00013058652675953128,0.0,0.005519307926628684,0.11601720030747908,0.0
13774,1.0,0.05,0.00013058652675953128,0.0,0.005519307926628684,0.11601720030747908,0.0
13775,1.0,0.05,0.00013058652675953128,0.0,0.005519307926628684,0.11601720030747908,0.0
13776,1.0,0.05,0.00013058652675953128,0.0,0.005519307926628684,0.08268816795179247,0.0
13777,1.0,0.05,0.00013058652675953128,0.0,0.005519307926628684,0.08268816795179247,0.0
13778,1.0,0.05,0.00013058652675953128,0.0,0.005519307926628684,0.08268816795179247,0.0
13779,1.0,0.05,0.00013788042260151154,0.0,0.005519307926628684,0.07995613875874097,0.0
13780,1.0,0.05,0.00013675203200560443,0.0,0.005519307926628684,0.07995613875874097,0.0
13781,1.0,0.05,0.00013675203200560443,0.0,0.004967852628530394,0.06244568857986348,0.0
13782,1.0,0.05,0.00013675203200560443,0.0,0.006429694990867946,0.06244568857986348,0.0
13783,1.0,0.05,0.00013675203200560443,0.0,0.006429694990867946,0.06244568857986348,0.0
13784,1.0,0.05,0.00012188485918418428,0.0,0.006429694990867946,0.06244568857986348,0.0
13785,1.0,0.05,0.00012188485918418428,0.0,0.006429694990867946,0.06244568857986348,0.0
13786,1.0,0.05,0.00012188485918418428,0.0,0.0066586689731280065,0.06244568857986348,0.0
13787,1.0,0.05,0.00014057342230574938,0.0,0.0066586689731280065,0.06244568857986348,0.0
13788,1.0,0.05,0.00014057342230574938,0.0,0.0066586689731280065,0.06244568857986348,0.0
13789,1.0,0.05,0.00014057342230574938,0.0,0.0066586689731280065,0.06244568857986348,0.0
13790,1.0,0.05,0.00012959880723873005,0.0,0.0066586689731280065,0.06800348592016711,0.0
13791,1.0,0.05,0.00012959880723873005,0.0,0.0066586689731280065,0.11044572267817429,0.0
13792,1.0,0.05,0.00012959880723873005,0.0,0.0066586689731280065,0.039319945203054915,0.0
13793,1.0,0.05,0.00012959880723873005,0.0,0.0066586689731280065,0.04909241781559089,0.0
13794,1.0,0.05,0.00012525595873606095,0.0,0.0066586689731280065,0.04909241781559089,0.0
13795,1.0,0.05,0.00012525595873606095,0.0,0.0066586689731280065,0.026043111857569513,0.0
13796,1.0,0.05,0.00012525595873606095,0.0,0.0066586689731280065,0.048222233630991145,0.0
13797,1.0,0.05,0.00012669973842374405,0.0,0.00624193051451767,0.12687203548368708,0.0
13798,1.0,0.05,0.00012669973842374405,0.0,0.00624193051451767,0.12687203548368708,0.0
13799,1.0,0.05,0.00012669973842374405,0.0,0.00611349133504539,0.12687203548368708,0.0
13800,1.0,0.05,0.00012669973842374405,0.0,0.00611349133504539,0.03908700935798821,0.0
13801,1.0,0.05,0.00012669973842374405,0.0,0.00611349133504539,0.03908700935798821,0.0
13802,1.0,0.05,0.00012539382723583103,0.0,0.00611349133504539,0.03908700935798821,0.0
13803,1.0,0.05,0.00012539382723583103,0.0,0.00611349133504539,0.03908700935798821,0.0
13804,1.0,0.05,0.00012539382723583103,0.0,0.00611349133504539,0.04898243982888927,0.0
13805,1.0,0.05,0.00012539382723583103,0.0,0.00611349133504539,0.04898243982888927,0.0
13806,1.0,0.05,0.00012539382723583103,0.0,0.0065954755688220025,0.06993805814064896,0.0
13807,1.0,0.05,0.00012539382723583103,0.0,0.0065954755688220025,0.057997926806233197,0.0
13808,1.0,0.05,0.00012539382723583103,0.0,0.0065954755688220025,0.057997926806233197,0.0
13809,1.0,0.05,0.00012539382723583103,0.0,0.0065954755688220025,0.057997926806233197,0.0
13810,1.0,0.05,0.00012539382723583103,0.0,0.0065954755688220025,0.057997926806233197,0.0
13811,1.0,0.05,0.00013570745832533205,0.0,0.0065954755688220025,0.057997926806233197,0.0
13812,1.0,0.05,0.00013570745832533205,0.0,0.0065954755688220025,0.04216726180092692,0.0
13813,1.0,0.05,0.00013570745832533205,0.0,0.0065954755688220025,0.060625132599093225,0.0
13814,1.0,0.05,0.00013570745832533205,0.0,0.005250457189491522,0.060625132599093225,0.0
13815,1.0,0.05,0.00013570745832533205,0.0,0.005250457189491522,0.060625132599093225,0.0
13816,1.0,0.05,0.00013570745832533205,0.0,0.005250457189491522,0.060625132599093225,0.0
13817,1.0,0.05,0.00013570745832533205,0.0,0.005250457189491522,0.05834572510463948,0.0
13818,1.0,0.05,0.00013844932372264975,0.0,0.005250457189491522,0.05834572510463948,0.0
13819,1.0,0.05,0.00013844932372264975,0.0,0.005250457189491522,0.05834572510463948,0.0
13820,1.0,0.05,0.00013595981725057023,0.0,0.005965712870376937,0.058768612059386216,0.0
13821,1.0,0.05,0.0001324535965060373,0.0,0.005965712870376937,0.058768612059386216,0.0
13822,1.0,0.05,0.0001324535965060373,0.0,0.005965712870376937,0.058768612059386216,0.0
13823,1.0,0.05,0.0001324535965060373,0.0,0.005965712870376937,0.09142925062415169,0.0
13824,1.0,0.05,0.0001324535965060373,0.0,0.005965712870376937,0.03142396738892384,0.0
13825,1.0,0.05,0.0001324535965060373,0.0,0.005965712870376937,0.09935693856320563,0.0
13826,1.0,0.05,0.0001324535965060373,0.0,0.005781670804697963,0.09935693856320563,0.0
13827,1.0,0.05,0.0001324535965060373,0.0,0.005781670804697963,0.09935693856320563,0.0
13828,1.0,0.05,0.0001324535965060373,0.0,0.005781670804697963,0.09935693856320563,0.0
13829,1.0,0.05,0.0001324535965060373,0.0,0.005781670804697963,0.09935693856320563,0.0
13830,1.0,0.05,0.0001324535965060373,0.0,0.005781670804697963,0.07737700659238403,0.0
13831,1.0,0.05,0.00013254104437530033,0.0,0.005781670804697963,0.07737700659238403,0.0
13832,1.0,0.05,0.00013254104437530033,0.0,0.005781670804697963,0.07737700659238403,0.0
13833,1.0,0.05,0.00013254104437530033,0.0,0.005781670804697963,0.07737700659238403,0.0
13834,1.0,0.05,0.00013254104437530033,0.0,0.005781670804697963,0.07737700659238403,0.0
13835,1.0,0.05,0.00013254104437530033,0.0,0.005781670804697963,0.07737700659238403,0.0
13836,1.0,0.05,0.00013254104437530033,0.0,0.005781670804697963,0.04616484117488876,0.0
13837,1.0,0.05,0.00013254104437530033,0.0,0.005781670804697963,0.06796180645546696,0.0
13838,1.0,0.05,0.00013254104437530033,0.0,0.005781670804697963,0.06796180645546696,0.0
13839,1.0,0.05,0.00013254104437530033,0.0,0.005781670804697963,0.0730642796673129,0.0
13840,1.0,0.05,0.00013254104437530033,0.0,0.005781670804697963,0.0730642796673129,0.0
13841,1.0,0.05,0.00013254104437530033,0.0,0.005781670804697963,0.0730642796673129,0.0
13842,1.0,0.05,0.00013254104437530033,0.0,0.005781670804697963,0.0730642796673129,0.0
13843,1.0,0.05,0.00013254104437530033,0.0,0.005781670804697963,0.0730642796673129,0.0
13844,1.0,0.05,0.00013254104437530033,0.0,0.005781670804697963,0.0880299420014634,0.0
13845,1.0,0.05,0.00013254104437530033,0.0,0.005781670804697963,0.0880299420014634,0.0
13846,1.0,0.05,0.00013254104437530033,0.0,0.005781670804697963,0.0880299420014634,0.0
13847,1.0,0.05,0.00013762157613955866,0.0,0.005781670804697963,0.0880299420014634,0.0
13848,1.0,0.05,0.00013762157613955866,0.0,0.005781670804697963,0.0880299420014634,0.0
13849,1.0,0.05,0.00013762157613955866,0.0,0.005798355126151695,0.0880299420014634,0.0
13850,1.0,0.05,0.00013762157613955866,0.0,0.005798355126151695,0.0880299420014634,0.0
13851,1.0,0.05,0.00013762157613955866,0.0,0.005798355126151695,0.0880299420014634,0.0
13852,1.0,0.05,0.00013762157613955866,0.0,0.005798355126151695,0.07148818182214678,0.0
13853,1.0,0.05,0.00013762157613955866,0.0,0.005798355126151695,0.07774617752637687,0.0
13854,1.0,0.05,0.00013762157613955866,0.0,0.005798355126151695,0.07774617752637687,0.0
13855,1.0,0.05,0.00013762157613955866,0.0,0.005798355126151695,0.07774617752637687,0.0
13856,1.0,0.05,0.00013762157613955866,0.0,0.005798355126151695,0.07774617752637687,0.0
13857,1.0,0.05,0.00013762157613955866,0.0,0.005798355126151695,0.07774617752637687,0.0
13858,1.0,0.05,0.00013762157613955866,0.0,0.007859666391583978,0.03708492402962982,0.0
13859,1.0,0.05,0.00013762157613955866,0.0,0.006066976305642686,0.027498377752785512,0.0
13860,1.0,0.05,0.00013762157613955866,0.0,0.006066976305642686,0.07655821848094968,0.0
13861,1.0,0.05,0.00013762157613955866,0.0,0.006066976305642686,0.06323307079334879,0.0
13862,1.0,0.05,0.00013762157613955866,0.0,0.006066976305642686,0.06323307079334879,0.0
13863,1.0,0.05,0.00013762157613955866,0.0,0.006066976305642686,0.06323307079334879,0.0
13864,1.0,0.05,0.00013762157613955866,0.0,0.006066976305642686,0.03041581055306476,0.0
13865,1.0,0.05,0.0001347466644392077,0.0,0.006141769405357988,0.0232215802971586,0.0
13866,1.0,0.05,0.0001347466644392077,0.0,0.006141769405357988,0.02841928522504019,0.0
13867,1.0,0.05,0.0001347466644392077,0.0,0.006141769405357988,0.06514278399493434,0.0
13868,1.0,0.05,0.0001347466644392077,0.0,0.006141769405357988,0.06514278399493434,0.0
13869,1.0,0.05,0.0001347466644392077,0.0,0.006141769405357988,0.06514278399493434,0.0
13870,1.0,0.05,0.0001347466644392077,0.0,0.006141769405357988,0.06514278399493434,0.0
13871,1.0,0.05,0.0001347466644392077,0.0,0.006141769405357988,0.06514278399493434,0.0
13872,1.0,0.05,0.0001347466644392077,0.0,0.006141769405357988,0.012054485331315168,0.0
13873,1.0,0.05,0.0001347466644392077,0.0,0.006141769405357988,0.05329774468983914,0.0
13874,1.0,0.05,0.00013642902080087755,0.0,0.005778487616667508,0.05134060434237474,0.0
13875,1.0,0.05,0.00013642902080087755,0.0,0.005778487616667508,0.05134060434237474,0.0
13876,1.0,0.05,0.00013642902080087755,0.0,0.005778487616667508,0.050794885662264644,0.0
13877,1.0,0.05,0.00013642902080087755,0.0,0.005778487616667508,0.050794885662264644,0.0
13878,1.0,0.05,0.00013642902080087755,0.0,0.005778487616667508,0.034262246928378565,0.0
13879,1.0,0.05,0.00013642902080087755,0.0,0.005778487616667508,0.02638753475071775,0.0
13880,1.0,0.05,0.00013658525572295623,0.0,0.005778487616667508,0.02638753475071775,0.0
13881,1.0,0.05,0.00012853276698939463,0.0,0.005778487616667508,0.03543929616077059,0.0
13882,1.0,0.05,0.00012853276698939463,0.0,0.005746621475313108,0.03543929616077059,0.0
13883,1.0,0.05,0.00012853276698939463,0.0,0.005746621475313108,0.03675651855843416,0.0
13884,1.0,0.05,0.00012853276698939463,0.0,0.005746621475313108,0.03675651855843416,0.0
13885,1.0,0.05,0.00012853276698939463,0.0,0.005746621475313108,0.03338862879475388,0.0
13886,1.0,0.05,0.00012853276698939463,0.0,0.005746621475313108,0.04231897539745289,0.0
13887,1.0,0.05,0.00012853276698939463,0.0,0.005746621475313108,0.09140976831764702,0.0
13888,1.0,0.05,0.00012853276698939463,0.0,0.005746621475313108,0.056246306251533505,0.0
13889,1.0,0.05,0.0001362336901928018,0.0,0.005746621475313108,0.056246306251533505,0.0
13890,1.0,0.05,0.0001362336901928018,0.0,0.005746621475313108,0.056246306251533505,0.0
13891,1.0,0.05,0.0001362336901928018,0.0,0.005746621475313108,0.056246306251533505,0.0
13892,1.0,0.05,0.0001362336901928018,0.0,0.005746621475313108,0.056246306251533505,0.0
13893,1.0,0.05,0.0001362336901928018,0.0,0.005746621475313108,0.056246306251533505,0.0
13894,1.0,0.05,0.0001362336901928018,0.0,0.005746621475313108,0.056246306251533505,0.0
13895,1.0,0.05,0.0001362336901928018,0.0,0.005746621475313108,0.056246306251533505,0.0
13896,1.0,0.05,0.0001362336901928018,0.0,0.005746621475313108,0.056246306251533505,0.0
13897,1.0,0.05,0.0001362336901928018,0.0,0.005746621475313108,0.047956261128211525,0.0
13898,1.0,0.05,0.0001362336901928018,0.0,0.005746621475313108,0.047956261128211525,0.0
13899,1.0,0.05,0.0001362336901928018,0.0,0.005746621475313108,0.04852986119048883,0.0
13900,1.0,0.05,0.0001362336901928018,0.0,0.005746621475313108,0.04852986119048883,0.0
13901,1.0,0.05,0.0001362336901928018,0.0,0.005746621475313108,0.04852986119048883,0.0
13902,1.0,0.05,0.0001362336901928018,0.0,0.005746621475313108,0.04188771351998373,0.0
13903,1.0,0.05,0.0001362336901928018,0.0,0.005746621475313108,0.04188771351998373,0.0
13904,1.0,0.05,0.0001362336901928018,0.0,0.005746621475313108,0.04188771351998373,0.0
13905,1.0,0.05,0.00012967228093904056,0.0,0.005746621475313108,0.04188771351998373,0.0
13906,1.0,0.05,0.00012967228093904056,0.0,0.005746621475313108,0.04188771351998373,0.0
13907,1.0,0.05,0.00012967228093904056,0.0,0.005746621475313108,0.06892357169509158,0.0
13908,1.0,0.05,0.0001389805074320065,0.0,0.005746621475313108,0.06892357169509158,0.0
13909,1.0,0.05,0.0001389805074320065,0.0,0.005746621475313108,0.06892357169509158,0.0
13910,1.0,0.05,0.00013360933181108227,0.0,0.005746621475313108,0.04783673163632707,0.0
13911,1.0,0.05,0.00013360933181108227,0.0,0.005746621475313108,0.038312096843638586,0.0
13912,1.0,0.05,0.0001369859416678111,0.0,0.005891078514580414,0.04198343196403731,0.0
13913,1.0,0.05,0.0001369859416678111,0.0,0.005891078514580414,0.04198343196403731,0.0
13914,1.0,0.05,0.0001369859416678111,0.0,0.005891078514580414,0.07212121077079428,0.0
13915,1.0,0.05,0.0001369859416678111,0.0,0.005891078514580414,0.06115956614452126,0.0
13916,1.0,0.05,0.00013832355308239296,0.0,0.005891078514580414,0.06603170559477735,0.0
13917,1.0,0.05,0.00013832355308239296,0.0,0.005891078514580414,0.06603170559477735,0.0
13918,1.0,0.05,0.00013065816099845195,0.0,0.005891078514580414,0.06653172313050834,0.0
13919,1.0,0.05,0.00013065816099845195,0.0,0.005891078514580414,0.05148388643591358,0.0
13920,1.0,0.05,0.00013065816099845195,0.0,0.005891078514580414,0.05148388643591358,0.0
13921,1.0,0.05,0.00013065816099845195,0.0,0.005891078514580414,0.05148388643591358,0.0
13922,1.0,0.05,0.00013065816099845195,0.0,0.005891078514580414,0.05148388643591358,0.0
13923,1.0,0.05,0.0001293760581851428,0.0,0.005891078514580414,0.05148388643591358,0.0
13924,1.0,0.05,0.0001293760581851428,0.0,0.005891078514580414,0.04243711457118092,0.0
13925,1.0,0.05,0.0001293760581851428,0.0,0.005891078514580414,0.05108510478864763,0.0
13926,1.0,0.05,0.0001293760581851428,0.0,0.005891078514580414,0.05108510478864763,0.0
13927,1.0,0.05,0.0001293760581851428,0.0,0.005891078514580414,0.05108510478864763,0.0
13928,1.0,0.05,0.0001293760581851428,0.0,0.005891078514580414,0.05108510478864763,0.0
13929,1.0,0.05,0.00014172684438729463,0.0,0.0057474078045374995,0.05108510478864763,0.0
13930,1.0,0.05,0.00014172684438729463,0.0,0.0057474078045374995,0.05108510478864763,0.0
13931,1.0,0.05,0.00013280635320443205,0.0,0.0057474078045374995,0.05108510478864763,0.0
13932,1.0,0.05,0.00013280635320443205,0.0,0.0057474078045374995,0.05071938590926836,0.0
13933,1.0,0.05,0.00013280635320443205,0.0,0.0057474078045374995,0.05071938590926836,0.0
13934,1.0,0.05,0.00013280635320443205,0.0,0.0057474078045374995,0.030719057575721243,0.0
13935,1.0,0.05,0.00013280635320443205,0.0,0.006771171930125455,0.030719057575721243,0.0
13936,1.0,0.05,0.00013280635320443205,0.0,0.006771171930125455,0.05528355056045123,0.0
13937,1.0,0.05,0.00013280635320443205,0.0,0.00544298365073612,0.06981700100554132,0.0
13938,1.0,0.05,0.00013062294138076996,0.0,0.00544298365073612,0.06981700100554132,0.0
13939,1.0,0.05,0.00013062294138076996,0.0,0.006017770731894741,0.06981700100554132,0.0
13940,1.0,0.05,0.00013062294138076996,0.0,0.006868727882310625,0.06981700100554132,0.0
13941,1.0,0.05,0.00013062294138076996,0.0,0.005950581331881995,0.06330779935783198,0.0
13942,1.0,0.05,0.00013062294138076996,0.0,0.005950581331881995,0.06330779935783198,0.0
13943,1.0,0.05,0.00013062294138076996,0.0,0.005950581331881995,0.06330779935783198,0.0
13944,1.0,0.05,0.00013062294138076996,0.0,0.005950581331881995,0.06330779935783198,0.0
13945,1.0,0.05,0.00013647905260028747,0.0,0.005950581331881995,0.06330779935783198,0.0
13946,1.0,0.05,0.00013647905260028747,0.0,0.005950581331881995,0.06330779935783198,0.0
13947,1.0,0.05,0.00013647905260028747,0.0,0.005950581331881995,0.06330779935783198,0.0
13948,1.0,0.05,0.00013647905260028747,0.0,0.005950581331881995,0.06330779935783198,0.0
13949,1.0,0.05,0.00014395919640997068,0.0,0.005950581331881995,0.06330779935783198,0.0
13950,1.0,0.05,0.00014395919640997068,0.0,0.005950581331881995,0.06330779935783198,0.0
13951,1.0,0.05,0.00014395919640997068,0.0,0.005950581331881995,0.06330779935783198,0.0
13952,1.0,0.05,0.00014395919640997068,0.0,0.005950581331881995,0.06330779935783198,0.0
13953,1.0,0.05,0.00014395919640997068,0.0,0.005950581331881995,0.06330779935783198,0.0
13954,1.0,0.05,0.00014395919640997068,0.0,0.005950581331881995,0.13586544908855813,0.0
13955,1.0,0.05,0.00014395919640997068,0.0,0.005950581331881995,0.10471239813441507,0.0
13956,1.0,0.05,0.00014395919640997068,0.0,0.005950581331881995,0.0241475719724758,0.0
13957,1.0,0.05,0.00014561367360120626,0.0,0.005950581331881995,0.016425417808545586,0.0
13958,1.0,0.05,0.00014561367360120626,0.0,0.005950581331881995,0.02306259532341526,0.0
13959,1.0,0.05,0.00014561367360120626,0.0,0.006274116356257391,0.02306259532341526,0.0
13960,1.0,0.05,0.00014015071444954582,0.0,0.006274116356257391,0.02306259532341526,0.0
13961,1.0,0.05,0.00014015071444954582,0.0,0.0057729787099134785,0.02306259532341526,0.0
13962,1.0,0.05,0.00014015071444954582,0.0,0.0055998983478976775,0.0467621152220559,0.0
13963,1.0,0.05,0.00014015071444954582,0.0,0.0063142653381335016,0.0467621152220559,0.0
13964,1.0,0.05,0.00014015071444954582,0.0,0.0063142653381335016,0.053107226807304064,0.0
13965,1.0,0.05,0.00014015071444954582,0.0,0.0063142653381335016,0.0332286964830575,0.0
13966,1.0,0.05,0.00013656149013173817,0.0,0.006504368783587854,0.0332286964830575,0.0
13967,1.0,0.05,0.00013749599468426669,0.0,0.006504368783587854,0.06070220401958108,0.0
13968,1.0,0.05,0.00013749599468426669,0.0,0.006504368783587854,0.06070220401958108,0.0
13969,1.0,0.05,0.00013749599468426669,0.0,0.006504368783587854,0.04660738538201048,0.0
13970,1.0,0.05,0.00013749599468426669,0.0,0.006504368783587854,0.04660738538201048,0.0
13971,1.0,0.05,0.00012864070699077152,0.0,0.006504368783587854,0.04660738538201048,0.0
13972,1.0,0.05,0.00012864070699077152,0.0,0.006504368783587854,0.06796025260906899,0.0
13973,1.0,0.05,0.00012864070699077152,0.0,0.006504368783587854,0.06796025260906899,0.0
13974,1.0,0.05,0.00012864070699077152,0.0,0.007767245569637462,0.13638239596047463,0.0
13975,1.0,0.05,0.00012864070699077152,0.0,0.007767245569637462,0.13638239596047463,0.0
13976,1.0,0.05,0.00012864070699077152,0.0,0.007767245569637462,0.13638239596047463,0.0
13977,1.0,0.05,0.00012864070699077152,0.0,0.007767245569637462,0.13638239596047463,0.0
13978,1.0,0.05,0.00012864070699077152,0.0,0.007767245569637462,0.1378472152101078,0.0
13979,1.0,0.05,0.00012864070699077152,0.0,0.005929864685137373,0.1378472152101078,0.0
13980,1.0,0.05,0.00012864070699077152,0.0,0.005929864685137373,0.10648916879086713,0.0
13981,1.0,0.05,0.00012864070699077152,0.0,0.005929864685137373,0.10648916879086713,0.0
13982,1.0,0.05,0.00012864070699077152,0.0,0.005929864685137373,0.07891951391439134,0.0
13983,1.0,0.05,0.00012864070699077152,0.0,0.005844390544418193,0.12113137613462333,0.0
13984,1.0,0.05,0.00012864070699077152,0.0,0.005844390544418193,0.12113137613462333,0.0
13985,1.0,0.05,0.00012864070699077152,0.0,0.005844390544418193,0.037221757281631976,0.0
13986,1.0,0.05,0.00012864070699077152,0.0,0.005844390544418193,0.037221757281631976,0.0
13987,1.0,0.05,0.00012864070699077152,0.0,0.005844390544418193,0.037221757281631976,0.0
13988,1.0,0.05,0.00012864070699077152,0.0,0.005844390544418193,0.028916579742000428,0.0
13989,1.0,0.05,0.00012864070699077152,0.0,0.005844390544418193,0.028916579742000428,0.0
13990,1.0,0.05,0.00012864070699077152,0.0,0.005844390544418193,0.028916579742000428,0.0
13991,1.0,0.05,0.00012864070699077152,0.0,0.005844390544418193,0.028916579742000428,0.0
13992,1.0,0.05,0.00012864070699077152,0.0,0.005844390544418193,0.03214101018155024,0.0
13993,1.0,0.05,0.00012864070699077152,0.0,0.005844390544418193,0.02444933813346548,0.0
13994,1.0,0.05,0.00012864070699077152,0.0,0.005844390544418193,0.049598998954975035,0.0
13995,1.0,0.05,0.00012864070699077152,0.0,0.005844390544418193,0.049598998954975035,0.0
13996,1.0,0.05,0.00012864070699077152,0.0,0.005844390544418193,0.07602333874641555,0.0
13997,1.0,0.05,0.00012864070699077152,0.0,0.00611160356107515,0.07602333874641555,0.0
13998,1.0,0.05,0.00012864070699077152,0.0,0.00611160356107515,0.06170972517372174,0.0
13999,1.0,0.05,0.00012864070699077152,0.0,0.006788884178370456,0.03921567973607542,0.0
14000,1.0,0.05,0.00012864070699077152,0.0,0.008076366986659336,0.03921567973607542,0.0
14001,1.0,0.05,0.00012864070699077152,0.0,0.008076366986659336,0.03907771996418125,0.0
14002,1.0,0.05,0.00012864070699077152,0.0,0.008076366986659336,0.08090913020229837,0.0
14003,1.0,0.05,0.00012864070699077152,0.0,0.008076366986659336,0.08090913020229837,0.0
14004,1.0,0.05,0.00012864070699077152,0.0,0.008076366986659336,0.09803938728115452,0.0
14005,1.0,0.05,0.00012864070699077152,0.0,0.007203941284185095,0.09510946001119405,0.0
14006,1.0,0.05,0.00012864070699077152,0.0,0.007203941284185095,0.16388799851011857,0.0
14007,1.0,0.05,0.00013607092835179568,0.0,0.007203941284185095,0.07394753936657904,0.0
14008,1.0,0.05,0.00013607092835179568,0.0,0.007203941284185095,0.12606802240591986,0.0
14009,1.0,0.05,0.00013607092835179568,0.0,0.007203941284185095,0.12606802240591986,0.0
14010,1.0,0.05,0.00013607092835179568,0.0,0.007203941284185095,0.12606802240591986,0.0
14011,1.0,0.05,0.00013607092835179568,0.0,0.005832768744880781,0.05437908862940055,0.0
14012,1.0,0.05,0.00013607092835179568,0.0,0.005832768744880781,0.038316145947109984,0.0
14013,1.0,0.05,0.00013607092835179568,0.0,0.005832768744880781,0.038316145947109984,0.0
14014,1.0,0.05,0.00013607092835179568,0.0,0.007160236330031287,0.038316145947109984,0.0
14015,1.0,0.05,0.00013607092835179568,0.0,0.007160236330031287,0.03709253378440558,0.0
14016,1.0,0.05,0.00013607092835179568,0.0,0.0048238400449234,0.055862942733333365,0.0
14017,1.0,0.05,0.00013607092835179568,0.0,0.0048238400449234,0.06013835260188457,0.0
14018,1.0,0.05,0.00014330731804557974,0.0,0.0048238400449234,0.06013835260188457,0.0
14019,1.0,0.05,0.00014330731804557974,0.0,0.0048238400449234,0.06013835260188457,0.0
14020,1.0,0.05,0.00013118506844302756,0.0,0.0048238400449234,0.06013835260188457,0.0
14021,1.0,0.05,0.00013118506844302756,0.0,0.0048238400449234,0.06013835260188457,0.0
14022,1.0,0.05,0.00013118506844302756,0.0,0.0048238400449234,0.03802583053897434,0.0
14023,1.0,0.05,0.00013118506844302756,0.0,0.006050515621764442,0.03802583053897434,0.0
14024,1.0,0.05,0.00013118506844302756,0.0,0.006050515621764442,0.03802583053897434,0.0
14025,1.0,0.05,0.00013565194284786058,0.0,0.0056760863030181335,0.03802583053897434,0.0
14026,1.0,0.05,0.00013565194284786058,0.0,0.0056760863030181335,0.08333799512907736,0.0
14027,1.0,0.05,0.00013565194284786058,0.0,0.0056760863030181335,0.08333799512907736,0.0
14028,1.0,0.05,0.00013565194284786058,0.0,0.0056760863030181335,0.08333799512907736,0.0
14029,1.0,0.05,0.00013565194284786058,0.0,0.0056760863030181335,0.08333799512907736,0.0
14030,1.0,0.05,0.00013565194284786058,0.0,0.0056760863030181335,0.08333799512907736,0.0
14031,1.0,0.05,0.00013565194284786058,0.0,0.0056760863030181335,0.08333799512907736,0.0
14032,1.0,0.05,0.00013565194284786058,0.0,0.0056760863030181335,0.08333799512907736,0.0
14033,1.0,0.05,0.00013565194284786058,0.0,0.0056760863030181335,0.08333799512907736,0.0
14034,1.0,0.05,0.00013565194284786058,0.0,0.0056760863030181335,0.08333799512907736,0.0
14035,1.0,0.05,0.00013565194284786058,0.0,0.0056760863030181335,0.08333799512907736,0.0
14036,1.0,0.05,0.00013565194284786058,0.0,0.0056760863030181335,0.06198639834366874,0.0
14037,1.0,0.05,0.00013565194284786058,0.0,0.0056760863030181335,0.06198639834366874,0.0
14038,1.0,0.05,0.00013565194284786058,0.0,0.0056760863030181335,0.06198639834366874,0.0
14039,1.0,0.05,0.00013565194284786058,0.0,0.0056760863030181335,0.06198639834366874,0.0
14040,1.0,0.05,0.00014418977751935226,0.0,0.0056760863030181335,0.04780805529811874,0.0
14041,1.0,0.05,0.00014418977751935226,0.0,0.0056760863030181335,0.03867170372136241,0.0
14042,1.0,0.05,0.00014418977751935226,0.0,0.0056760863030181335,0.0443740341428453,0.0
14043,1.0,0.05,0.00014418977751935226,0.0,0.0056760863030181335,0.024892184584478335,0.0
14044,1.0,0.05,0.00014418977751935226,0.0,0.0056760863030181335,0.024892184584478335,0.0
14045,1.0,0.05,0.00014126228725284645,0.0,0.0056760863030181335,0.011828652679511845,0.0
14046,1.0,0.05,0.00014126228725284645,0.0,0.0056760863030181335,0.03090352676098291,0.0
14047,1.0,0.05,0.00014126228725284645,0.0,0.0056760863030181335,0.03090352676098291,0.0
14048,1.0,0.05,0.00014126228725284645,0.0,0.0056760863030181335,0.03090352676098291,0.0
14049,1.0,0.05,0.00014126228725284645,0.0,0.0056760863030181335,0.03790781406423401,0.0
14050,1.0,0.05,0.00014126228725284645,0.0,0.0056760863030181335,0.03790781406423401,0.0
14051,1.0,0.05,0.00014126228725284645,0.0,0.0056760863030181335,0.03790781406423401,0.0
14052,1.0,0.05,0.00014126228725284645,0.0,0.0056760863030181335,0.03790781406423401,0.0
14053,1.0,0.05,0.00014126228725284645,0.0,0.0056760863030181335,0.03790781406423401,0.0
14054,1.0,0.05,0.00014126228725284645,0.0,0.0056760863030181335,0.04309997022937933,0.0
14055,1.0,0.05,0.00013925433705517482,0.0,0.0056760863030181335,0.03979866911198826,0.0
14056,1.0,0.05,0.00013925433705517482,0.0,0.0056760863030181335,0.03979866911198826,0.0
14057,1.0,0.05,0.00013925433705517482,0.0,0.0056760863030181335,0.0086489695845417,0.0
14058,1.0,0.05,0.00013925433705517482,0.0,0.0056760863030181335,0.044665958652457635,0.0
14059,1.0,0.05,0.00013925433705517482,0.0,0.0056760863030181335,0.044665958652457635,0.0
14060,1.0,0.05,0.00013925433705517482,0.0,0.0056760863030181335,0.03219810917868577,0.0
14061,1.0,0.05,0.00013359000543001256,0.0,0.0056760863030181335,0.026822683687442204,0.0
14062,1.0,0.05,0.00013359000543001256,0.0,0.0056760863030181335,0.029913122389462445,0.0
14063,1.0,0.05,0.00013359000543001256,0.0,0.006097570181264186,0.029913122389462445,0.0
14064,1.0,0.05,0.00013359000543001256,0.0,0.006097570181264186,0.041200881696058594,0.0
14065,1.0,0.05,0.00013359000543001256,0.0,0.006150303145226122,0.05449482028814499,0.0
14066,1.0,0.05,0.00013359000543001256,0.0,0.006150303145226122,0.05449482028814499,0.0
14067,1.0,0.05,0.00013359000543001256,0.0,0.006150303145226122,0.05616786412205918,0.0
14068,1.0,0.05,0.00013359000543001256,0.0,0.006150303145226122,0.09214751174301439,0.0
14069,1.0,0.05,0.00013359000543001256,0.0,0.006150303145226122,0.09214751174301439,0.0
14070,1.0,0.05,0.00013331966827533282,0.0,0.006150303145226122,0.09214751174301439,0.0
14071,1.0,0.05,0.00013331966827533282,0.0,0.006150303145226122,0.10573220231802194,0.0
14072,1.0,0.05,0.00013331966827533282,0.0,0.006150303145226122,0.10573220231802194,0.0
14073,1.0,0.05,0.0001281260979339882,0.0,0.006150303145226122,0.10573220231802194,0.0
14074,1.0,0.05,0.0001281260979339882,0.0,0.007766234032171659,0.10573220231802194,0.0
14075,1.0,0.05,0.0001281260979339882,0.0,0.006374085073700853,0.10573220231802194,0.0
14076,1.0,0.05,0.0001281260979339882,0.0,0.006374085073700853,0.10573220231802194,0.0
14077,1.0,0.05,0.0001281260979339882,0.0,0.006374085073700853,0.10573220231802194,0.0
14078,1.0,0.05,0.0001281260979339882,0.0,0.006374085073700853,0.10573220231802194,0.0
14079,1.0,0.05,0.0001281260979339882,0.0,0.006374085073700853,0.10573220231802194,0.0
14080,1.0,0.05,0.0001281260979339882,0.0,0.006374085073700853,0.10573220231802194,0.0
14081,1.0,0.05,0.00012917418065511236,0.0,0.006374085073700853,0.10573220231802194,0.0
14082,1.0,0.05,0.00012917418065511236,0.0,0.006374085073700853,0.10573220231802194,0.0
14083,1.0,0.05,0.00012917418065511236,0.0,0.006374085073700853,0.10474163737544061,0.0
14084,1.0,0.05,0.00012917418065511236,0.0,0.006374085073700853,0.05374765393942406,0.0
14085,1.0,0.05,0.00012917418065511236,0.0,0.006374085073700853,0.0813880759324516,0.0
14086,1.0,0.05,0.00012917418065511236,0.0,0.006374085073700853,0.0813880759324516,0.0
14087,1.0,0.05,0.00012917418065511236,0.0,0.006374085073700853,0.0813880759324516,0.0
14088,1.0,0.05,0.0001336105703887614,0.0,0.006374085073700853,0.0813880759324516,0.0
14089,1.0,0.05,0.0001306832565469633,0.0,0.006374085073700853,0.0813880759324516,0.0
14090,1.0,0.05,0.0001306832565469633,0.0,0.006374085073700853,0.08192725585575306,0.0
14091,1.0,0.05,0.0001306832565469633,0.0,0.006374085073700853,0.08192725585575306,0.0
14092,1.0,0.05,0.0001306832565469633,0.0,0.00603277747859113,0.08192725585575306,0.0
14093,1.0,0.05,0.0001306832565469633,0.0,0.00603277747859113,0.06772800935127848,0.0
14094,1.0,0.05,0.0001306832565469633,0.0,0.00567812882274209,0.07632421813149434,0.0
14095,1.0,0.05,0.0001306832565469633,0.0,0.007085090688754402,0.07632421813149434,0.0
14096,1.0,0.05,0.00012468469947211192,0.0,0.006742617601184529,0.07632421813149434,0.0
14097,1.0,0.05,0.00012468469947211192,0.0,0.006788084844936268,0.0984620901425195,0.0
14098,1.0,0.05,0.00012468469947211192,0.0,0.006129661043585899,0.06898187481198391,0.0
14099,1.0,0.05,0.00012468469947211192,0.0,0.006129661043585899,0.06898187481198391,0.0
14100,1.0,0.05,0.00012468469947211192,0.0,0.006129661043585899,0.06898187481198391,0.0
14101,1.0,0.05,0.00012468469947211192,0.0,0.006129661043585899,0.06898187481198391,0.0
14102,1.0,0.05,0.00012468469947211192,0.0,0.007130006949585285,0.06898187481198391,0.0
14103,1.0,0.05,0.00012613016360391342,0.0,0.007341238586853316,0.0576853485340923,0.0
14104,1.0,0.05,0.00011519635520777304,0.0,0.007341238586853316,0.1060828810539533,0.0
14105,1.0,0.05,0.00011519635520777304,0.0,0.007341238586853316,0.1128973535531706,0.0
14106,1.0,0.05,0.00011519635520777304,0.0,0.007341238586853316,0.1128973535531706,0.0
14107,1.0,0.05,0.00011519635520777304,0.0,0.007341238586853316,0.1128973535531706,0.0
14108,1.0,0.05,0.00011519635520777304,0.0,0.007341238586853316,0.11497865972787588,0.0
14109,1.0,0.05,0.00012383311903209406,0.0,0.007720474053656971,0.11497865972787588,0.0
14110,1.0,0.05,0.00012383311903209406,0.0,0.007366720759313531,0.1671882370712114,0.0
14111,1.0,0.05,0.00012383311903209406,0.0,0.007366720759313531,0.1671882370712114,0.0
14112,1.0,0.05,0.00012383311903209406,0.0,0.007366720759313531,0.1671882370712114,0.0
14113,1.0,0.05,0.00012383311903209406,0.0,0.007776190075648464,0.1671882370712114,0.0
14114,1.0,0.05,0.00012383311903209406,0.0,0.007776190075648464,0.11148078008381489,0.0
14115,1.0,0.05,0.00012383311903209406,0.0,0.007776190075648464,0.11286456582900853,0.0
14116,1.0,0.05,0.00012383311903209406,0.0,0.007239895565865632,0.11286456582900853,0.0
14117,1.0,0.05,0.00012383311903209406,0.0,0.007239895565865632,0.11286456582900853,0.0
14118,1.0,0.05,0.00012383311903209406,0.0,0.007239895565865632,0.05084316121653577,0.0
14119,1.0,0.05,0.00012383311903209406,0.0,0.007239895565865632,0.05084316121653577,0.0
14120,1.0,0.05,0.00012383311903209406,0.0,0.007239895565865632,0.05084316121653577,0.0
14121,1.0,0.05,0.00012383311903209406,0.0,0.007239895565865632,0.05084316121653577,0.0
14122,1.0,0.05,0.0001317066419101074,0.0,0.006810409517202778,0.059571986370965384,0.0
14123,1.0,0.05,0.0001317066419101074,0.0,0.006810409517202778,0.059571986370965384,0.0
14124,1.0,0.05,0.00013938893299012992,0.0,0.005792913139366276,0.06071986374591576,0.0
14125,1.0,0.05,0.00013938893299012992,0.0,0.005792913139366276,0.04678204033883074,0.0
14126,1.0,0.05,0.00013938893299012992,0.0,0.005792913139366276,0.07409882806885225,0.0
14127,1.0,0.05,0.00013938893299012992,0.0,0.005792913139366276,0.11616601039523043,0.0
14128,1.0,0.05,0.00013938893299012992,0.0,0.005792913139366276,0.04064404599690013,0.0
14129,1.0,0.05,0.00013938893299012992,0.0,0.005792913139366276,0.09277164965447822,0.0
14130,1.0,0.05,0.00013938893299012992,0.0,0.005792913139366276,0.09277164965447822,0.0
14131,1.0,0.05,0.00013938893299012992,0.0,0.005792913139366276,0.032584914286409875,0.0
14132,1.0,0.05,0.00013938893299012992,0.0,0.005792913139366276,0.032584914286409875,0.0
14133,1.0,0.05,0.00013938893299012992,0.0,0.005792913139366276,0.032584914286409875,0.0
14134,1.0,0.05,0.00013938893299012992,0.0,0.005792913139366276,0.032584914286409875,0.0
14135,1.0,0.05,0.00013938893299012992,0.0,0.005792913139366276,0.07810588033388903,0.0
14136,1.0,0.05,0.00013938893299012992,0.0,0.005792913139366276,0.07810588033388903,0.0
14137,1.0,0.05,0.00013938893299012992,0.0,0.005792913139366276,0.07810588033388903,0.0
14138,1.0,0.05,0.00013938893299012992,0.0,0.005792913139366276,0.07810588033388903,0.0
14139,1.0,0.05,0.00013938893299012992,0.0,0.005792913139366276,0.07810588033388903,0.0
14140,1.0,0.05,0.0001243046179403621,0.0,0.005792913139366276,0.07810588033388903,0.0
14141,1.0,0.05,0.00013882357528273198,0.0,0.005792913139366276,0.09066369421668952,0.0
14142,1.0,0.05,0.00013492975966829452,0.0,0.005792913139366276,0.09066369421668952,0.0
14143,1.0,0.05,0.00013492975966829452,0.0,0.005792913139366276,0.04018315770633896,0.0
14144,1.0,0.05,0.00013492975966829452,0.0,0.005792913139366276,0.04018315770633896,0.0
14145,1.0,0.05,0.00013492975966829452,0.0,0.005792913139366276,0.04018315770633896,0.0
14146,1.0,0.05,0.00013492975966829452,0.0,0.005792913139366276,0.06455525127096588,0.0
14147,1.0,0.05,0.00013492975966829452,0.0,0.005792913139366276,0.06455525127096588,0.0
14148,1.0,0.05,0.00013492975966829452,0.0,0.005792913139366276,0.06455525127096588,0.0
14149,1.0,0.05,0.00013492975966829452,0.0,0.005792913139366276,0.06455525127096588,0.0
14150,1.0,0.05,0.00013492975966829452,0.0,0.005792913139366276,0.06455525127096588,0.0
14151,1.0,0.05,0.00013492975966829452,0.0,0.005792913139366276,0.09514399744695852,0.0
14152,1.0,0.05,0.00013492975966829452,0.0,0.005792913139366276,0.09694224450519408,0.0
14153,1.0,0.05,0.00013492975966829452,0.0,0.005792913139366276,0.0523409751376809,0.0
14154,1.0,0.05,0.00013492975966829452,0.0,0.005769531221484922,0.03571132108016533,0.0
14155,1.0,0.05,0.00013492975966829452,0.0,0.005769531221484922,0.034055887405562896,0.0
14156,1.0,0.05,0.00013492975966829452,0.0,0.005769531221484922,0.0344293717581886,0.0
14157,1.0,0.05,0.00013492975966829452,0.0,0.005734350986992016,0.03783373200297462,0.0
14158,1.0,0.05,0.00013492975966829452,0.0,0.005734350986992016,0.03487914988451975,0.0
14159,1.0,0.05,0.00013492975966829452,0.0,0.005734350986992016,0.06465793166931222,0.0
14160,1.0,0.05,0.00013492975966829452,0.0,0.005734350986992016,0.06465793166931222,0.0
14161,1.0,0.05,0.00013492975966829452,0.0,0.005734350986992016,0.06465793166931222,0.0
14162,1.0,0.05,0.00013492975966829452,0.0,0.005734350986992016,0.06465793166931222,0.0
14163,1.0,0.05,0.00013492975966829452,0.0,0.005734350986992016,0.06465793166931222,0.0
14164,1.0,0.05,0.00013492975966829452,0.0,0.005734350986992016,0.06465793166931222,0.0
14165,1.0,0.05,0.00013492975966829452,0.0,0.005734350986992016,0.06465793166931222,0.0
14166,1.0,0.05,0.00013492975966829452,0.0,0.005734350986992016,0.04619173825905453,0.0
14167,1.0,0.05,0.00013492975966829452,0.0,0.005734350986992016,0.04619173825905453,0.0
14168,1.0,0.05,0.00013492975966829452,0.0,0.005734350986992016,0.022124804528067032,0.0
14169,1.0,0.05,0.00013492975966829452,0.0,0.005734350986992016,0.022124804528067032,0.0
14170,1.0,0.05,0.00013492975966829452,0.0,0.005734350986992016,0.02291933544363099,0.0
14171,1.0,0.05,0.00013492975966829452,0.0,0.005734350986992016,0.059434565266980426,0.0
14172,1.0,0.05,0.00013492975966829452,0.0,0.005734350986992016,0.059434565266980426,0.0
14173,1.0,0.05,0.00013434606053791372,0.0,0.005734350986992016,0.059434565266980426,0.0
14174,1.0,0.05,0.00014748453609854622,0.0,0.006253584872765836,0.059434565266980426,0.0
14175,1.0,0.05,0.00014748453609854622,0.0,0.006253584872765836,0.059434565266980426,0.0
14176,1.0,0.05,0.00014748453609854622,0.0,0.006253584872765836,0.059434565266980426,0.0
14177,1.0,0.05,0.00014748453609854622,0.0,0.006253584872765836,0.059434565266980426,0.0
14178,1.0,0.05,0.00014748453609854622,0.0,0.006253584872765836,0.03220310261330139,0.0
14179,1.0,0.05,0.00014748453609854622,0.0,0.006253584872765836,0.036017415497965444,0.0
14180,1.0,0.05,0.00014748453609854622,0.0,0.006253584872765836,0.036017415497965444,0.0
14181,1.0,0.05,0.00014748453609854622,0.0,0.006253584872765836,0.036017415497965444,0.0
14182,1.0,0.05,0.00014748453609854622,0.0,0.006253584872765836,0.036017415497965444,0.0
14183,1.0,0.05,0.00014748453609854622,0.0,0.006253584872765836,0.036017415497965444,0.0
14184,1.0,0.05,0.00014748453609854622,0.0,0.006253584872765836,0.033320338811523915,0.0
14185,1.0,0.05,0.00014748453609854622,0.0,0.006253584872765836,0.033320338811523915,0.0
14186,1.0,0.05,0.00014748453609854622,0.0,0.006253584872765836,0.033320338811523915,0.0
14187,1.0,0.05,0.00014748453609854622,0.0,0.006253584872765836,0.033320338811523915,0.0
14188,1.0,0.05,0.00014748453609854622,0.0,0.006253584872765836,0.038281390881353135,0.0
14189,1.0,0.05,0.00014748453609854622,0.0,0.006374462027074928,0.04241083745525073,0.0
14190,1.0,0.05,0.0001253697665363294,0.0,0.006374462027074928,0.034736231068144614,0.0
14191,1.0,0.05,0.0001438715129081404,0.0,0.006374462027074928,0.034736231068144614,0.0
14192,1.0,0.05,0.0001438715129081404,0.0,0.006374462027074928,0.035476168888855325,0.0
14193,1.0,0.05,0.00013285047917065495,0.0,0.005373795931356457,0.03680909817021983,0.0
14194,1.0,0.05,0.00013285047917065495,0.0,0.004947644569509077,0.03680909817021983,0.0
14195,1.0,0.05,0.00013285047917065495,0.0,0.004947644569509077,0.03680909817021983,0.0
14196,1.0,0.05,0.00013285047917065495,0.0,0.004947644569509077,0.07895980453454883,0.0
14197,1.0,0.05,0.00013285047917065495,0.0,0.004947644569509077,0.07895980453454883,0.0
14198,1.0,0.05,0.00012825024569708375,0.0,0.004947644569509077,0.0608135558494408,0.0
14199,1.0,0.05,0.00012825024569708375,0.0,0.006775509314357091,0.0608135558494408,0.0
14200,1.0,0.05,0.00012825024569708375,0.0,0.006775509314357091,0.0608135558494408,0.0
14201,1.0,0.05,0.00012945465836221372,0.0,0.006775509314357091,0.0824367746301727,0.0
14202,1.0,0.05,0.00012945465836221372,0.0,0.006775509314357091,0.0824367746301727,0.0
14203,1.0,0.05,0.00012945465836221372,0.0,0.006775509314357091,0.0843754887653492,0.0
14204,1.0,0.05,0.0001328999953884484,0.0,0.006775509314357091,0.0843754887653492,0.0
14205,1.0,0.05,0.0001328999953884484,0.0,0.006775509314357091,0.09897482890308394,0.0
14206,1.0,0.05,0.0001255240245734651,0.0,0.0069626504514447305,0.09897482890308394,0.0
14207,1.0,0.05,0.0001255240245734651,0.0,0.0069626504514447305,0.10808151858349138,0.0
14208,1.0,0.05,0.0001255240245734651,0.0,0.0069626504514447305,0.06772902559887206,0.0
14209,1.0,0.05,0.0001255240245734651,0.0,0.0069626504514447305,0.06772902559887206,0.0
14210,1.0,0.05,0.0001255240245734651,0.0,0.0069626504514447305,0.06635294471994388,0.0
14211,1.0,0.05,0.0001255240245734651,0.0,0.007616869913570609,0.06635294471994388,0.0
14212,1.0,0.05,0.0001255240245734651,0.0,0.00681119112059909,0.11154570230458695,0.0
14213,1.0,0.05,0.0001255240245734651,0.0,0.00681119112059909,0.11154570230458695,0.0
14214,1.0,0.05,0.0001255240245734651,0.0,0.00681119112059909,0.11154570230458695,0.0
14215,1.0,0.05,0.0001255240245734651,0.0,0.00681119112059909,0.11154570230458695,0.0
14216,1.0,0.05,0.0001255240245734651,0.0,0.00681119112059909,0.11154570230458695,0.0
14217,1.0,0.05,0.0001255240245734651,0.0,0.00681119112059909,0.11154570230458695,0.0
14218,1.0,0.05,0.0001255240245734651,0.0,0.00681119112059909,0.0878029072640795,0.0
14219,1.0,0.05,0.0001255240245734651,0.0,0.007569521476228513,0.0878029072640795,0.0
14220,1.0,0.05,0.0001255240245734651,0.0,0.007931697155982449,0.08418782868291483,0.0
14221,1.0,0.05,0.0001255240245734651,0.0,0.007931697155982449,0.08418782868291483,0.0
14222,1.0,0.05,0.0001255240245734651,0.0,0.007931697155982449,0.13501742513130072,0.0
14223,1.0,0.05,0.0001255240245734651,0.0,0.007931697155982449,0.13501742513130072,0.0
14224,1.0,0.05,0.0001255240245734651,0.0,0.007931697155982449,0.06317959515633667,0.0
14225,1.0,0.05,0.0001255240245734651,0.0,0.007931697155982449,0.06317959515633667,0.0
14226,1.0,0.05,0.0001322833981440688,0.0,0.006294100234120954,0.06317959515633667,0.0
14227,1.0,0.05,0.0001322833981440688,0.0,0.006294100234120954,0.06317959515633667,0.0
14228,1.0,0.05,0.0001322833981440688,0.0,0.006294100234120954,0.06317959515633667,0.0
14229,1.0,0.05,0.0001322833981440688,0.0,0.006294100234120954,0.06317959515633667,0.0
14230,1.0,0.05,0.0001322833981440688,0.0,0.006294100234120954,0.06317959515633667,0.0
14231,1.0,0.05,0.0001322833981440688,0.0,0.006294100234120954,0.06317959515633667,0.0
14232,1.0,0.05,0.0001322833981440688,0.0,0.006294100234120954,0.06317959515633667,0.0
14233,1.0,0.05,0.0001322833981440688,0.0,0.006294100234120954,0.06317959515633667,0.0
14234,1.0,0.05,0.0001322833981440688,0.0,0.006294100234120954,0.06317959515633667,0.0
14235,1.0,0.05,0.0001322833981440688,0.0,0.006294100234120954,0.06317959515633667,0.0
14236,1.0,0.05,0.0001322833981440688,0.0,0.006294100234120954,0.06317959515633667,0.0
14237,1.0,0.05,0.0001322833981440688,0.0,0.006294100234120954,0.06317959515633667,0.0
14238,1.0,0.05,0.00012933039659836733,0.0,0.006294100234120954,0.06317959515633667,0.0
14239,1.0,0.05,0.00012933039659836733,0.0,0.006294100234120954,0.06317959515633667,0.0
14240,1.0,0.05,0.0001362200295846251,0.0,0.006294100234120954,0.06317959515633667,0.0
14241,1.0,0.05,0.0001362200295846251,0.0,0.005960317473667267,0.06317959515633667,0.0
14242,1.0,0.05,0.0001362200295846251,0.0,0.005960317473667267,0.06317774916407162,0.0
14243,1.0,0.05,0.0001362200295846251,0.0,0.005960317473667267,0.06317774916407162,0.0
14244,1.0,0.05,0.0001362200295846251,0.0,0.005960317473667267,0.040681940764130196,0.0
14245,1.0,0.05,0.0001362200295846251,0.0,0.005960317473667267,0.029788320743387664,0.0
14246,1.0,0.05,0.0001362200295846251,0.0,0.005956707406462714,0.0714922304127121,0.0
14247,1.0,0.05,0.00012875839129194885,0.0,0.005956707406462714,0.0714922304127121,0.0
14248,1.0,0.05,0.00012875839129194885,0.0,0.005956707406462714,0.07110156578751121,0.0
14249,1.0,0.05,0.00012875839129194885,0.0,0.005956707406462714,0.07110156578751121,0.0
14250,1.0,0.05,0.00013230568504632906,0.0,0.005956707406462714,0.07110156578751121,0.0
14251,1.0,0.05,0.00013230568504632906,0.0,0.005956707406462714,0.07110156578751121,0.0
14252,1.0,0.05,0.00013230568504632906,0.0,0.005956707406462714,0.07110156578751121,0.0
14253,1.0,0.05,0.00013230568504632906,0.0,0.005956707406462714,0.08046358977086421,0.0
14254,1.0,0.05,0.00013230568504632906,0.0,0.005956707406462714,0.08046358977086421,0.0
14255,1.0,0.05,0.00013230568504632906,0.0,0.005956707406462714,0.08046358977086421,0.0
14256,1.0,0.05,0.00013230568504632906,0.0,0.005956707406462714,0.09032171325698593,0.0
14257,1.0,0.05,0.00013230568504632906,0.0,0.005956707406462714,0.09032171325698593,0.0
14258,1.0,0.05,0.00013230568504632906,0.0,0.005956707406462714,0.06903506484850672,0.0
14259,1.0,0.05,0.00013230568504632906,0.0,0.005956707406462714,0.06903506484850672,0.0
14260,1.0,0.05,0.00013230568504632906,0.0,0.005956707406462714,0.06421940101555662,0.0
14261,1.0,0.05,0.00013230568504632906,0.0,0.005956707406462714,0.06606080042850496,0.0
14262,1.0,0.05,0.00013230568504632906,0.0,0.005956707406462714,0.06606080042850496,0.0
14263,1.0,0.05,0.00013230568504632906,0.0,0.005956707406462714,0.06362763386133435,0.0
14264,1.0,0.05,0.00013230568504632906,0.0,0.005956707406462714,0.10116630853368522,0.0
14265,1.0,0.05,0.00013230568504632906,0.0,0.005956707406462714,0.09769046965740406,0.0
14266,1.0,0.05,0.00013230568504632906,0.0,0.005956707406462714,0.09769046965740406,0.0
14267,1.0,0.05,0.00013230568504632906,0.0,0.005956707406462714,0.09769046965740406,0.0
14268,1.0,0.05,0.00013230568504632906,0.0,0.005956707406462714,0.09769046965740406,0.0
14269,1.0,0.05,0.00013230568504632906,0.0,0.005956707406462714,0.09769046965740406,0.0
14270,1.0,0.05,0.00013230568504632906,0.0,0.005956707406462714,0.03811744507109462,0.0
14271,1.0,0.05,0.00013230568504632906,0.0,0.005956707406462714,0.035291923234119046,0.0
14272,1.0,0.05,0.00013230568504632906,0.0,0.005956707406462714,0.03166140408191706,0.0
14273,1.0,0.05,0.00013230568504632906,0.0,0.005956707406462714,0.03166140408191706,0.0
14274,1.0,0.05,0.00013230568504632906,0.0,0.005956707406462714,0.03166140408191706,0.0
14275,1.0,0.05,0.00013230568504632906,0.0,0.005956707406462714,0.0583023572343019,0.0
14276,1.0,0.05,0.00013230568504632906,0.0,0.005956707406462714,0.0583023572343019,0.0
14277,1.0,0.05,0.00013230568504632906,0.0,0.005956707406462714,0.0583023572343019,0.0
14278,1.0,0.05,0.00013230568504632906,0.0,0.005956707406462714,0.029465920651095955,0.0
14279,1.0,0.05,0.0001367746965629988,0.0,0.005105041241741971,0.022113999019862936,0.0
14280,1.0,0.05,0.0001367746965629988,0.0,0.005105041241741971,0.046428310565131775,0.0
14281,1.0,0.05,0.0001367746965629988,0.0,0.005105041241741971,0.046428310565131775,0.0
14282,1.0,0.05,0.0001367746965629988,0.0,0.005105041241741971,0.046428310565131775,0.0
14283,1.0,0.05,0.0001367746965629988,0.0,0.006493330268814847,0.0929582599201484,0.0
14284,1.0,0.05,0.0001367746965629988,0.0,0.006125615231745084,0.07497608950618952,0.0
14285,1.0,0.05,0.0001367746965629988,0.0,0.006125615231745084,0.05634259372391687,0.0
14286,1.0,0.05,0.0001367746965629988,0.0,0.006125615231745084,0.08408870556618689,0.0
14287,1.0,0.05,0.0001367746965629988,0.0,0.006125615231745084,0.08408870556618689,0.0
14288,1.0,0.05,0.0001367746965629988,0.0,0.006125615231745084,0.044487467697973196,0.0
14289,1.0,0.05,0.0001367746965629988,0.0,0.006125615231745084,0.0446026065717092,0.0
14290,1.0,0.05,0.0001367746965629988,0.0,0.006125615231745084,0.0446026065717092,0.0
14291,1.0,0.05,0.0001367746965629988,0.0,0.006125615231745084,0.0446026065717092,0.0
14292,1.0,0.05,0.00013343351088759218,0.0,0.006125615231745084,0.0695937515073422,0.0
14293,1.0,0.05,0.00013343351088759218,0.0,0.006125615231745084,0.0695937515073422,0.0
14294,1.0,0.05,0.00013343351088759218,0.0,0.006125615231745084,0.05552761979920991,0.0
14295,1.0,0.05,0.00013343351088759218,0.0,0.006125615231745084,0.04311396937006769,0.0
14296,1.0,0.05,0.00013343351088759218,0.0,0.006125615231745084,0.0058552692779558265,0.0
14297,1.0,0.05,0.00013343351088759218,0.0,0.006125615231745084,0.003343448059508331,0.0
14298,1.0,0.05,0.00013343351088759218,0.0,0.006125615231745084,0.004565826666267411,0.0
14299,1.0,0.05,0.00013343351088759218,0.0,0.006125615231745084,0.004348527382106999,0.0
14300,1.0,0.05,0.00013343351088759218,0.0,0.006125615231745084,0.0009244652396172104,0.0
14301,1.0,0.05,0.00013343351088759218,0.0,0.005907271727084428,0.008348257231495777,0.0
14302,1.0,0.05,0.00013343351088759218,0.0,0.005907271727084428,0.03168556891224908,0.0
14303,1.0,0.05,0.00013343351088759218,0.0,0.005907271727084428,0.05420726929120683,0.0
14304,1.0,0.05,0.00013343351088759218,0.0,0.005907271727084428,0.05420726929120683,0.0
14305,1.0,0.05,0.00013343351088759218,0.0,0.005907271727084428,0.05420726929120683,0.0
14306,1.0,0.05,0.00013343351088759218,0.0,0.005907271727084428,0.04273066716371319,0.0
14307,1.0,0.05,0.00013343351088759218,0.0,0.005606918847899318,0.04715846524706478,0.0
14308,1.0,0.05,0.00013343351088759218,0.0,0.005606918847899318,0.04715846524706478,0.0
14309,1.0,0.05,0.00013776317588226153,0.0,0.005606918847899318,0.04715846524706478,0.0
14310,1.0,0.05,0.00013776317588226153,0.0,0.005606918847899318,0.04715846524706478,0.0
14311,1.0,0.05,0.00013776317588226153,0.0,0.005606918847899318,0.03910220961804438,0.0
14312,1.0,0.05,0.00013776317588226153,0.0,0.005606918847899318,0.03910220961804438,0.0
14313,1.0,0.05,0.00013202766892117006,0.0,0.005606918847899318,0.03757044506343633,0.0
14314,1.0,0.05,0.00013202766892117006,0.0,0.005606918847899318,0.055097161296208674,0.0
14315,1.0,0.05,0.00013202766892117006,0.0,0.005606918847899318,0.055097161296208674,0.0
14316,1.0,0.05,0.00013202766892117006,0.0,0.005606918847899318,0.055097161296208674,0.0
14317,1.0,0.05,0.00013151530571412255,0.0,0.005606918847899318,0.055097161296208674,0.0
14318,1.0,0.05,0.00013151530571412255,0.0,0.005606918847899318,0.06646237710914084,0.0
14319,1.0,0.05,0.00013151530571412255,0.0,0.005606918847899318,0.07242610064032018,0.0
14320,1.0,0.05,0.00013151530571412255,0.0,0.005606918847899318,0.07242610064032018,0.0
14321,1.0,0.05,0.00013151530571412255,0.0,0.005606918847899318,0.05076372633825891,0.0
14322,1.0,0.05,0.00013151530571412255,0.0,0.005606918847899318,0.04912669671233019,0.0
14323,1.0,0.05,0.00013151530571412255,0.0,0.0067595072061697094,0.04912669671233019,0.0
14324,1.0,0.05,0.00013151530571412255,0.0,0.0067595072061697094,0.04912669671233019,0.0
14325,1.0,0.05,0.00013151530571412255,0.0,0.0067595072061697094,0.04912669671233019,0.0
14326,1.0,0.05,0.00013151530571412255,0.0,0.0067595072061697094,0.04912669671233019,0.0
14327,1.0,0.05,0.00013151530571412255,0.0,0.0067595072061697094,0.13067318763041247,0.0
14328,1.0,0.05,0.00013207373115058495,0.0,0.0067595072061697094,0.13067318763041247,0.0
14329,1.0,0.05,0.00013207373115058495,0.0,0.0067595072061697094,0.13067318763041247,0.0
14330,1.0,0.05,0.00012355193104218083,0.0,0.0067595072061697094,0.13067318763041247,0.0
14331,1.0,0.05,0.00012355193104218083,0.0,0.007457181724758036,0.13067318763041247,0.0
14332,1.0,0.05,0.00012355193104218083,0.0,0.007457181724758036,0.13067318763041247,0.0
14333,1.0,0.05,0.00012355193104218083,0.0,0.007457181724758036,0.06248432806703043,0.0
14334,1.0,0.05,0.00012355193104218083,0.0,0.007457181724758036,0.06248432806703043,0.0
14335,1.0,0.05,0.00012355193104218083,0.0,0.007259984765451332,0.06824276051643047,0.0
14336,1.0,0.05,0.00012355193104218083,0.0,0.007259984765451332,0.06824276051643047,0.0
14337,1.0,0.05,0.00012355193104218083,0.0,0.007396425118777195,0.06824276051643047,0.0
14338,1.0,0.05,0.00012355193104218083,0.0,0.007396425118777195,0.16800228066439155,0.0
14339,1.0,0.05,0.00012355193104218083,0.0,0.007396425118777195,0.11999597413184745,0.0
14340,1.0,0.05,0.0001367577693242526,0.0,0.006976053878661061,0.11999597413184745,0.0
14341,1.0,0.05,0.0001367577693242526,0.0,0.0051472889931241834,0.05131935054094759,0.0
14342,1.0,0.05,0.0001367577693242526,0.0,0.005559988051345907,0.05131935054094759,0.0
14343,1.0,0.05,0.0001367577693242526,0.0,0.005559988051345907,0.08238556506787931,0.0
14344,1.0,0.05,0.0001367577693242526,0.0,0.005559988051345907,0.08238556506787931,0.0
14345,1.0,0.05,0.0001367577693242526,0.0,0.005559988051345907,0.08238556506787931,0.0
14346,1.0,0.05,0.00013156765789443562,0.0,0.005559988051345907,0.03708838441435846,0.0
14347,1.0,0.05,0.00013712413363188534,0.0,0.005559988051345907,0.03708838441435846,0.0
14348,1.0,0.05,0.00013984603398469234,0.0,0.005559988051345907,0.03708838441435846,0.0
14349,1.0,0.05,0.00013984603398469234,0.0,0.005559988051345907,0.03708838441435846,0.0
14350,1.0,0.05,0.00013984603398469234,0.0,0.005559988051345907,0.03708838441435846,0.0
14351,1.0,0.05,0.00013984603398469234,0.0,0.005559988051345907,0.08130515301641125,0.0
14352,1.0,0.05,0.00013984603398469234,0.0,0.006316317675410693,0.08130515301641125,0.0
14353,1.0,0.05,0.00013984603398469234,0.0,0.006042654582463645,0.08130515301641125,0.0
14354,1.0,0.05,0.00013984603398469234,0.0,0.006042654582463645,0.058423357691274824,0.0
14355,1.0,0.05,0.00013984603398469234,0.0,0.006042654582463645,0.03878574274662168,0.0
14356,1.0,0.05,0.00013984603398469234,0.0,0.006042654582463645,0.04970609344058412,0.0
14357,1.0,0.05,0.00013984603398469234,0.0,0.006042654582463645,0.029230815744626763,0.0
14358,1.0,0.05,0.00013984603398469234,0.0,0.0051652710371045225,0.029230815744626763,0.0
14359,1.0,0.05,0.00013984603398469234,0.0,0.0051652710371045225,0.029230815744626763,0.0
14360,1.0,0.05,0.00013984603398469234,0.0,0.0051652710371045225,0.029230815744626763,0.0
14361,1.0,0.05,0.00013984603398469234,0.0,0.0051652710371045225,0.026798594859911255,0.0
14362,1.0,0.05,0.00013984603398469234,0.0,0.0051652710371045225,0.026737599300001733,0.0
14363,1.0,0.05,0.00013984603398469234,0.0,0.0051652710371045225,0.032234457110715896,0.0
14364,1.0,0.05,0.00013984603398469234,0.0,0.0051652710371045225,0.07647715462402482,0.0
14365,1.0,0.05,0.00013155758960900745,0.0,0.0051652710371045225,0.03281024633654974,0.0
14366,1.0,0.05,0.00013155758960900745,0.0,0.0051652710371045225,0.0831062792231112,0.0
14367,1.0,0.05,0.00013155758960900745,0.0,0.0051652710371045225,0.08928689684478337,0.0
14368,1.0,0.05,0.00013155758960900745,0.0,0.005748506234802445,0.08928689684478337,0.0
14369,1.0,0.05,0.00013155758960900745,0.0,0.005748506234802445,0.08928689684478337,0.0
14370,1.0,0.05,0.00013155758960900745,0.0,0.005748506234802445,0.08928689684478337,0.0
14371,1.0,0.05,0.00013155758960900745,0.0,0.005748506234802445,0.08928689684478337,0.0
14372,1.0,0.05,0.00013155758960900745,0.0,0.005748506234802445,0.08928689684478337,0.0
14373,1.0,0.05,0.00012783029769681165,0.0,0.005748506234802445,0.04405358999406561,0.0
14374,1.0,0.05,0.00012783029769681165,0.0,0.007809460775615156,0.04405358999406561,0.0
14375,1.0,0.05,0.00012783029769681165,0.0,0.006095058382228707,0.04296577291856819,0.0
14376,1.0,0.05,0.0001361887242650783,0.0,0.00572167049004778,0.04296577291856819,0.0
14377,1.0,0.05,0.0001361887242650783,0.0,0.00572167049004778,0.11059718467230777,0.0
14378,1.0,0.05,0.0001361887242650783,0.0,0.00572167049004778,0.08734524876692627,0.0
14379,1.0,0.05,0.0001361887242650783,0.0,0.00572167049004778,0.0934963533899344,0.0
14380,1.0,0.05,0.0001361887242650783,0.0,0.00572167049004778,0.0934963533899344,0.0
14381,1.0,0.05,0.0001361887242650783,0.0,0.005674852752964736,0.11520711027934102,0.0
14382,1.0,0.05,0.0001361887242650783,0.0,0.005674852752964736,0.11520711027934102,0.0
14383,1.0,0.05,0.0001361887242650783,0.0,0.005674852752964736,0.059065481336984235,0.0
14384,1.0,0.05,0.0001361887242650783,0.0,0.005674852752964736,0.03554138384993652,0.0
14385,1.0,0.05,0.0001361887242650783,0.0,0.005674852752964736,0.08794183607518323,0.0
14386,1.0,0.05,0.0001361887242650783,0.0,0.005674852752964736,0.08794183607518323,0.0
14387,1.0,0.05,0.0001361887242650783,0.0,0.005674852752964736,0.056447108249724195,0.0
14388,1.0,0.05,0.0001361887242650783,0.0,0.005674852752964736,0.056447108249724195,0.0
14389,1.0,0.05,0.0001361887242650783,0.0,0.005674852752964736,0.056447108249724195,0.0
14390,1.0,0.05,0.0001361887242650783,0.0,0.005674852752964736,0.056447108249724195,0.0
14391,1.0,0.05,0.0001361887242650783,0.0,0.005674852752964736,0.07797567987942366,0.0
14392,1.0,0.05,0.00013921723076594066,0.0,0.005674852752964736,0.07797567987942366,0.0
14393,1.0,0.05,0.00013921723076594066,0.0,0.005674852752964736,0.07797567987942366,0.0
14394,1.0,0.05,0.00013921723076594066,0.0,0.005674852752964736,0.07116321657991663,0.0
14395,1.0,0.05,0.00013921723076594066,0.0,0.005674852752964736,0.07116321657991663,0.0
14396,1.0,0.05,0.00013921723076594066,0.0,0.005674852752964736,0.07116321657991663,0.0
14397,1.0,0.05,0.00013921723076594066,0.0,0.005674852752964736,0.07116321657991663,0.0
14398,1.0,0.05,0.00013921723076594066,0.0,0.005674852752964736,0.07116321657991663,0.0
14399,1.0,0.05,0.00013921723076594066,0.0,0.005674852752964736,0.056571626447038746,0.0
14400,1.0,0.05,0.00013921723076594066,0.0,0.005674852752964736,0.056571626447038746,0.0
14401,1.0,0.05,0.00013921723076594066,0.0,0.005674852752964736,0.05978814539919406,0.0
14402,1.0,0.05,0.00013921723076594066,0.0,0.005674852752964736,0.05978814539919406,0.0
14403,1.0,0.05,0.0001257140330590762,0.0,0.0062856996839641514,0.04411227785262266,0.0
14404,1.0,0.05,0.0001257140330590762,0.0,0.007639357598176351,0.03949439915781336,0.0
14405,1.0,0.05,0.0001257140330590762,0.0,0.007639357598176351,0.051243194927682624,0.0
14406,1.0,0.05,0.0001257140330590762,0.0,0.008422962264825246,0.051243194927682624,0.0
14407,1.0,0.05,0.0001257140330590762,0.0,0.008422962264825246,0.05511679484765045,0.0
14408,1.0,0.05,0.0001257140330590762,0.0,0.007691279664509211,0.05511679484765045,0.0
14409,1.0,0.05,0.0001257140330590762,0.0,0.006240029119889309,0.09714567365369235,0.0
14410,1.0,0.05,0.0001257140330590762,0.0,0.006240029119889309,0.09714567365369235,0.0
14411,1.0,0.05,0.0001257140330590762,0.0,0.00843613419591034,0.05180868171064151,0.0
14412,1.0,0.05,0.0001257140330590762,0.0,0.00746347963289405,0.09352664460115645,0.0
14413,1.0,0.05,0.0001257140330590762,0.0,0.00746347963289405,0.11262122106963515,0.0
14414,1.0,0.05,0.0001257140330590762,0.0,0.00746347963289405,0.11262122106963515,0.0
14415,1.0,0.05,0.0001257140330590762,0.0,0.00746347963289405,0.07445062791333183,0.0
14416,1.0,0.05,0.0001257140330590762,0.0,0.00746347963289405,0.07445062791333183,0.0
14417,1.0,0.05,0.0001257140330590762,0.0,0.006382945547227595,0.07445062791333183,0.0
14418,1.0,0.05,0.0001257140330590762,0.0,0.006382945547227595,0.07445062791333183,0.0
14419,1.0,0.05,0.0001257140330590762,0.0,0.006382945547227595,0.07445062791333183,0.0
14420,1.0,0.05,0.0001257140330590762,0.0,0.006382945547227595,0.07445062791333183,0.0
14421,1.0,0.05,0.0001257140330590762,0.0,0.006382945547227595,0.07445062791333183,0.0
14422,1.0,0.05,0.0001257140330590762,0.0,0.006780895078119016,0.11125507221202663,0.0
14423,1.0,0.05,0.0001257140330590762,0.0,0.006780895078119016,0.11125507221202663,0.0
14424,1.0,0.05,0.0001257140330590762,0.0,0.006370510589207723,0.12574478909522072,0.0
14425,1.0,0.05,0.0001257140330590762,0.0,0.006678635756971077,0.08476559361437445,0.0
14426,1.0,0.05,0.00012581638844697942,0.0,0.006678635756971077,0.08476559361437445,0.0
14427,1.0,0.05,0.00012581638844697942,0.0,0.006678635756971077,0.08476559361437445,0.0
14428,1.0,0.05,0.00012581638844697942,0.0,0.005347790490465395,0.08476559361437445,0.0
14429,1.0,0.05,0.00012581638844697942,0.0,0.005347790490465395,0.05359068304260242,0.0
14430,1.0,0.05,0.00013626294671429198,0.0,0.005347790490465395,0.05359068304260242,0.0
14431,1.0,0.05,0.00013626294671429198,0.0,0.005347790490465395,0.05359068304260242,0.0
14432,1.0,0.05,0.00013626294671429198,0.0,0.00559003349881615,0.05359068304260242,0.0
14433,1.0,0.05,0.00013626294671429198,0.0,0.0053135186004580415,0.05359068304260242,0.0
14434,1.0,0.05,0.00013626294671429198,0.0,0.0053135186004580415,0.04247001663144823,0.0
14435,1.0,0.05,0.00013626294671429198,0.0,0.0053135186004580415,0.060814071086211466,0.0
14436,1.0,0.05,0.00013626294671429198,0.0,0.006754813451787631,0.060814071086211466,0.0
14437,1.0,0.05,0.00013626294671429198,0.0,0.006754813451787631,0.060814071086211466,0.0
14438,1.0,0.05,0.00013626294671429198,0.0,0.006284108372783375,0.060814071086211466,0.0
14439,1.0,0.05,0.00013626294671429198,0.0,0.006284108372783375,0.054169072898516725,0.0
14440,1.0,0.05,0.00013626294671429198,0.0,0.006284108372783375,0.037455637619606554,0.0
14441,1.0,0.05,0.00013626294671429198,0.0,0.006284108372783375,0.037455637619606554,0.0
14442,1.0,0.05,0.00013626294671429198,0.0,0.005158568426137843,0.037455637619606554,0.0
14443,1.0,0.05,0.00013626294671429198,0.0,0.005158568426137843,0.037455637619606554,0.0
14444,1.0,0.05,0.00013626294671429198,0.0,0.005158568426137843,0.0868633466974806,0.0
14445,1.0,0.05,0.00013626294671429198,0.0,0.006251959172915981,0.0969435232350317,0.0
14446,1.0,0.05,0.00013626294671429198,0.0,0.006251959172915981,0.0969435232350317,0.0
14447,1.0,0.05,0.00013626294671429198,0.0,0.006033108320906026,0.09661336888963776,0.0
14448,1.0,0.05,0.00013626294671429198,0.0,0.006033108320906026,0.11713959181098599,0.0
14449,1.0,0.05,0.00013626294671429198,0.0,0.006033108320906026,0.08375882028087651,0.0
14450,1.0,0.05,0.00013190169773375816,0.0,0.006033108320906026,0.05849496618229633,0.0
14451,1.0,0.05,0.00013190169773375816,0.0,0.006033108320906026,0.05849496618229633,0.0
14452,1.0,0.05,0.00013190169773375816,0.0,0.006033108320906026,0.0760886789172523,0.0
14453,1.0,0.05,0.00013190169773375816,0.0,0.006033108320906026,0.03794627389614579,0.0
14454,1.0,0.05,0.00013190169773375816,0.0,0.006033108320906026,0.05986405627892233,0.0
14455,1.0,0.05,0.00013190169773375816,0.0,0.006033108320906026,0.05986405627892233,0.0
14456,1.0,0.05,0.00013190169773375816,0.0,0.006033108320906026,0.060863760214223954,0.0
14457,1.0,0.05,0.00013190169773375816,0.0,0.006033108320906026,0.060863760214223954,0.0
14458,1.0,0.05,0.00013190169773375816,0.0,0.006033108320906026,0.060863760214223954,0.0
14459,1.0,0.05,0.00013190169773375816,0.0,0.006033108320906026,0.060863760214223954,0.0
14460,1.0,0.05,0.00013190169773375816,0.0,0.006033108320906026,0.060863760214223954,0.0
14461,1.0,0.05,0.00013190169773375816,0.0,0.006033108320906026,0.08095736078730294,0.0
14462,1.0,0.05,0.00013190169773375816,0.0,0.006033108320906026,0.08095736078730294,0.0
14463,1.0,0.05,0.00013190169773375816,0.0,0.006033108320906026,0.08095736078730294,0.0
14464,1.0,0.05,0.00013190169773375816,0.0,0.006033108320906026,0.06916952973282023,0.0
14465,1.0,0.05,0.00013190169773375816,0.0,0.006033108320906026,0.06916952973282023,0.0
14466,1.0,0.05,0.00013190169773375816,0.0,0.005862360126837265,0.06916952973282023,0.0
14467,1.0,0.05,0.00013190169773375816,0.0,0.005862360126837265,0.06916952973282023,0.0
14468,1.0,0.05,0.00013190169773375816,0.0,0.005862360126837265,0.06916952973282023,0.0
14469,1.0,0.05,0.00013190169773375816,0.0,0.005862360126837265,0.06916952973282023,0.0
14470,1.0,0.05,0.00013115099490886595,0.0,0.005862360126837265,0.07474323367776996,0.0
14471,1.0,0.05,0.00013115099490886595,0.0,0.005862360126837265,0.059397983905536286,0.0
14472,1.0,0.05,0.00013680985696589722,0.0,0.005862360126837265,0.059397983905536286,0.0
14473,1.0,0.05,0.00013680985696589722,0.0,0.005862360126837265,0.059397983905536286,0.0
14474,1.0,0.05,0.00013680985696589722,0.0,0.005862360126837265,0.020382438843851297,0.0
14475,1.0,0.05,0.00013680985696589722,0.0,0.005862360126837265,0.020814434712859597,0.0
14476,1.0,0.05,0.00013680985696589722,0.0,0.005862360126837265,0.021911021364635568,0.0
14477,1.0,0.05,0.00013680985696589722,0.0,0.005862360126837265,0.018769752382761754,0.0
14478,1.0,0.05,0.00013680985696589722,0.0,0.005862360126837265,0.014642168607837163,0.0
14479,1.0,0.05,0.00013680985696589722,0.0,0.005862360126837265,0.014642168607837163,0.0
14480,1.0,0.05,0.00013680985696589722,0.0,0.005862360126837265,0.01896110769417179,0.0
14481,1.0,0.05,0.00013680985696589722,0.0,0.0057055142546630295,0.02271115091660958,0.0
14482,1.0,0.05,0.00013067814673007163,0.0,0.0057055142546630295,0.02271115091660958,0.0
14483,1.0,0.05,0.00013067814673007163,0.0,0.0057055142546630295,0.02271115091660958,0.0
14484,1.0,0.05,0.00013067814673007163,0.0,0.0057055142546630295,0.02271115091660958,0.0
14485,1.0,0.05,0.00013067814673007163,0.0,0.005806346432470537,0.016291235513338737,0.0
14486,1.0,0.05,0.00013067814673007163,0.0,0.005806346432470537,0.016291235513338737,0.0
14487,1.0,0.05,0.00013067814673007163,0.0,0.005933909658781973,0.016291235513338737,0.0
14488,1.0,0.05,0.00013067814673007163,0.0,0.005933909658781973,0.02390298370741695,0.0
14489,1.0,0.05,0.00013067814673007163,0.0,0.005933909658781973,0.045934753576901376,0.0
14490,1.0,0.05,0.00013067814673007163,0.0,0.006096002165474367,0.10154307157882257,0.0
14491,1.0,0.05,0.00013067814673007163,0.0,0.006096002165474367,0.10154307157882257,0.0
14492,1.0,0.05,0.0001320124069143854,0.0,0.006096002165474367,0.10154307157882257,0.0
14493,1.0,0.05,0.0001320124069143854,0.0,0.006096002165474367,0.10154307157882257,0.0
14494,1.0,0.05,0.0001320124069143854,0.0,0.0049942825402362855,0.0827569138554734,0.0
14495,1.0,0.05,0.0001320124069143854,0.0,0.0049942825402362855,0.07604066188646438,0.0
14496,1.0,0.05,0.0001320124069143854,0.0,0.0049942825402362855,0.03626478032904077,0.0
14497,1.0,0.05,0.0001320124069143854,0.0,0.006112288640498995,0.03626478032904077,0.0
14498,1.0,0.05,0.0001320124069143854,0.0,0.006112288640498995,0.03626478032904077,0.0
14499,1.0,0.05,0.0001320124069143854,0.0,0.006112288640498995,0.033589744374577034,0.0
14500,1.0,0.05,0.0001320124069143854,0.0,0.006112288640498995,0.033589744374577034,0.0
14501,1.0,0.05,0.0001320124069143854,0.0,0.006112288640498995,0.033589744374577034,0.0
14502,1.0,0.05,0.0001320124069143854,0.0,0.006112288640498995,0.033589744374577034,0.0
14503,1.0,0.05,0.0001320124069143854,0.0,0.006112288640498995,0.033589744374577034,0.0
14504,1.0,0.05,0.00013963616439842318,0.0,0.006112288640498995,0.07374753672967814,0.0
14505,1.0,0.05,0.00013963616439842318,0.0,0.006112288640498995,0.07374753672967814,0.0
14506,1.0,0.05,0.00013963616439842318,0.0,0.006112288640498995,0.06782687945291853,0.0
14507,1.0,0.05,0.00013963616439842318,0.0,0.006112288640498995,0.012527394654821517,0.0
14508,1.0,0.05,0.00013963616439842318,0.0,0.006112288640498995,0.0419457106171548,0.0
14509,1.0,0.05,0.00013963616439842318,0.0,0.006112288640498995,0.050661318654331225,0.0
14510,1.0,0.05,0.00013963616439842318,0.0,0.006112288640498995,0.050661318654331225,0.0
14511,1.0,0.05,0.0001395089568513811,0.0,0.006112288640498995,0.04005050228401101,0.0
14512,1.0,0.05,0.0001395089568513811,0.0,0.006112288640498995,0.04005050228401101,0.0
14513,1.0,0.05,0.0001395089568513811,0.0,0.006112288640498995,0.04005050228401101,0.0
14514,1.0,0.05,0.0001395089568513811,0.0,0.006112288640498995,0.04005050228401101,0.0
14515,1.0,0.05,0.0001395089568513811,0.0,0.006112288640498995,0.07330637631755538,0.0
14516,1.0,0.05,0.00012899528464097097,0.0,0.006112288640498995,0.07330637631755538,0.0
14517,1.0,0.05,0.00012899528464097097,0.0,0.005899298892027692,0.07330637631755538,0.0
14518,1.0,0.05,0.00012899528464097097,0.0,0.005899298892027692,0.08302827363248123,0.0
14519,1.0,0.05,0.00012899528464097097,0.0,0.005665918896002738,0.07792210332233879,0.0
14520,1.0,0.05,0.00012899528464097097,0.0,0.005665918896002738,0.07792210332233879,0.0
14521,1.0,0.05,0.00012899528464097097,0.0,0.005665918896002738,0.07792210332233879,0.0
14522,1.0,0.05,0.00012899528464097097,0.0,0.005665918896002738,0.05856932350779921,0.0
14523,1.0,0.05,0.00012899528464097097,0.0,0.006470116999934256,0.09217506059231252,0.0
14524,1.0,0.05,0.00012899528464097097,0.0,0.006470116999934256,0.09217506059231252,0.0
14525,1.0,0.05,0.00012899528464097097,0.0,0.006470116999934256,0.1274868402223829,0.0
14526,1.0,0.05,0.00012899528464097097,0.0,0.006392355710186035,0.1274868402223829,0.0
14527,1.0,0.05,0.00012702838194154122,0.0,0.006392355710186035,0.1048409019180907,0.0
14528,1.0,0.05,0.00012702838194154122,0.0,0.006392355710186035,0.1048409019180907,0.0
14529,1.0,0.05,0.00012702838194154122,0.0,0.006392355710186035,0.1048409019180907,0.0
14530,1.0,0.05,0.00012702838194154122,0.0,0.006392355710186035,0.1048409019180907,0.0
14531,1.0,0.05,0.00012702838194154122,0.0,0.006392355710186035,0.10657204776983413,0.0
14532,1.0,0.05,0.00012580292606169404,0.0,0.0063537943222207625,0.10657204776983413,0.0
14533,1.0,0.05,0.0001385873986485021,0.0,0.00596530663369643,0.10657204776983413,0.0
14534,1.0,0.05,0.0001369366532269719,0.0,0.00596530663369643,0.10657204776983413,0.0
14535,1.0,0.05,0.0001369366532269719,0.0,0.00596530663369643,0.07208178245086543,0.0
14536,1.0,0.05,0.0001369366532269719,0.0,0.005731150721572467,0.07208178245086543,0.0
14537,1.0,0.05,0.0001369366532269719,0.0,0.005686105033638589,0.060788773039386824,0.0
14538,1.0,0.05,0.0001369366532269719,0.0,0.005686105033638589,0.05725361045048279,0.0
14539,1.0,0.05,0.0001369366532269719,0.0,0.006145477910091679,0.05725361045048279,0.0
14540,1.0,0.05,0.00013381177864946894,0.0,0.006145477910091679,0.03177460798854796,0.0
14541,1.0,0.05,0.00013381177864946894,0.0,0.006145477910091679,0.007591765317324768,0.0
14542,1.0,0.05,0.00013522195194498875,0.0,0.006582346855795123,0.009176148422850324,0.0
14543,1.0,0.05,0.00013522195194498875,0.0,0.006582346855795123,0.006494706348533526,0.0
14544,1.0,0.05,0.00013522195194498875,0.0,0.006582346855795123,0.011799894221919882,0.0
14545,1.0,0.05,0.00013522195194498875,0.0,0.005296419356970362,0.011799894221919882,0.0
14546,1.0,0.05,0.00013522195194498875,0.0,0.0062207906346199646,0.007767027725015973,0.0
14547,1.0,0.05,0.00013522195194498875,0.0,0.0062207906346199646,0.01601324315046012,0.0
14548,1.0,0.05,0.00013522195194498875,0.0,0.0062207906346199646,0.01601324315046012,0.0
14549,1.0,0.05,0.00013522195194498875,0.0,0.0062207906346199646,0.033000676751495074,0.0
14550,1.0,0.05,0.00013522195194498875,0.0,0.005382004044491975,0.04020929196093945,0.0
14551,1.0,0.05,0.00013522195194498875,0.0,0.005382004044491975,0.04020929196093945,0.0
14552,1.0,0.05,0.00013522195194498875,0.0,0.005382004044491975,0.058613160121509925,0.0
14553,1.0,0.05,0.00013522195194498875,0.0,0.005382004044491975,0.09311071617372678,0.0
14554,1.0,0.05,0.00013522195194498875,0.0,0.005382004044491975,0.09311071617372678,0.0
14555,1.0,0.05,0.00013522195194498875,0.0,0.006480104677989791,0.09311071617372678,0.0
14556,1.0,0.05,0.00013522195194498875,0.0,0.006322437627492744,0.07184733201653798,0.0
14557,1.0,0.05,0.00013522195194498875,0.0,0.006322437627492744,0.07184733201653798,0.0
14558,1.0,0.05,0.00014338736562190146,0.0,0.006322437627492744,0.03556417598854146,0.0
14559,1.0,0.05,0.00014338736562190146,0.0,0.006322437627492744,0.03461475572421131,0.0
14560,1.0,0.05,0.00014338736562190146,0.0,0.006322437627492744,0.03719313766965081,0.0
14561,1.0,0.05,0.00014338736562190146,0.0,0.006322437627492744,0.03586477250278485,0.0
14562,1.0,0.05,0.0001434297350003576,0.0,0.006322437627492744,0.012565786527288273,0.0
14563,1.0,0.05,0.0001434297350003576,0.0,0.006322437627492744,0.02035625768220449,0.0
14564,1.0,0.05,0.0001434297350003576,0.0,0.006322437627492744,0.050852065612599674,0.0
14565,1.0,0.05,0.0001434297350003576,0.0,0.006322437627492744,0.03446339821364491,0.0
14566,1.0,0.05,0.00012865919059598896,0.0,0.006322437627492744,0.03160140470129434,0.0
14567,1.0,0.05,0.00012865919059598896,0.0,0.006322437627492744,0.04177626610854232,0.0
14568,1.0,0.05,0.00012865919059598896,0.0,0.006322437627492744,0.048999401391793256,0.0
14569,1.0,0.05,0.00012865919059598896,0.0,0.006322437627492744,0.07795470827378531,0.0
14570,1.0,0.05,0.00012865919059598896,0.0,0.006322437627492744,0.07795470827378531,0.0
14571,1.0,0.05,0.00012865919059598896,0.0,0.006322437627492744,0.07795470827378531,0.0
14572,1.0,0.05,0.00012865919059598896,0.0,0.006322437627492744,0.047280934087094495,0.0
14573,1.0,0.05,0.00012865919059598896,0.0,0.006322437627492744,0.06740931753917033,0.0
14574,1.0,0.05,0.00012865919059598896,0.0,0.006044729208893491,0.12458096232373722,0.0
14575,1.0,0.05,0.00012865919059598896,0.0,0.007269012378862265,0.03277347858777242,0.0
14576,1.0,0.05,0.00012865919059598896,0.0,0.006519932338687784,0.03812902889623132,0.0
14577,1.0,0.05,0.00012865919059598896,0.0,0.006519932338687784,0.03812902889623132,0.0
14578,1.0,0.05,0.00012865919059598896,0.0,0.006530405971178532,0.03765947982260834,0.0
14579,1.0,0.05,0.00012537263001137136,0.0,0.006530405971178532,0.03765947982260834,0.0
14580,1.0,0.05,0.00012268268004490124,0.0,0.006530405971178532,0.03765947982260834,0.0
14581,1.0,0.05,0.00012268268004490124,0.0,0.006530405971178532,0.12624963984540166,0.0
14582,1.0,0.05,0.00012268268004490124,0.0,0.006530405971178532,0.08935896919980477,0.0
14583,1.0,0.05,0.00012268268004490124,0.0,0.006530405971178532,0.08935896919980477,0.0
14584,1.0,0.05,0.00013294434624213085,0.0,0.006530405971178532,0.08935896919980477,0.0
14585,1.0,0.05,0.00013294434624213085,0.0,0.006530405971178532,0.08935896919980477,0.0
14586,1.0,0.05,0.00013294434624213085,0.0,0.006530405971178532,0.08935896919980477,0.0
14587,1.0,0.05,0.00013294434624213085,0.0,0.006530405971178532,0.07858712374611303,0.0
14588,1.0,0.05,0.00013294434624213085,0.0,0.006530405971178532,0.1662648430038372,0.0
14589,1.0,0.05,0.00013294434624213085,0.0,0.005952790170648348,0.11011548527493642,0.0
14590,1.0,0.05,0.00013294434624213085,0.0,0.006112572197936669,0.11011548527493642,0.0
14591,1.0,0.05,0.00013294434624213085,0.0,0.006112572197936669,0.04360256180047455,0.0
14592,1.0,0.05,0.00013294434624213085,0.0,0.006112572197936669,0.04360256180047455,0.0
14593,1.0,0.05,0.00013294434624213085,0.0,0.006112572197936669,0.04360256180047455,0.0
14594,1.0,0.05,0.00013294434624213085,0.0,0.006112572197936669,0.04360256180047455,0.0
14595,1.0,0.05,0.00013294434624213085,0.0,0.006112572197936669,0.04360256180047455,0.0
14596,1.0,0.05,0.00013294434624213085,0.0,0.006112572197936669,0.03929602411091478,0.0
14597,1.0,0.05,0.00013294434624213085,0.0,0.006112572197936669,0.03126478312163342,0.0
14598,1.0,0.05,0.00013294434624213085,0.0,0.006112572197936669,0.023426116709493232,0.0
14599,1.0,0.05,0.00013294434624213085,0.0,0.006112572197936669,0.025891260638528035,0.0
14600,1.0,0.05,0.00013294434624213085,0.0,0.006112572197936669,0.02716025602103612,0.0
14601,1.0,0.05,0.00013294434624213085,0.0,0.006112572197936669,0.0987224156746622,0.0
14602,1.0,0.05,0.00013885999877489533,0.0,0.006112572197936669,0.0987224156746622,0.0
14603,1.0,0.05,0.00013885999877489533,0.0,0.006112572197936669,0.0987224156746622,0.0
14604,1.0,0.05,0.00013885999877489533,0.0,0.006112572197936669,0.05337565483362678,0.0
14605,1.0,0.05,0.00013885999877489533,0.0,0.006112572197936669,0.041809373457750806,0.0
14606,1.0,0.05,0.00013885999877489533,0.0,0.006112572197936669,0.041809373457750806,0.0
14607,1.0,0.05,0.00013885999877489533,0.0,0.005900516737844538,0.041809373457750806,0.0
14608,1.0,0.05,0.00013885999877489533,0.0,0.005900516737844538,0.041809373457750806,0.0
14609,1.0,0.05,0.00013885999877489533,0.0,0.005900516737844538,0.08763863643010958,0.0
14610,1.0,0.05,0.00013417246763885963,0.0,0.005900516737844538,0.03642727989323417,0.0
14611,1.0,0.05,0.00013417246763885963,0.0,0.005900516737844538,0.03642727989323417,0.0
14612,1.0,0.05,0.00013417246763885963,0.0,0.005900516737844538,0.03642727989323417,0.0
14613,1.0,0.05,0.00013417246763885963,0.0,0.005900516737844538,0.03642727989323417,0.0
14614,1.0,0.05,0.00013417246763885963,0.0,0.005900516737844538,0.027575021198584695,0.0
14615,1.0,0.05,0.00013417246763885963,0.0,0.005900516737844538,0.10083703513269203,0.0
14616,1.0,0.05,0.0001349571928468509,0.0,0.005900516737844538,0.10083703513269203,0.0
14617,1.0,0.05,0.0001349571928468509,0.0,0.005900516737844538,0.10083703513269203,0.0
14618,1.0,0.05,0.0001349571928468509,0.0,0.005900516737844538,0.06246840167731295,0.0
14619,1.0,0.05,0.0001349571928468509,0.0,0.005900516737844538,0.06246840167731295,0.0
14620,1.0,0.05,0.0001349571928468509,0.0,0.005900516737844538,0.06246840167731295,0.0
14621,1.0,0.05,0.0001349571928468509,0.0,0.005900516737844538,0.06246840167731295,0.0
14622,1.0,0.05,0.0001349571928468509,0.0,0.005900516737844538,0.08395076083444813,0.0
14623,1.0,0.05,0.00013221810216266955,0.0,0.005489044018890506,0.08395076083444813,0.0
14624,1.0,0.05,0.00013221810216266955,0.0,0.005489044018890506,0.06223574645375267,0.0
14625,1.0,0.05,0.00013221810216266955,0.0,0.004904907595513112,0.06223574645375267,0.0
14626,1.0,0.05,0.00013221810216266955,0.0,0.004904907595513112,0.06223574645375267,0.0
14627,1.0,0.05,0.00013221810216266955,0.0,0.004904907595513112,0.06223574645375267,0.0
14628,1.0,0.05,0.00013221810216266955,0.0,0.004904907595513112,0.06223574645375267,0.0
14629,1.0,0.05,0.00013221810216266955,0.0,0.004904907595513112,0.06223574645375267,0.0
14630,1.0,0.05,0.00013560507821948494,0.0,0.004904907595513112,0.06223574645375267,0.0
14631,1.0,0.05,0.00013560507821948494,0.0,0.004904907595513112,0.06223574645375267,0.0
14632,1.0,0.05,0.00013560507821948494,0.0,0.004904907595513112,0.0760116456948836,0.0
14633,1.0,0.05,0.00013560507821948494,0.0,0.006927278351423983,0.04900696222768023,0.0
14634,1.0,0.05,0.00013560507821948494,0.0,0.006927278351423983,0.05629183958118013,0.0
14635,1.0,0.05,0.00013560507821948494,0.0,0.006927278351423983,0.07195763235402912,0.0
14636,1.0,0.05,0.00013560507821948494,0.0,0.006927278351423983,0.10998418200520817,0.0
14637,1.0,0.05,0.00013560507821948494,0.0,0.006927278351423983,0.10998418200520817,0.0
14638,1.0,0.05,0.00013560507821948494,0.0,0.00534761466819064,0.10998418200520817,0.0
14639,1.0,0.05,0.00013605985483733935,0.0,0.00534761466819064,0.0881824060708605,0.0
14640,1.0,0.05,0.00013197496182360097,0.0,0.00534761466819064,0.06171111723571321,0.0
14641,1.0,0.05,0.00013197496182360097,0.0,0.006940269707645701,0.10958219611592612,0.0
14642,1.0,0.05,0.00012272883004044662,0.0,0.006940269707645701,0.10958219611592612,0.0
14643,1.0,0.05,0.00012272883004044662,0.0,0.0076563225170989315,0.10958219611592612,0.0
14644,1.0,0.05,0.00011934944341723327,0.0,0.0077519553588363144,0.10958219611592612,0.0
14645,1.0,0.05,0.00011934944341723327,0.0,0.008125816878507712,0.10958219611592612,0.0
14646,1.0,0.05,0.00011934944341723327,0.0,0.007370703466930007,0.10667288946785382,0.0
14647,1.0,0.05,0.00011934944341723327,0.0,0.007370703466930007,0.10667288946785382,0.0
14648,1.0,0.05,0.00012754140780122796,0.0,0.007370703466930007,0.0974587890551594,0.0
14649,1.0,0.05,0.00012754140780122796,0.0,0.007370703466930007,0.0974587890551594,0.0
14650,1.0,0.05,0.00013310327884524716,0.0,0.007370703466930007,0.1180299919325447,0.0
14651,1.0,0.05,0.00013310327884524716,0.0,0.005428720085369935,0.1180299919325447,0.0
14652,1.0,0.05,0.00013310327884524716,0.0,0.005777067943090233,0.04759895296297405,0.0
14653,1.0,0.05,0.00013310327884524716,0.0,0.005777067943090233,0.059010002459511476,0.0
14654,1.0,0.05,0.00013310327884524716,0.0,0.005777067943090233,0.09372695758207183,0.0
14655,1.0,0.05,0.00013310327884524716,0.0,0.005777067943090233,0.09372695758207183,0.0
14656,1.0,0.05,0.00013310327884524716,0.0,0.005777067943090233,0.054524891768212576,0.0
14657,1.0,0.05,0.00013310327884524716,0.0,0.005777067943090233,0.05191764884660656,0.0
14658,1.0,0.05,0.00013310327884524716,0.0,0.0060964421351934394,0.05191764884660656,0.0
14659,1.0,0.05,0.00013310327884524716,0.0,0.0060964421351934394,0.05191764884660656,0.0
14660,1.0,0.05,0.00013310327884524716,0.0,0.0060964421351934394,0.05191764884660656,0.0
14661,1.0,0.05,0.00014016652785758712,0.0,0.0060964421351934394,0.05191764884660656,0.0
14662,1.0,0.05,0.00013855275286845083,0.0,0.0060964421351934394,0.05191764884660656,0.0
14663,1.0,0.05,0.00013855275286845083,0.0,0.0060964421351934394,0.10549688048217087,0.0
14664,1.0,0.05,0.00013855275286845083,0.0,0.0060964421351934394,0.10549688048217087,0.0
14665,1.0,0.05,0.00013855275286845083,0.0,0.0060964421351934394,0.0795550766481675,0.0
14666,1.0,0.05,0.00013855275286845083,0.0,0.0060964421351934394,0.03063916683361028,0.0
14667,1.0,0.05,0.00013855275286845083,0.0,0.0060964421351934394,0.03063916683361028,0.0
14668,1.0,0.05,0.00013855275286845083,0.0,0.0060964421351934394,0.03063916683361028,0.0
14669,1.0,0.05,0.00013855275286845083,0.0,0.0060964421351934394,0.0245217860952211,0.0
14670,1.0,0.05,0.00013855275286845083,0.0,0.006116439761082134,0.0245217860952211,0.0
14671,1.0,0.05,0.00013855275286845083,0.0,0.006116439761082134,0.0245217860952211,0.0
14672,1.0,0.05,0.00013855275286845083,0.0,0.00543811594664141,0.051715486963768854,0.0
14673,1.0,0.05,0.00013855275286845083,0.0,0.00543811594664141,0.051715486963768854,0.0
14674,1.0,0.05,0.00013855275286845083,0.0,0.005308067475854622,0.051715486963768854,0.0
14675,1.0,0.05,0.00013855275286845083,0.0,0.005308067475854622,0.051715486963768854,0.0
14676,1.0,0.05,0.00013855275286845083,0.0,0.005308067475854622,0.051715486963768854,0.0
14677,1.0,0.05,0.00013855275286845083,0.0,0.005308067475854622,0.051715486963768854,0.0
14678,1.0,0.05,0.00013855275286845083,0.0,0.005308067475854622,0.056098075517594236,0.0
14679,1.0,0.05,0.00013723404037022834,0.0,0.005308067475854622,0.056098075517594236,0.0
14680,1.0,0.05,0.00013723404037022834,0.0,0.006084434446062804,0.08718184100133561,0.0
14681,1.0,0.05,0.00013723404037022834,0.0,0.006084434446062804,0.08718184100133561,0.0
14682,1.0,0.05,0.00013723404037022834,0.0,0.006084434446062804,0.08718184100133561,0.0
14683,1.0,0.05,0.00013723404037022834,0.0,0.006084434446062804,0.08718184100133561,0.0
14684,1.0,0.05,0.00013723404037022834,0.0,0.006084434446062804,0.08718184100133561,0.0
14685,1.0,0.05,0.00013723404037022834,0.0,0.006084434446062804,0.03312236007602714,0.0
14686,1.0,0.05,0.00013723404037022834,0.0,0.005740372727104376,0.02729405033594623,0.0
14687,1.0,0.05,0.00013723404037022834,0.0,0.005740372727104376,0.02729405033594623,0.0
14688,1.0,0.05,0.00013723404037022834,0.0,0.005740372727104376,0.02729405033594623,0.0
14689,1.0,0.05,0.00013723404037022834,0.0,0.005740372727104376,0.02729405033594623,0.0
14690,1.0,0.05,0.00013723404037022834,0.0,0.005740372727104376,0.04697813865151938,0.0
14691,1.0,0.05,0.00013723404037022834,0.0,0.005740372727104376,0.01680931783077388,0.0
14692,1.0,0.05,0.00013723404037022834,0.0,0.005740372727104376,0.010640275903825868,0.0
14693,1.0,0.05,0.00013723404037022834,0.0,0.005740372727104376,0.007387188077029157,0.0
14694,1.0,0.05,0.00013723404037022834,0.0,0.005740372727104376,0.016529944635677266,0.0
14695,1.0,0.05,0.00013723404037022834,0.0,0.005740372727104376,0.019122190647639748,0.0
14696,1.0,0.05,0.00013723404037022834,0.0,0.005740372727104376,0.019122190647639748,0.0
14697,1.0,0.05,0.00014015693634375495,0.0,0.005740372727104376,0.019122190647639748,0.0
14698,1.0,0.05,0.00013137970322574943,0.0,0.005740372727104376,0.019122190647639748,0.0
14699,1.0,0.05,0.00013137970322574943,0.0,0.005740372727104376,0.034838637159587516,0.0
14700,1.0,0.05,0.00013137970322574943,0.0,0.005740372727104376,0.06814540826398609,0.0
14701,1.0,0.05,0.00013137970322574943,0.0,0.005740372727104376,0.06814540826398609,0.0
14702,1.0,0.05,0.00013137970322574943,0.0,0.005740372727104376,0.03788266047847404,0.0
14703,1.0,0.05,0.00013137970322574943,0.0,0.005740372727104376,0.031079751756350162,0.0
14704,1.0,0.05,0.00013137970322574943,0.0,0.005740372727104376,0.031079751756350162,0.0
14705,1.0,0.05,0.00013137970322574943,0.0,0.005740372727104376,0.11393048947767867,0.0
14706,1.0,0.05,0.00013137970322574943,0.0,0.005740372727104376,0.013898174880834564,0.0
14707,1.0,0.05,0.00013137970322574943,0.0,0.005740372727104376,0.02921688857471421,0.0
14708,1.0,0.05,0.00013137970322574943,0.0,0.005740372727104376,0.03479686127289152,0.0
14709,1.0,0.05,0.00013137970322574943,0.0,0.005740372727104376,0.03389047955175043,0.0
14710,1.0,0.05,0.00013137970322574943,0.0,0.005740372727104376,0.04181555902375292,0.0
14711,1.0,0.05,0.00013137970322574943,0.0,0.005740372727104376,0.10657034980610264,0.0
14712,1.0,0.05,0.00013137970322574943,0.0,0.005740372727104376,0.10657034980610264,0.0
14713,1.0,0.05,0.00013137970322574943,0.0,0.005740372727104376,0.05301485902062451,0.0
14714,1.0,0.05,0.00013137970322574943,0.0,0.005740372727104376,0.05301485902062451,0.0
14715,1.0,0.05,0.00013137970322574943,0.0,0.005740372727104376,0.1030093417579597,0.0
14716,1.0,0.05,0.00013137970322574943,0.0,0.005740372727104376,0.1030093417579597,0.0
14717,1.0,0.05,0.00013137970322574943,0.0,0.005740372727104376,0.06055722015122923,0.0
14718,1.0,0.05,0.00013137970322574943,0.0,0.005740372727104376,0.06055722015122923,0.0
14719,1.0,0.05,0.00013137970322574943,0.0,0.005740372727104376,0.06353125226671326,0.0
14720,1.0,0.05,0.00013137970322574943,0.0,0.005740372727104376,0.06353125226671326,0.0
14721,1.0,0.05,0.00013137970322574943,0.0,0.005740372727104376,0.0874233409366624,0.0
14722,1.0,0.05,0.00013137970322574943,0.0,0.006934658887957604,0.0874233409366624,0.0
14723,1.0,0.05,0.00013137970322574943,0.0,0.006721368439373533,0.06063019507717379,0.0
14724,1.0,0.05,0.00013137970322574943,0.0,0.006721368439373533,0.11874010831469492,0.0
14725,1.0,0.05,0.00013137970322574943,0.0,0.005972231510462304,0.08829775602109535,0.0
14726,1.0,0.05,0.00013137970322574943,0.0,0.005972231510462304,0.08829775602109535,0.0
14727,1.0,0.05,0.00013137970322574943,0.0,0.005972231510462304,0.04839688527562395,0.0
14728,1.0,0.05,0.00013137970322574943,0.0,0.005972231510462304,0.06399959574040157,0.0
14729,1.0,0.05,0.00013137970322574943,0.0,0.005972231510462304,0.06399959574040157,0.0
14730,1.0,0.05,0.00013137970322574943,0.0,0.005972231510462304,0.06399959574040157,0.0
14731,1.0,0.05,0.00013137970322574943,0.0,0.005972231510462304,0.06399959574040157,0.0
14732,1.0,0.05,0.00013137970322574943,0.0,0.005972231510462304,0.06399959574040157,0.0
14733,1.0,0.05,0.00013137970322574943,0.0,0.005972231510462304,0.08962760148604863,0.0
14734,1.0,0.05,0.00013137970322574943,0.0,0.005972231510462304,0.08962760148604863,0.0
14735,1.0,0.05,0.00013137970322574943,0.0,0.005972231510462304,0.08962760148604863,0.0
14736,1.0,0.05,0.00013137970322574943,0.0,0.0053699051063096585,0.09076401067139911,0.0
14737,1.0,0.05,0.00013137970322574943,0.0,0.0053699051063096585,0.09076401067139911,0.0
14738,1.0,0.05,0.00013137970322574943,0.0,0.0053699051063096585,0.09076401067139911,0.0
14739,1.0,0.05,0.00013137970322574943,0.0,0.0053699051063096585,0.09076401067139911,0.0
14740,1.0,0.05,0.00013137970322574943,0.0,0.0053699051063096585,0.09076401067139911,0.0
14741,1.0,0.05,0.00013328327249031264,0.0,0.0053699051063096585,0.09076401067139911,0.0
14742,1.0,0.05,0.00013328327249031264,0.0,0.0053699051063096585,0.06447866954935291,0.0
14743,1.0,0.05,0.00013328327249031264,0.0,0.0053699051063096585,0.06447866954935291,0.0
14744,1.0,0.05,0.00013328327249031264,0.0,0.005995128911757747,0.08557936360508646,0.0
14745,1.0,0.05,0.00013328327249031264,0.0,0.005995128911757747,0.08557936360508646,0.0
14746,1.0,0.05,0.00013328327249031264,0.0,0.005995128911757747,0.08557936360508646,0.0
14747,1.0,0.05,0.00013328327249031264,0.0,0.005995128911757747,0.08557936360508646,0.0
14748,1.0,0.05,0.00013328327249031264,0.0,0.005995128911757747,0.08557936360508646,0.0
14749,1.0,0.05,0.00013328327249031264,0.0,0.005995128911757747,0.05718634540600739,0.0
14750,1.0,0.05,0.00013328327249031264,0.0,0.005995128911757747,0.05718634540600739,0.0
14751,1.0,0.05,0.00013328327249031264,0.0,0.005995128911757747,0.05718634540600739,0.0
14752,1.0,0.05,0.00013328327249031264,0.0,0.005995128911757747,0.05718634540600739,0.0
14753,1.0,0.05,0.00013328327249031264,0.0,0.005995128911757747,0.025443433255681113,0.0
14754,1.0,0.05,0.00013328327249031264,0.0,0.005995128911757747,0.025443433255681113,0.0
14755,1.0,0.05,0.00013328327249031264,0.0,0.005995128911757747,0.024665336382580318,0.0
14756,1.0,0.05,0.00013800327025797544,0.0,0.005995128911757747,0.006639235051642453,0.0
14757,1.0,0.05,0.00013800327025797544,0.0,0.005995128911757747,0.006639235051642453,0.0
14758,1.0,0.05,0.00013800327025797544,0.0,0.005995128911757747,0.01780875606922034,0.0
14759,1.0,0.05,0.00013800327025797544,0.0,0.005995128911757747,0.01780875606922034,0.0
14760,1.0,0.05,0.00013800327025797544,0.0,0.005995128911757747,0.01780875606922034,0.0
14761,1.0,0.05,0.00013800327025797544,0.0,0.005995128911757747,0.01780875606922034,0.0
14762,1.0,0.05,0.00013800327025797544,0.0,0.005995128911757747,0.01780875606922034,0.0
14763,1.0,0.05,0.00013800327025797544,0.0,0.005995128911757747,0.010574630380444545,0.0
14764,1.0,0.05,0.00013800327025797544,0.0,0.0057727679301452514,0.016619320044212776,0.0
14765,1.0,0.05,0.00012813016221706225,0.0,0.006301497383601455,0.020146591078799556,0.0
14766,1.0,0.05,0.00012813016221706225,0.0,0.006301497383601455,0.020146591078799556,0.0
14767,1.0,0.05,0.00012813016221706225,0.0,0.006416653092245441,0.04112019830693098,0.0
14768,1.0,0.05,0.00013553104644672742,0.0,0.006416653092245441,0.04112019830693098,0.0
14769,1.0,0.05,0.00013553104644672742,0.0,0.006416653092245441,0.04112019830693098,0.0
14770,1.0,0.05,0.00013553104644672742,0.0,0.006416653092245441,0.050157552459043325,0.0
14771,1.0,0.05,0.00013553104644672742,0.0,0.006416653092245441,0.050157552459043325,0.0
14772,1.0,0.05,0.00013553104644672742,0.0,0.006416653092245441,0.050157552459043325,0.0
14773,1.0,0.05,0.00013553104644672742,0.0,0.005923471224608704,0.050157552459043325,0.0
14774,1.0,0.05,0.00013553104644672742,0.0,0.005923471224608704,0.07273836253250435,0.0
14775,1.0,0.05,0.00013265907859972295,0.0,0.006254732809623442,0.07273836253250435,0.0
14776,1.0,0.05,0.00013265907859972295,0.0,0.006254732809623442,0.07273836253250435,0.0
14777,1.0,0.05,0.0001283056806595711,0.0,0.006254732809623442,0.08702788037063994,0.0
14778,1.0,0.05,0.0001283056806595711,0.0,0.006254732809623442,0.08702788037063994,0.0
14779,1.0,0.05,0.0001283056806595711,0.0,0.006254732809623442,0.08702788037063994,0.0
14780,1.0,0.05,0.0001283056806595711,0.0,0.006254732809623442,0.08702788037063994,0.0
14781,1.0,0.05,0.0001283056806595711,0.0,0.006774843746163351,0.08702788037063994,0.0
14782,1.0,0.05,0.0001397184642254617,0.0,0.006774843746163351,0.09286854709821185,0.0
14783,1.0,0.05,0.0001397184642254617,0.0,0.006774843746163351,0.09286854709821185,0.0
14784,1.0,0.05,0.0001397184642254617,0.0,0.006649044165915744,0.04589904964721725,0.0
14785,1.0,0.05,0.0001397184642254617,0.0,0.006649044165915744,0.08768771780554643,0.0
14786,1.0,0.05,0.0001397184642254617,0.0,0.006649044165915744,0.09406066453056361,0.0
14787,1.0,0.05,0.0001397184642254617,0.0,0.0067530994293311325,0.13411644113819313,0.0
14788,1.0,0.05,0.00013564136801457128,0.0,0.005708333111371481,0.13411644113819313,0.0
14789,1.0,0.05,0.00013564136801457128,0.0,0.006362491669451496,0.10802207640755802,0.0
14790,1.0,0.05,0.00013564136801457128,0.0,0.006362491669451496,0.0648316481018925,0.0
14791,1.0,0.05,0.00013564136801457128,0.0,0.006362491669451496,0.0648316481018925,0.0
14792,1.0,0.05,0.00013564136801457128,0.0,0.006362491669451496,0.0648316481018925,0.0
14793,1.0,0.05,0.00013564136801457128,0.0,0.006362491669451496,0.0717457840898254,0.0
14794,1.0,0.05,0.00012999497805408068,0.0,0.006362491669451496,0.09522785596004668,0.0
14795,1.0,0.05,0.00012999497805408068,0.0,0.006362491669451496,0.09522785596004668,0.0
14796,1.0,0.05,0.00012999497805408068,0.0,0.006362491669451496,0.09522785596004668,0.0
14797,1.0,0.05,0.00012999497805408068,0.0,0.006362491669451496,0.0816014959758703,0.0
14798,1.0,0.05,0.00012345213414174426,0.0,0.006362491669451496,0.0816014959758703,0.0
14799,1.0,0.05,0.00012345213414174426,0.0,0.006362491669451496,0.0816014959758703,0.0
14800,1.0,0.05,0.00012345213414174426,0.0,0.006362491669451496,0.0816014959758703,0.0
14801,1.0,0.05,0.00013136070654901677,0.0,0.006362491669451496,0.07620760431968851,0.0
14802,1.0,0.05,0.00013136070654901677,0.0,0.006362491669451496,0.07620760431968851,0.0
14803,1.0,0.05,0.00013136070654901677,0.0,0.006036522749121947,0.05792682062021237,0.0
14804,1.0,0.05,0.00013136070654901677,0.0,0.006036522749121947,0.03399146605956722,0.0
14805,1.0,0.05,0.00013136070654901677,0.0,0.006036522749121947,0.01595561303787632,0.0
14806,1.0,0.05,0.00013136070654901677,0.0,0.006036522749121947,0.01595561303787632,0.0
14807,1.0,0.05,0.00013136070654901677,0.0,0.006036522749121947,0.01595561303787632,0.0
14808,1.0,0.05,0.00013136070654901677,0.0,0.006036522749121947,0.02707521110406158,0.0
14809,1.0,0.05,0.00013136070654901677,0.0,0.006036522749121947,0.050929944460152116,0.0
14810,1.0,0.05,0.00013136070654901677,0.0,0.006036522749121947,0.05416353679325908,0.0
14811,1.0,0.05,0.00013136070654901677,0.0,0.006036522749121947,0.05416353679325908,0.0
14812,1.0,0.05,0.00014046777652413676,0.0,0.006036522749121947,0.05416353679325908,0.0
14813,1.0,0.05,0.00014046777652413676,0.0,0.006036522749121947,0.0659627005055258,0.0
14814,1.0,0.05,0.00014046777652413676,0.0,0.006036522749121947,0.0659627005055258,0.0
14815,1.0,0.05,0.00014046777652413676,0.0,0.006036522749121947,0.0659627005055258,0.0
14816,1.0,0.05,0.00013997398173117416,0.0,0.006036522749121947,0.0659627005055258,0.0
14817,1.0,0.05,0.00013997398173117416,0.0,0.00606282951478621,0.0659627005055258,0.0
14818,1.0,0.05,0.00013997398173117416,0.0,0.00606282951478621,0.0659627005055258,0.0
14819,1.0,0.05,0.00013018834282718723,0.0,0.00606282951478621,0.0659627005055258,0.0
14820,1.0,0.05,0.00013501075619968937,0.0,0.00606282951478621,0.0659627005055258,0.0
14821,1.0,0.05,0.00013501075619968937,0.0,0.00606282951478621,0.052378573025018284,0.0
14822,1.0,0.05,0.00013501075619968937,0.0,0.00530424029849042,0.052378573025018284,0.0
14823,1.0,0.05,0.00013501075619968937,0.0,0.006034728842714745,0.035902127319005536,0.0
14824,1.0,0.05,0.00013501075619968937,0.0,0.006034728842714745,0.035902127319005536,0.0
14825,1.0,0.05,0.00013501075619968937,0.0,0.006034728842714745,0.05127886666945604,0.0
14826,1.0,0.05,0.00013501075619968937,0.0,0.006034728842714745,0.11220675199824198,0.0
14827,1.0,0.05,0.00013501075619968937,0.0,0.006034728842714745,0.11220675199824198,0.0
14828,1.0,0.05,0.00013501075619968937,0.0,0.006034728842714745,0.08092107966380728,0.0
14829,1.0,0.05,0.00013501075619968937,0.0,0.006034728842714745,0.05353216694948205,0.0
14830,1.0,0.05,0.00013501075619968937,0.0,0.006034728842714745,0.0179502820520944,0.0
14831,1.0,0.05,0.00013501075619968937,0.0,0.006034728842714745,0.014553046713349645,0.0
14832,1.0,0.05,0.00013501075619968937,0.0,0.006034728842714745,0.009654234672543283,0.0
14833,1.0,0.05,0.00014034711986600588,0.0,0.006034728842714745,0.025458235774927472,0.0
14834,1.0,0.05,0.00014034711986600588,0.0,0.006034728842714745,0.047489337763706486,0.0
14835,1.0,0.05,0.00014034711986600588,0.0,0.006034728842714745,0.047489337763706486,0.0
14836,1.0,0.05,0.00014034711986600588,0.0,0.006034728842714745,0.12721062577565678,0.0
14837,1.0,0.05,0.00014034711986600588,0.0,0.006034728842714745,0.12721062577565678,0.0
14838,1.0,0.05,0.00014034711986600588,0.0,0.006034728842714745,0.12721062577565678,0.0
14839,1.0,0.05,0.00014034711986600588,0.0,0.006034728842714745,0.12721062577565678,0.0
14840,1.0,0.05,0.00014034711986600588,0.0,0.006034728842714745,0.12721062577565678,0.0
14841,1.0,0.05,0.00014034711986600588,0.0,0.006034728842714745,0.12721062577565678,0.0
14842,1.0,0.05,0.00014034711986600588,0.0,0.006034728842714745,0.07257067729958537,0.0
14843,1.0,0.05,0.00014034711986600588,0.0,0.006034728842714745,0.04419554618747348,0.0
14844,1.0,0.05,0.00013774394383440366,0.0,0.006034728842714745,0.07971522310615539,0.0
14845,1.0,0.05,0.00013774394383440366,0.0,0.006034728842714745,0.03567933915188133,0.0
14846,1.0,0.05,0.00013774394383440366,0.0,0.006034728842714745,0.03567933915188133,0.0
14847,1.0,0.05,0.00013774394383440366,0.0,0.006034728842714745,0.03567933915188133,0.0
14848,1.0,0.05,0.00013774394383440366,0.0,0.006034728842714745,0.04835383432395872,0.0
14849,1.0,0.05,0.00013853228915525767,0.0,0.006034728842714745,0.04774441183751173,0.0
14850,1.0,0.05,0.00013853228915525767,0.0,0.006034728842714745,0.016108199902332185,0.0
14851,1.0,0.05,0.00013853228915525767,0.0,0.006034728842714745,0.019539941981686213,0.0
14852,1.0,0.05,0.00012576951749003677,0.0,0.006034728842714745,0.08249864535826947,0.0
14853,1.0,0.05,0.00012576951749003677,0.0,0.006034728842714745,0.06714168616254236,0.0
14854,1.0,0.05,0.00012576951749003677,0.0,0.006034728842714745,0.06714168616254236,0.0
14855,1.0,0.05,0.00012576951749003677,0.0,0.006034728842714745,0.07403358166884391,0.0
14856,1.0,0.05,0.00012576951749003677,0.0,0.006034728842714745,0.07403358166884391,0.0
14857,1.0,0.05,0.00012576951749003677,0.0,0.006746577064804891,0.07403358166884391,0.0
14858,1.0,0.05,0.00012576951749003677,0.0,0.006746577064804891,0.07770449751713124,0.0
14859,1.0,0.05,0.00013956416181297207,0.0,0.006746577064804891,0.07770449751713124,0.0
14860,1.0,0.05,0.00013956416181297207,0.0,0.007228074126722735,0.07770449751713124,0.0
14861,1.0,0.05,0.00013555815590259452,0.0,0.007228074126722735,0.07733123241447365,0.0
14862,1.0,0.05,0.00013555815590259452,0.0,0.007228074126722735,0.07733123241447365,0.0
14863,1.0,0.05,0.0001312560432050909,0.0,0.007228074126722735,0.07733123241447365,0.0
14864,1.0,0.05,0.0001312560432050909,0.0,0.007228074126722735,0.07733123241447365,0.0
14865,1.0,0.05,0.0001312560432050909,0.0,0.007228074126722735,0.07733123241447365,0.0
14866,1.0,0.05,0.0001312560432050909,0.0,0.005458854229051012,0.07733123241447365,0.0
14867,1.0,0.05,0.0001312560432050909,0.0,0.005458854229051012,0.07733123241447365,0.0
14868,1.0,0.05,0.00012793033535094724,0.0,0.005458854229051012,0.06721053198159926,0.0
14869,1.0,0.05,0.00012793033535094724,0.0,0.005458854229051012,0.025831425682154303,0.0
14870,1.0,0.05,0.00012793033535094724,0.0,0.005458854229051012,0.025831425682154303,0.0
14871,1.0,0.05,0.00012793033535094724,0.0,0.006806756977056567,0.018175939390469256,0.0
14872,1.0,0.05,0.00012793033535094724,0.0,0.006806756977056567,0.018175939390469256,0.0
14873,1.0,0.05,0.00012793033535094724,0.0,0.005620799806581917,0.05850585610931721,0.0
14874,1.0,0.05,0.00012793033535094724,0.0,0.005620799806581917,0.05850585610931721,0.0
14875,1.0,0.05,0.00012793033535094724,0.0,0.005620799806581917,0.05850585610931721,0.0
14876,1.0,0.05,0.00012793033535094724,0.0,0.005620799806581917,0.05850585610931721,0.0
14877,1.0,0.05,0.00012793033535094724,0.0,0.005620799806581917,0.07669447169284498,0.0
14878,1.0,0.05,0.00012793033535094724,0.0,0.008272529547837592,0.07669447169284498,0.0
14879,1.0,0.05,0.00012793033535094724,0.0,0.008577054091797043,0.07669447169284498,0.0
14880,1.0,0.05,0.00012793033535094724,0.0,0.008577054091797043,0.06225749501658813,0.0
14881,1.0,0.05,0.00012793033535094724,0.0,0.008577054091797043,0.06225749501658813,0.0
14882,1.0,0.05,0.00012793033535094724,0.0,0.008577054091797043,0.04971202374277546,0.0
14883,1.0,0.05,0.00012793033535094724,0.0,0.005997711240937294,0.04971202374277546,0.0
14884,1.0,0.05,0.00012536352101106497,0.0,0.005997711240937294,0.06237488350856336,0.0
14885,1.0,0.05,0.00012536352101106497,0.0,0.0072449564030935745,0.10329258264554761,0.0
14886,1.0,0.05,0.00012536352101106497,0.0,0.0072449564030935745,0.10329258264554761,0.0
14887,1.0,0.05,0.00012536352101106497,0.0,0.0072449564030935745,0.10329258264554761,0.0
14888,1.0,0.05,0.00012536352101106497,0.0,0.0072449564030935745,0.10329258264554761,0.0
14889,1.0,0.05,0.00012536352101106497,0.0,0.006368601907013709,0.10329258264554761,0.0
14890,1.0,0.05,0.00012536352101106497,0.0,0.006368601907013709,0.031523679524670105,0.0
14891,1.0,0.05,0.00012536352101106497,0.0,0.007373550494754703,0.031523679524670105,0.0
14892,1.0,0.05,0.00012536352101106497,0.0,0.007373550494754703,0.031523679524670105,0.0
14893,1.0,0.05,0.00012536352101106497,0.0,0.007373550494754703,0.0612100375523084,0.0
14894,1.0,0.05,0.0001244485777449457,0.0,0.007373550494754703,0.01633154278884181,0.0
14895,1.0,0.05,0.0001244485777449457,0.0,0.007373550494754703,0.04122353974441942,0.0
14896,1.0,0.05,0.0001244485777449457,0.0,0.007373550494754703,0.04122353974441942,0.0
14897,1.0,0.05,0.0001244485777449457,0.0,0.007373550494754703,0.04940575139592219,0.0
14898,1.0,0.05,0.0001244485777449457,0.0,0.007373550494754703,0.04940575139592219,0.0
14899,1.0,0.05,0.0001244485777449457,0.0,0.006768038602508007,0.13878786300402432,0.0
14900,1.0,0.05,0.0001244485777449457,0.0,0.006768038602508007,0.13878786300402432,0.0
14901,1.0,0.05,0.0001244485777449457,0.0,0.007046905560121869,0.13878786300402432,0.0
14902,1.0,0.05,0.0001244485777449457,0.0,0.006694043328745047,0.13878786300402432,0.0
14903,1.0,0.05,0.0001244485777449457,0.0,0.006694043328745047,0.07741786047402258,0.0
14904,1.0,0.05,0.0001244485777449457,0.0,0.006694043328745047,0.08124798318091228,0.0
14905,1.0,0.05,0.0001244485777449457,0.0,0.006694043328745047,0.11490910653825326,0.0
14906,1.0,0.05,0.0001244485777449457,0.0,0.006694043328745047,0.11490910653825326,0.0
14907,1.0,0.05,0.0001244485777449457,0.0,0.006694043328745047,0.11277604834362369,0.0
14908,1.0,0.05,0.0001244485777449457,0.0,0.006694043328745047,0.11277604834362369,0.0
14909,1.0,0.05,0.0001244485777449457,0.0,0.006694043328745047,0.09270044060012922,0.0
14910,1.0,0.05,0.00013423806379043554,0.0,0.006694043328745047,0.09732346161214607,0.0
14911,1.0,0.05,0.00013423806379043554,0.0,0.006694043328745047,0.09732346161214607,0.0
14912,1.0,0.05,0.00013423806379043554,0.0,0.007399164945075144,0.11872318670767701,0.0
14913,1.0,0.05,0.0001268137045925185,0.0,0.007399164945075144,0.10605661718761586,0.0
14914,1.0,0.05,0.0001268137045925185,0.0,0.007399164945075144,0.10605661718761586,0.0
14915,1.0,0.05,0.0001268137045925185,0.0,0.007399164945075144,0.12151823516110735,0.0
14916,1.0,0.05,0.0001268137045925185,0.0,0.007399164945075144,0.12151823516110735,0.0
14917,1.0,0.05,0.0001268137045925185,0.0,0.007399164945075144,0.12151823516110735,0.0
14918,1.0,0.05,0.0001268137045925185,0.0,0.0064184432917499335,0.12151823516110735,0.0
14919,1.0,0.05,0.0001268137045925185,0.0,0.006041943598986026,0.06896692826356547,0.0
14920,1.0,0.05,0.0001268137045925185,0.0,0.006041943598986026,0.06837417533721216,0.0
14921,1.0,0.05,0.0001268137045925185,0.0,0.006041943598986026,0.03242133344088291,0.0
14922,1.0,0.05,0.0001268137045925185,0.0,0.006041943598986026,0.03242133344088291,0.0
14923,1.0,0.05,0.0001268137045925185,0.0,0.006041943598986026,0.03242133344088291,0.0
14924,1.0,0.05,0.0001268137045925185,0.0,0.006199118287569311,0.032953061818641244,0.0
14925,1.0,0.05,0.0001268137045925185,0.0,0.005799357417255,0.07944398978059461,0.0
14926,1.0,0.05,0.0001268137045925185,0.0,0.005930137353453122,0.07944398978059461,0.0
14927,1.0,0.05,0.0001268137045925185,0.0,0.005930137353453122,0.07944398978059461,0.0
14928,1.0,0.05,0.0001268137045925185,0.0,0.005796413142219377,0.07944398978059461,0.0
14929,1.0,0.05,0.0001268137045925185,0.0,0.005796413142219377,0.15130586459090561,0.0
14930,1.0,0.05,0.0001268137045925185,0.0,0.007156594606833678,0.15130586459090561,0.0
14931,1.0,0.05,0.0001268137045925185,0.0,0.007156594606833678,0.15130586459090561,0.0
14932,1.0,0.05,0.00013069967492462638,0.0,0.00704904018091565,0.15130586459090561,0.0
14933,1.0,0.05,0.00013069967492462638,0.0,0.00704904018091565,0.15130586459090561,0.0
14934,1.0,0.05,0.00013069967492462638,0.0,0.00704904018091565,0.03473321764983672,0.0
14935,1.0,0.05,0.00013069967492462638,0.0,0.005287473937448706,0.07964440039069223,0.0
14936,1.0,0.05,0.00013069967492462638,0.0,0.005287473937448706,0.07964440039069223,0.0
14937,1.0,0.05,0.00013069967492462638,0.0,0.005287473937448706,0.07964440039069223,0.0
14938,1.0,0.05,0.00013069967492462638,0.0,0.006659743019396055,0.07964440039069223,0.0
14939,1.0,0.05,0.00013069967492462638,0.0,0.006659743019396055,0.07964440039069223,0.0
14940,1.0,0.05,0.00013069967492462638,0.0,0.005792254413446264,0.13169530556872558,0.0
14941,1.0,0.05,0.00013069967492462638,0.0,0.007650846395027943,0.13169530556872558,0.0
14942,1.0,0.05,0.00013069967492462638,0.0,0.007650846395027943,0.13169530556872558,0.0
14943,1.0,0.05,0.00013069967492462638,0.0,0.007650846395027943,0.08799828161406234,0.0
14944,1.0,0.05,0.00013069967492462638,0.0,0.007650846395027943,0.08799828161406234,0.0
14945,1.0,0.05,0.00013069967492462638,0.0,0.007650846395027943,0.04925042624009743,0.0
14946,1.0,0.05,0.00013069967492462638,0.0,0.00713604804154825,0.06504971998823153,0.0
14947,1.0,0.05,0.00013069967492462638,0.0,0.005318785939589957,0.06504971998823153,0.0
14948,1.0,0.05,0.00013069967492462638,0.0,0.005637184520769271,0.06504971998823153,0.0
14949,1.0,0.05,0.00013716123928946355,0.0,0.005637184520769271,0.06504971998823153,0.0
14950,1.0,0.05,0.00013716123928946355,0.0,0.005637184520769271,0.07640836712985254,0.0
14951,1.0,0.05,0.00013716123928946355,0.0,0.005870028027191572,0.07640836712985254,0.0
14952,1.0,0.05,0.00013716123928946355,0.0,0.005870028027191572,0.07640836712985254,0.0
14953,1.0,0.05,0.00013716123928946355,0.0,0.005870028027191572,0.044388091328584546,0.0
14954,1.0,0.05,0.00013716123928946355,0.0,0.005870028027191572,0.08025838266535143,0.0
14955,1.0,0.05,0.00013716123928946355,0.0,0.005870028027191572,0.08025838266535143,0.0
14956,1.0,0.05,0.00013716123928946355,0.0,0.005870028027191572,0.09604616660917317,0.0
14957,1.0,0.05,0.00013716123928946355,0.0,0.005870028027191572,0.09604616660917317,0.0
14958,1.0,0.05,0.00013716123928946355,0.0,0.005870028027191572,0.09604616660917317,0.0
14959,1.0,0.05,0.0001275069314587235,0.0,0.005870028027191572,0.08314201796370076,0.0
14960,1.0,0.05,0.0001275069314587235,0.0,0.005870028027191572,0.08314201796370076,0.0
14961,1.0,0.05,0.0001275069314587235,0.0,0.005870028027191572,0.08314201796370076,0.0
14962,1.0,0.05,0.0001275069314587235,0.0,0.006906437025242147,0.08314201796370076,0.0
14963,1.0,0.05,0.0001275069314587235,0.0,0.006906437025242147,0.026536428106381415,0.0
14964,1.0,0.05,0.0001275069314587235,0.0,0.006906437025242147,0.026536428106381415,0.0
14965,1.0,0.05,0.0001275069314587235,0.0,0.006906437025242147,0.026536428106381415,0.0
14966,1.0,0.05,0.0001275069314587235,0.0,0.006906437025242147,0.10816722262818575,0.0
14967,1.0,0.05,0.00012346476773173072,0.0,0.006906437025242147,0.13059548030319051,0.0
14968,1.0,0.05,0.00012444785472471234,0.0,0.006906437025242147,0.13059548030319051,0.0
14969,1.0,0.05,0.00012444785472471234,0.0,0.006906437025242147,0.13059548030319051,0.0
14970,1.0,0.05,0.00012444785472471234,0.0,0.006906437025242147,0.13059548030319051,0.0
14971,1.0,0.05,0.00012444785472471234,0.0,0.007673800839026947,0.13059548030319051,0.0
14972,1.0,0.05,0.00012444785472471234,0.0,0.007673800839026947,0.113278747308246,0.0
14973,1.0,0.05,0.00012444785472471234,0.0,0.007673800839026947,0.113278747308246,0.0
14974,1.0,0.05,0.00012444785472471234,0.0,0.00597228748970003,0.06871331061111834,0.0
14975,1.0,0.05,0.00012444785472471234,0.0,0.005896357023740451,0.06871331061111834,0.0
14976,1.0,0.05,0.00012444785472471234,0.0,0.005896357023740451,0.08531191593029241,0.0
14977,1.0,0.05,0.00012444785472471234,0.0,0.005903486135941525,0.08531191593029241,0.0
14978,1.0,0.05,0.00012444785472471234,0.0,0.006687012263763997,0.08531191593029241,0.0
14979,1.0,0.05,0.00012444785472471234,0.0,0.006687012263763997,0.10662702882502977,0.0
14980,1.0,0.05,0.00012444785472471234,0.0,0.007589353659086478,0.10662702882502977,0.0
14981,1.0,0.05,0.00012444785472471234,0.0,0.007589353659086478,0.08552503397541177,0.0
14982,1.0,0.05,0.00012444785472471234,0.0,0.005700210000427867,0.08552503397541177,0.0
14983,1.0,0.05,0.00012444785472471234,0.0,0.006705709176825165,0.08722154715027017,0.0
14984,1.0,0.05,0.00012444785472471234,0.0,0.006705709176825165,0.08722154715027017,0.0
14985,1.0,0.05,0.00012444785472471234,0.0,0.006705709176825165,0.08722154715027017,0.0
14986,1.0,0.05,0.00012444785472471234,0.0,0.006705709176825165,0.08722154715027017,0.0
14987,1.0,0.05,0.00012444785472471234,0.0,0.005426825314530525,0.03494226685258762,0.0
14988,1.0,0.05,0.0001455243300668072,0.0,0.005426825314530525,0.062072332773790644,0.0
14989,1.0,0.05,0.0001455243300668072,0.0,0.005426825314530525,0.044147046527466406,0.0
14990,1.0,0.05,0.0001455243300668072,0.0,0.005426825314530525,0.02024046427464943,0.0
14991,1.0,0.05,0.0001455243300668072,0.0,0.005426825314530525,0.02024046427464943,0.0
14992,1.0,0.05,0.0001455243300668072,0.0,0.005426825314530525,0.03894780133846976,0.0
14993,1.0,0.05,0.00014429764986349946,0.0,0.006096479885638244,0.03894780133846976,0.0
14994,1.0,0.05,0.00014429764986349946,0.0,0.006096479885638244,0.028895117376958917,0.0
14995,1.0,0.05,0.00014429764986349946,0.0,0.006096479885638244,0.028895117376958917,0.0
14996,1.0,0.05,0.00013291080524387,0.0,0.006096479885638244,0.04425078507453177,0.0
14997,1.0,0.05,0.00013291080524387,0.0,0.006096479885638244,0.05732846886942476,0.0
14998,1.0,0.05,0.00013291080524387,0.0,0.006096479885638244,0.05732846886942476,0.0
14999,1.0,0.05,0.0001398590809334061,0.0,0.005712625586797544,0.03400813789738383,0.0
15000,1.0,0.05,0.0001398590809334061,0.0,0.005712625586797544,0.06309319230217142,0.0
15001,1.0,0.05,0.0001398590809334061,0.0,0.005712625586797544,0.06309319230217142,0.0
15002,1.0,0.05,0.0001398590809334061,0.0,0.0062386708696353255,0.06309319230217142,0.0
15003,1.0,0.05,0.0001398590809334061,0.0,0.006074178212442237,0.06309319230217142,0.0
15004,1.0,0.05,0.0001398590809334061,0.0,0.006074178212442237,0.06982395558273488,0.0
15005,1.0,0.05,0.0001398590809334061,0.0,0.006074178212442237,0.06982395558273488,0.0
15006,1.0,0.05,0.0001398590809334061,0.0,0.006074178212442237,0.06982395558273488,0.0
15007,1.0,0.05,0.0001398590809334061,0.0,0.006074178212442237,0.06982395558273488,0.0
15008,1.0,0.05,0.0001398590809334061,0.0,0.006074178212442237,0.036646076897235355,0.0
15009,1.0,0.05,0.0001398590809334061,0.0,0.006074178212442237,0.04500963227529713,0.0
15010,1.0,0.05,0.0001398590809334061,0.0,0.006074178212442237,0.03573550467891514,0.0
15011,1.0,0.05,0.0001398590809334061,0.0,0.006074178212442237,0.11371332276814299,0.0
15012,1.0,0.05,0.0001398590809334061,0.0,0.006074178212442237,0.11371332276814299,0.0
15013,1.0,0.05,0.0001398590809334061,0.0,0.005496366642921969,0.028311344553979073,0.0
15014,1.0,0.05,0.0001398590809334061,0.0,0.005496366642921969,0.043029642299635504,0.0
15015,1.0,0.05,0.00013139946250718065,0.0,0.005496366642921969,0.05907206973024125,0.0
15016,1.0,0.05,0.00013139946250718065,0.0,0.005496366642921969,0.05907206973024125,0.0
15017,1.0,0.05,0.00013139946250718065,0.0,0.005496366642921969,0.055764076086516755,0.0
15018,1.0,0.05,0.00013139946250718065,0.0,0.005496366642921969,0.03656301976665791,0.0
15019,1.0,0.05,0.00013139946250718065,0.0,0.005496366642921969,0.0815867808796608,0.0
15020,1.0,0.05,0.00013139946250718065,0.0,0.005496366642921969,0.0815867808796608,0.0
15021,1.0,0.05,0.00013139946250718065,0.0,0.005496366642921969,0.0815867808796608,0.0
15022,1.0,0.05,0.00013139946250718065,0.0,0.005496366642921969,0.0815867808796608,0.0
15023,1.0,0.05,0.00013139946250718065,0.0,0.005496366642921969,0.06620855839139397,0.0
15024,1.0,0.05,0.00013139946250718065,0.0,0.006987052760912239,0.06620855839139397,0.0
15025,1.0,0.05,0.0001349081297212003,0.0,0.006362194969405605,0.041755159490793066,0.0
15026,1.0,0.05,0.0001349081297212003,0.0,0.006362194969405605,0.05698763172214144,0.0
15027,1.0,0.05,0.0001349081297212003,0.0,0.0053585532554773505,0.07284162251697804,0.0
15028,1.0,0.05,0.0001349081297212003,0.0,0.0053585532554773505,0.07284162251697804,0.0
15029,1.0,0.05,0.0001349081297212003,0.0,0.006215864278708308,0.05002365808291054,0.0
15030,1.0,0.05,0.0001349081297212003,0.0,0.006215864278708308,0.05002365808291054,0.0
15031,1.0,0.05,0.00014173608514139385,0.0,0.006215864278708308,0.0260441218735604,0.0
15032,1.0,0.05,0.00014173608514139385,0.0,0.006215864278708308,0.06441801399004846,0.0
15033,1.0,0.05,0.00014173608514139385,0.0,0.006215864278708308,0.043570818190480996,0.0
15034,1.0,0.05,0.00014173608514139385,0.0,0.006215864278708308,0.043570818190480996,0.0
15035,1.0,0.05,0.00014173608514139385,0.0,0.006215864278708308,0.043570818190480996,0.0
15036,1.0,0.05,0.00014173608514139385,0.0,0.006215864278708308,0.037320846544399995,0.0
15037,1.0,0.05,0.00014173608514139385,0.0,0.006215864278708308,0.037320846544399995,0.0
15038,1.0,0.05,0.00014173608514139385,0.0,0.006215864278708308,0.037320846544399995,0.0
15039,1.0,0.05,0.00014173608514139385,0.0,0.006215864278708308,0.037320846544399995,0.0
15040,1.0,0.05,0.00014173608514139385,0.0,0.006215864278708308,0.037320846544399995,0.0
15041,1.0,0.05,0.00012845973249649785,0.0,0.006215864278708308,0.037320846544399995,0.0
15042,1.0,0.05,0.00013555685682282623,0.0,0.006215864278708308,0.037320846544399995,0.0
15043,1.0,0.05,0.00013555685682282623,0.0,0.006215864278708308,0.12900168875486814,0.0
15044,1.0,0.05,0.00013555685682282623,0.0,0.006215864278708308,0.08483929629068232,0.0
15045,1.0,0.05,0.00013555685682282623,0.0,0.006215864278708308,0.1384738254827989,0.0
15046,1.0,0.05,0.00013555685682282623,0.0,0.006215864278708308,0.03153124956521629,0.0
15047,1.0,0.05,0.00013555685682282623,0.0,0.006215864278708308,0.03153124956521629,0.0
15048,1.0,0.05,0.00013555685682282623,0.0,0.006215864278708308,0.03329936490098038,0.0
15049,1.0,0.05,0.00013555685682282623,0.0,0.006215864278708308,0.03727704045014115,0.0
15050,1.0,0.05,0.00013555685682282623,0.0,0.006215864278708308,0.041758198088073475,0.0
15051,1.0,0.05,0.00013555685682282623,0.0,0.006215864278708308,0.041758198088073475,0.0
15052,1.0,0.05,0.00013555685682282623,0.0,0.006215864278708308,0.041758198088073475,0.0
15053,1.0,0.05,0.00013555685682282623,0.0,0.006215864278708308,0.041758198088073475,0.0
15054,1.0,0.05,0.00013555685682282623,0.0,0.006215864278708308,0.05057550885537654,0.0
15055,1.0,0.05,0.00013273567372962483,0.0,0.006215864278708308,0.04541141769933793,0.0
15056,1.0,0.05,0.00013273567372962483,0.0,0.006215864278708308,0.04541141769933793,0.0
15057,1.0,0.05,0.00014156671199969686,0.0,0.006215864278708308,0.04541141769933793,0.0
15058,1.0,0.05,0.00014156671199969686,0.0,0.006215864278708308,0.04541141769933793,0.0
15059,1.0,0.05,0.00013250860527957455,0.0,0.005956151026854015,0.04541141769933793,0.0
15060,1.0,0.05,0.00013250860527957455,0.0,0.005956151026854015,0.047313789893692094,0.0
15061,1.0,0.05,0.00013250860527957455,0.0,0.005956151026854015,0.047313789893692094,0.0
15062,1.0,0.05,0.00013250860527957455,0.0,0.005956151026854015,0.047313789893692094,0.0
15063,1.0,0.05,0.00013250860527957455,0.0,0.00578550399532057,0.06709562372410326,0.0
15064,1.0,0.05,0.00013250860527957455,0.0,0.00578550399532057,0.06709562372410326,0.0
15065,1.0,0.05,0.00013250860527957455,0.0,0.00578550399532057,0.06709562372410326,0.0
15066,1.0,0.05,0.00013250860527957455,0.0,0.00578550399532057,0.06709562372410326,0.0
15067,1.0,0.05,0.00013250860527957455,0.0,0.00578550399532057,0.0348515079350755,0.0
15068,1.0,0.05,0.00013250860527957455,0.0,0.00578550399532057,0.0677401715603488,0.0
15069,1.0,0.05,0.00013250860527957455,0.0,0.00578550399532057,0.0677401715603488,0.0
15070,1.0,0.05,0.00013250860527957455,0.0,0.00578550399532057,0.0677401715603488,0.0
15071,1.0,0.05,0.00013250860527957455,0.0,0.00578550399532057,0.0677401715603488,0.0
15072,1.0,0.05,0.00013250860527957455,0.0,0.00578550399532057,0.0677401715603488,0.0
15073,1.0,0.05,0.00013250860527957455,0.0,0.00578550399532057,0.09634872251961354,0.0
15074,1.0,0.05,0.00013250860527957455,0.0,0.00578550399532057,0.04669480807399967,0.0
15075,1.0,0.05,0.00013250860527957455,0.0,0.00578550399532057,0.020482325397491744,0.0
15076,1.0,0.05,0.00013250860527957455,0.0,0.00578550399532057,0.01331692166065954,0.0
15077,1.0,0.05,0.00013250860527957455,0.0,0.00578550399532057,0.04407304962473764,0.0
15078,1.0,0.05,0.00013250860527957455,0.0,0.00578550399532057,0.04407304962473764,0.0
15079,1.0,0.05,0.00013250860527957455,0.0,0.00578550399532057,0.04407304962473764,0.0
15080,1.0,0.05,0.00013250860527957455,0.0,0.006753900521762114,0.0344265796306907,0.0
15081,1.0,0.05,0.00013250860527957455,0.0,0.006753900521762114,0.09679702595304886,0.0
15082,1.0,0.05,0.00013250860527957455,0.0,0.006753900521762114,0.09679702595304886,0.0
15083,1.0,0.05,0.00013250860527957455,0.0,0.006753900521762114,0.09679702595304886,0.0
15084,1.0,0.05,0.0001214140650911811,0.0,0.006753900521762114,0.09679702595304886,0.0
15085,1.0,0.05,0.0001214140650911811,0.0,0.006753900521762114,0.042776769495573824,0.0
15086,1.0,0.05,0.0001214140650911811,0.0,0.007599079097625241,0.04458100282257027,0.0
15087,1.0,0.05,0.00012949061087430043,0.0,0.007599079097625241,0.04458100282257027,0.0
15088,1.0,0.05,0.00012949061087430043,0.0,0.007599079097625241,0.04458100282257027,0.0
15089,1.0,0.05,0.00012949061087430043,0.0,0.006484316813346666,0.04458100282257027,0.0
15090,1.0,0.05,0.00012949061087430043,0.0,0.008412944246285784,0.06152096196313358,0.0
15091,1.0,0.05,0.00012949061087430043,0.0,0.008412944246285784,0.051049526623698695,0.0
15092,1.0,0.05,0.00012949061087430043,0.0,0.005701371420262166,0.051049526623698695,0.0
15093,1.0,0.05,0.00012949061087430043,0.0,0.005701371420262166,0.051049526623698695,0.0
15094,1.0,0.05,0.00012949061087430043,0.0,0.005701371420262166,0.051049526623698695,0.0
15095,1.0,0.05,0.00012949061087430043,0.0,0.005730615069841211,0.03264332903849236,0.0
15096,1.0,0.05,0.00012949061087430043,0.0,0.005730615069841211,0.036962965828937336,0.0
15097,1.0,0.05,0.00012949061087430043,0.0,0.007382300436583078,0.054623831864059016,0.0
15098,1.0,0.05,0.00012949061087430043,0.0,0.007382300436583078,0.05854659626139469,0.0
15099,1.0,0.05,0.0001284057062874838,0.0,0.007382300436583078,0.05854659626139469,0.0
15100,1.0,0.05,0.0001284057062874838,0.0,0.007382300436583078,0.06132694445385029,0.0
15101,1.0,0.05,0.0001284057062874838,0.0,0.007382300436583078,0.06132694445385029,0.0
15102,1.0,0.05,0.0001284057062874838,0.0,0.007382300436583078,0.06749666778316585,0.0
15103,1.0,0.05,0.0001284057062874838,0.0,0.007382300436583078,0.09283222185666964,0.0
15104,1.0,0.05,0.0001284057062874838,0.0,0.007382300436583078,0.0745611400525093,0.0
15105,1.0,0.05,0.0001284057062874838,0.0,0.007382300436583078,0.0745611400525093,0.0
15106,1.0,0.05,0.0001284057062874838,0.0,0.007382300436583078,0.0745611400525093,0.0
15107,1.0,0.05,0.0001284057062874838,0.0,0.007382300436583078,0.0745611400525093,0.0
15108,1.0,0.05,0.00012844540195121554,0.0,0.007152122229527874,0.07761054278826902,0.0
15109,1.0,0.05,0.00012844540195121554,0.0,0.007152122229527874,0.10178080292936809,0.0
15110,1.0,0.05,0.00013104923472209048,0.0,0.007152122229527874,0.10178080292936809,0.0
15111,1.0,0.05,0.00013104923472209048,0.0,0.007152122229527874,0.062472884764569483,0.0
15112,1.0,0.05,0.00013104923472209048,0.0,0.007100802872895484,0.062472884764569483,0.0
15113,1.0,0.05,0.00013104923472209048,0.0,0.007100802872895484,0.041523340019776554,0.0
15114,1.0,0.05,0.00013104923472209048,0.0,0.007100802872895484,0.11414533029256171,0.0
15115,1.0,0.05,0.00013104923472209048,0.0,0.007100802872895484,0.11683638735045869,0.0
15116,1.0,0.05,0.00013104923472209048,0.0,0.007100802872895484,0.0642989194172431,0.0
15117,1.0,0.05,0.00013104923472209048,0.0,0.007100802872895484,0.0642989194172431,0.0
15118,1.0,0.05,0.00013104923472209048,0.0,0.007100802872895484,0.07404816312728932,0.0
15119,1.0,0.05,0.00013104923472209048,0.0,0.0053166777336790885,0.06636432347884262,0.0
15120,1.0,0.05,0.00013104923472209048,0.0,0.0053166777336790885,0.06636432347884262,0.0
15121,1.0,0.05,0.00013104923472209048,0.0,0.0053166777336790885,0.07482600215435145,0.0
15122,1.0,0.05,0.00013104923472209048,0.0,0.006253949314554904,0.07482600215435145,0.0
15123,1.0,0.05,0.00013104923472209048,0.0,0.006253949314554904,0.07482600215435145,0.0
15124,1.0,0.05,0.0001317796648056882,0.0,0.006253949314554904,0.07482600215435145,0.0
15125,1.0,0.05,0.0001317796648056882,0.0,0.006253949314554904,0.07482600215435145,0.0
15126,1.0,0.05,0.0001317796648056882,0.0,0.006253949314554904,0.07482600215435145,0.0
15127,1.0,0.05,0.0001317796648056882,0.0,0.006253949314554904,0.08865506600500439,0.0
15128,1.0,0.05,0.0001317796648056882,0.0,0.006253949314554904,0.08865506600500439,0.0
15129,1.0,0.05,0.0001317796648056882,0.0,0.006253949314554904,0.08865506600500439,0.0
15130,1.0,0.05,0.00012873211181846182,0.0,0.006253949314554904,0.08865506600500439,0.0
15131,1.0,0.05,0.00012873211181846182,0.0,0.006253949314554904,0.08865506600500439,0.0
15132,1.0,0.05,0.00012873211181846182,0.0,0.005663410430153705,0.0668398597168709,0.0
15133,1.0,0.05,0.00012873211181846182,0.0,0.006350961412535006,0.0668398597168709,0.0
15134,1.0,0.05,0.00012873211181846182,0.0,0.0055570993154512895,0.0668398597168709,0.0
15135,1.0,0.05,0.00012873211181846182,0.0,0.0055570993154512895,0.07147049713295286,0.0
15136,1.0,0.05,0.00012873211181846182,0.0,0.0055570993154512895,0.06781001073497639,0.0
15137,1.0,0.05,0.00012873211181846182,0.0,0.0055570993154512895,0.06804752627480351,0.0
15138,1.0,0.05,0.00012873211181846182,0.0,0.0055570993154512895,0.06804752627480351,0.0
15139,1.0,0.05,0.00012873211181846182,0.0,0.0055570993154512895,0.06804752627480351,0.0
15140,1.0,0.05,0.00013463562094040521,0.0,0.006109940221455732,0.06804752627480351,0.0
15141,1.0,0.05,0.00013463562094040521,0.0,0.006109940221455732,0.054670722938914174,0.0
15142,1.0,0.05,0.00013463562094040521,0.0,0.006109940221455732,0.03661397483679205,0.0
15143,1.0,0.05,0.00013463562094040521,0.0,0.006109940221455732,0.05310450453906364,0.0
15144,1.0,0.05,0.00013463562094040521,0.0,0.006109940221455732,0.09954214054809361,0.0
15145,1.0,0.05,0.00013463562094040521,0.0,0.006109940221455732,0.08498722531941419,0.0
15146,1.0,0.05,0.00013463562094040521,0.0,0.006109940221455732,0.08498722531941419,0.0
15147,1.0,0.05,0.00013463562094040521,0.0,0.006109940221455732,0.08498722531941419,0.0
15148,1.0,0.05,0.00013463562094040521,0.0,0.006109940221455732,0.07999324891229534,0.0
15149,1.0,0.05,0.00013463562094040521,0.0,0.006109940221455732,0.03650383250188353,0.0
15150,1.0,0.05,0.00013463562094040521,0.0,0.006109940221455732,0.015899520695981068,0.0
15151,1.0,0.05,0.00013463562094040521,0.0,0.006109940221455732,0.04216282762343911,0.0
15152,1.0,0.05,0.00013463562094040521,0.0,0.006109940221455732,0.04216282762343911,0.0
15153,1.0,0.05,0.00013463562094040521,0.0,0.006109940221455732,0.10141036902377629,0.0
15154,1.0,0.05,0.00013463562094040521,0.0,0.006109940221455732,0.10141036902377629,0.0
15155,1.0,0.05,0.00013463562094040521,0.0,0.006109940221455732,0.10141036902377629,0.0
15156,1.0,0.05,0.00013463562094040521,0.0,0.006109940221455732,0.0884111947030615,0.0
15157,1.0,0.05,0.00013463562094040521,0.0,0.006109940221455732,0.02663225769572126,0.0
15158,1.0,0.05,0.00013463562094040521,0.0,0.006109940221455732,0.050632529135855066,0.0
15159,1.0,0.05,0.00012877239804475504,0.0,0.006109940221455732,0.050632529135855066,0.0
15160,1.0,0.05,0.00012877239804475504,0.0,0.006109940221455732,0.03308647227809187,0.0
15161,1.0,0.05,0.00012877239804475504,0.0,0.006109940221455732,0.03128357632252342,0.0
15162,1.0,0.05,0.00012877239804475504,0.0,0.006564473741619403,0.03128357632252342,0.0
15163,1.0,0.05,0.00012877239804475504,0.0,0.006564473741619403,0.03853968195216179,0.0
15164,1.0,0.05,0.00014287277595157635,0.0,0.005670855459038466,0.09539456363924964,0.0
15165,1.0,0.05,0.00014287277595157635,0.0,0.005670855459038466,0.09539456363924964,0.0
15166,1.0,0.05,0.00012997785885800677,0.0,0.005670855459038466,0.09539456363924964,0.0
15167,1.0,0.05,0.00012997785885800677,0.0,0.005670855459038466,0.08083953048908957,0.0
15168,1.0,0.05,0.00012997785885800677,0.0,0.005670855459038466,0.1109743622718325,0.0
15169,1.0,0.05,0.00012997785885800677,0.0,0.005670855459038466,0.1109743622718325,0.0
15170,1.0,0.05,0.00012997785885800677,0.0,0.005670855459038466,0.1109743622718325,0.0
15171,1.0,0.05,0.00012997785885800677,0.0,0.005670855459038466,0.1109743622718325,0.0
15172,1.0,0.05,0.00012997785885800677,0.0,0.006166081309628268,0.08992665920039312,0.0
15173,1.0,0.05,0.00012997785885800677,0.0,0.006166081309628268,0.06415226188851186,0.0
15174,1.0,0.05,0.00012997785885800677,0.0,0.006166081309628268,0.09294253343400984,0.0
15175,1.0,0.05,0.00012997785885800677,0.0,0.006166081309628268,0.09294253343400984,0.0
15176,1.0,0.05,0.00012997785885800677,0.0,0.006166081309628268,0.06285879991102845,0.0
15177,1.0,0.05,0.00012997785885800677,0.0,0.006166081309628268,0.06285879991102845,0.0
15178,1.0,0.05,0.00012997785885800677,0.0,0.006166081309628268,0.06285879991102845,0.0
15179,1.0,0.05,0.00012997785885800677,0.0,0.006166081309628268,0.06285879991102845,0.0
15180,1.0,0.05,0.00012997785885800677,0.0,0.006337260300052374,0.04963569262444515,0.0
15181,1.0,0.05,0.00012997785885800677,0.0,0.006337260300052374,0.0768739756938299,0.0
15182,1.0,0.05,0.00012997785885800677,0.0,0.006337260300052374,0.057878082268320294,0.0
15183,1.0,0.05,0.00012997785885800677,0.0,0.006337260300052374,0.040091152001772504,0.0
15184,1.0,0.05,0.00012997785885800677,0.0,0.006337260300052374,0.14221487652046835,0.0
15185,1.0,0.05,0.00011850587399804377,0.0,0.007403481290922652,0.14221487652046835,0.0
15186,1.0,0.05,0.00011850587399804377,0.0,0.007403481290922652,0.14221487652046835,0.0
15187,1.0,0.05,0.00011850587399804377,0.0,0.007403481290922652,0.14221487652046835,0.0
15188,1.0,0.05,0.00011850587399804377,0.0,0.007403481290922652,0.16638567251521796,0.0
15189,1.0,0.05,0.00011850587399804377,0.0,0.007403481290922652,0.16638567251521796,0.0
15190,1.0,0.05,0.0001087041502666173,0.0,0.008133662385013023,0.16638567251521796,0.0
15191,1.0,0.05,0.0001087041502666173,0.0,0.008133662385013023,0.16638567251521796,0.0
15192,1.0,0.05,0.00011336446133488012,0.0,0.00845111665724784,0.16638567251521796,0.0
15193,1.0,0.05,0.00011336446133488012,0.0,0.00845111665724784,0.16936651021949817,0.0
15194,1.0,0.05,0.00011336446133488012,0.0,0.006932720056956494,0.16936651021949817,0.0
15195,1.0,0.05,0.00011336446133488012,0.0,0.006932720056956494,0.16936651021949817,0.0
15196,1.0,0.05,0.0001304612548164394,0.0,0.006932720056956494,0.1399765979245175,0.0
15197,1.0,0.05,0.0001304612548164394,0.0,0.006932720056956494,0.1399765979245175,0.0
15198,1.0,0.05,0.0001304612548164394,0.0,0.006932720056956494,0.1399765979245175,0.0
15199,1.0,0.05,0.0001304612548164394,0.0,0.006932720056956494,0.044614720654279114,0.0
15200,1.0,0.05,0.0001304612548164394,0.0,0.005861418415898687,0.02967312844562517,0.0
15201,1.0,0.05,0.0001304612548164394,0.0,0.005861418415898687,0.0315270500520307,0.0
15202,1.0,0.05,0.0001304612548164394,0.0,0.005861418415898687,0.06740935019546349,0.0
15203,1.0,0.05,0.0001304612548164394,0.0,0.005861418415898687,0.06333168609962193,0.0
15204,1.0,0.05,0.0001304612548164394,0.0,0.005861418415898687,0.06333168609962193,0.0
15205,1.0,0.05,0.0001304612548164394,0.0,0.005861418415898687,0.11042876204613875,0.0
15206,1.0,0.05,0.0001304612548164394,0.0,0.005861418415898687,0.11042876204613875,0.0
15207,1.0,0.05,0.0001304612548164394,0.0,0.005861418415898687,0.04611180286184256,0.0
15208,1.0,0.05,0.0001304612548164394,0.0,0.005861418415898687,0.05762755531355113,0.0
15209,1.0,0.05,0.0001304612548164394,0.0,0.005861418415898687,0.08016438878685082,0.0
15210,1.0,0.05,0.0001304612548164394,0.0,0.005859969410129689,0.08016438878685082,0.0
15211,1.0,0.05,0.0001304612548164394,0.0,0.005859969410129689,0.08016438878685082,0.0
15212,1.0,0.05,0.0001304612548164394,0.0,0.005859969410129689,0.13318623511945304,0.0
15213,1.0,0.05,0.0001304612548164394,0.0,0.005859969410129689,0.04987997172432927,0.0
15214,1.0,0.05,0.0001304612548164394,0.0,0.005859969410129689,0.030302564526891076,0.0
15215,1.0,0.05,0.0001304612548164394,0.0,0.005859969410129689,0.030302564526891076,0.0
15216,1.0,0.05,0.0001304612548164394,0.0,0.005859969410129689,0.054329462470832986,0.0
15217,1.0,0.05,0.0001304612548164394,0.0,0.005859969410129689,0.054329462470832986,0.0
15218,1.0,0.05,0.0001304612548164394,0.0,0.005859969410129689,0.054329462470832986,0.0
15219,1.0,0.05,0.0001392829159402961,0.0,0.005859969410129689,0.054329462470832986,0.0
15220,1.0,0.05,0.0001301978411216429,0.0,0.005859969410129689,0.054329462470832986,0.0
15221,1.0,0.05,0.00013783454165654935,0.0,0.005859969410129689,0.054329462470832986,0.0
15222,1.0,0.05,0.00013080806692391056,0.0,0.005859969410129689,0.054329462470832986,0.0
15223,1.0,0.05,0.00013080806692391056,0.0,0.005859969410129689,0.054329462470832986,0.0
15224,1.0,0.05,0.00013080806692391056,0.0,0.005859969410129689,0.044182510733741465,0.0
15225,1.0,0.05,0.00013080806692391056,0.0,0.005859969410129689,0.07978058103630872,0.0
15226,1.0,0.05,0.00013080806692391056,0.0,0.005859969410129689,0.07978058103630872,0.0
15227,1.0,0.05,0.00013080806692391056,0.0,0.0053245041244075345,0.07978058103630872,0.0
15228,1.0,0.05,0.00013080806692391056,0.0,0.0053245041244075345,0.07978058103630872,0.0
15229,1.0,0.05,0.00013080806692391056,0.0,0.006102275070407254,0.07498758449643346,0.0
15230,1.0,0.05,0.00013080806692391056,0.0,0.006102275070407254,0.07498758449643346,0.0
15231,1.0,0.05,0.00013080806692391056,0.0,0.00628637350197939,0.07498758449643346,0.0
15232,1.0,0.05,0.00013080806692391056,0.0,0.00628637350197939,0.07498758449643346,0.0
15233,1.0,0.05,0.00013080806692391056,0.0,0.00628637350197939,0.07498758449643346,0.0
15234,1.0,0.05,0.00013080806692391056,0.0,0.00628637350197939,0.07498758449643346,0.0
15235,1.0,0.05,0.00013080806692391056,0.0,0.005671592047219142,0.038516165146321765,0.0
15236,1.0,0.05,0.00013080806692391056,0.0,0.005671592047219142,0.029421694284722803,0.0
15237,1.0,0.05,0.00013080806692391056,0.0,0.005671592047219142,0.029033469277303485,0.0
15238,1.0,0.05,0.00013080806692391056,0.0,0.005671592047219142,0.029033469277303485,0.0
15239,1.0,0.05,0.00013080806692391056,0.0,0.005671592047219142,0.030021789579325126,0.0
15240,1.0,0.05,0.00013080806692391056,0.0,0.006279722190527463,0.030021789579325126,0.0
15241,1.0,0.05,0.00013080806692391056,0.0,0.006279722190527463,0.030021789579325126,0.0
15242,1.0,0.05,0.00013080806692391056,0.0,0.006279722190527463,0.06774224737787127,0.0
15243,1.0,0.05,0.00013080806692391056,0.0,0.006279722190527463,0.06774224737787127,0.0
15244,1.0,0.05,0.00013080806692391056,0.0,0.005354233205175325,0.06774224737787127,0.0
15245,1.0,0.05,0.00012893750526430422,0.0,0.0060986389416606505,0.06774224737787127,0.0
15246,1.0,0.05,0.00012893750526430422,0.0,0.0060986389416606505,0.06699834424076444,0.0
15247,1.0,0.05,0.00013597376654436873,0.0,0.0060986389416606505,0.06699834424076444,0.0
15248,1.0,0.05,0.00013597376654436873,0.0,0.0060986389416606505,0.06699834424076444,0.0
15249,1.0,0.05,0.00013597376654436873,0.0,0.0060986389416606505,0.06699834424076444,0.0
15250,1.0,0.05,0.00013597376654436873,0.0,0.0060986389416606505,0.06699834424076444,0.0
15251,1.0,0.05,0.00013597376654436873,0.0,0.0060986389416606505,0.06699834424076444,0.0
15252,1.0,0.05,0.00013597376654436873,0.0,0.0060986389416606505,0.06699834424076444,0.0
15253,1.0,0.05,0.00013597376654436873,0.0,0.0060986389416606505,0.06699834424076444,0.0
15254,1.0,0.05,0.00013597376654436873,0.0,0.0060986389416606505,0.05784084275432578,0.0
15255,1.0,0.05,0.00013597376654436873,0.0,0.0060986389416606505,0.0585528864485578,0.0
15256,1.0,0.05,0.00013597376654436873,0.0,0.0060986389416606505,0.0585528864485578,0.0
15257,1.0,0.05,0.00013597376654436873,0.0,0.0060986389416606505,0.0585528864485578,0.0
15258,1.0,0.05,0.0001334438186935125,0.0,0.0060986389416606505,0.0585528864485578,0.0
15259,1.0,0.05,0.0001334438186935125,0.0,0.0056780085414822636,0.08646399901825758,0.0
15260,1.0,0.05,0.0001334438186935125,0.0,0.0056780085414822636,0.08646399901825758,0.0
15261,1.0,0.05,0.0001334438186935125,0.0,0.0056780085414822636,0.06525943365543395,0.0
15262,1.0,0.05,0.0001334438186935125,0.0,0.0056780085414822636,0.06525943365543395,0.0
15263,1.0,0.05,0.0001334438186935125,0.0,0.0056780085414822636,0.06525943365543395,0.0
15264,1.0,0.05,0.0001334438186935125,0.0,0.0056780085414822636,0.07818115263802564,0.0
15265,1.0,0.05,0.0001334438186935125,0.0,0.0056780085414822636,0.07818115263802564,0.0
15266,1.0,0.05,0.0001334438186935125,0.0,0.0056780085414822636,0.07818115263802564,0.0
15267,1.0,0.05,0.0001334438186935125,0.0,0.0056780085414822636,0.07818115263802564,0.0
15268,1.0,0.05,0.0001334438186935125,0.0,0.0056780085414822636,0.07818115263802564,0.0
15269,1.0,0.05,0.0001334438186935125,0.0,0.0056780085414822636,0.07818115263802564,0.0
15270,1.0,0.05,0.0001334438186935125,0.0,0.0056780085414822636,0.10334677731174219,0.0
15271,1.0,0.05,0.0001334438186935125,0.0,0.0056780085414822636,0.10334677731174219,0.0
15272,1.0,0.05,0.0001334438186935125,0.0,0.0056780085414822636,0.04177658725512789,0.0
15273,1.0,0.05,0.00013566084822423915,0.0,0.0056780085414822636,0.05123251921433633,0.0
15274,1.0,0.05,0.00013566084822423915,0.0,0.0056780085414822636,0.04920195882531511,0.0
15275,1.0,0.05,0.00013566084822423915,0.0,0.0056780085414822636,0.04920195882531511,0.0
15276,1.0,0.05,0.00013566084822423915,0.0,0.005733747491079501,0.04920195882531511,0.0
15277,1.0,0.05,0.00013566084822423915,0.0,0.005733747491079501,0.04920195882531511,0.0
15278,1.0,0.05,0.00013566084822423915,0.0,0.005733747491079501,0.08866881369731797,0.0
15279,1.0,0.05,0.0001280986323618463,0.0,0.005733747491079501,0.08866881369731797,0.0
15280,1.0,0.05,0.0001280986323618463,0.0,0.007510405674206031,0.06694317415171798,0.0
15281,1.0,0.05,0.0001280986323618463,0.0,0.007510405674206031,0.06694317415171798,0.0
15282,1.0,0.05,0.0001280986323618463,0.0,0.006106180531969183,0.06694317415171798,0.0
15283,1.0,0.05,0.0001280986323618463,0.0,0.006106180531969183,0.10038812630796132,0.0
15284,1.0,0.05,0.0001280986323618463,0.0,0.006106180531969183,0.10038812630796132,0.0
15285,1.0,0.05,0.0001280986323618463,0.0,0.006106180531969183,0.10038812630796132,0.0
15286,1.0,0.05,0.0001280986323618463,0.0,0.006106180531969183,0.1153687183148809,0.0
15287,1.0,0.05,0.0001280986323618463,0.0,0.006106180531969183,0.1153687183148809,0.0
15288,1.0,0.05,0.0001280986323618463,0.0,0.0069159494841487,0.1153687183148809,0.0
15289,1.0,0.05,0.0001280986323618463,0.0,0.0069159494841487,0.12933867687842573,0.0
15290,1.0,0.05,0.0001280986323618463,0.0,0.0069159494841487,0.12933867687842573,0.0
15291,1.0,0.05,0.0001280986323618463,0.0,0.007621106083466257,0.12933867687842573,0.0
15292,1.0,0.05,0.0001280986323618463,0.0,0.007621106083466257,0.05553856911869931,0.0
15293,1.0,0.05,0.0001280986323618463,0.0,0.0075992852119841775,0.05553856911869931,0.0
15294,1.0,0.05,0.0001280986323618463,0.0,0.0075992852119841775,0.1304129911883143,0.0
15295,1.0,0.05,0.0001280986323618463,0.0,0.0057212506470930066,0.03193916163466681,0.0
15296,1.0,0.05,0.0001280986323618463,0.0,0.006205397620169194,0.028937762783359664,0.0
15297,1.0,0.05,0.0001280986323618463,0.0,0.006205397620169194,0.028937762783359664,0.0
15298,1.0,0.05,0.0001280986323618463,0.0,0.006205397620169194,0.028937762783359664,0.0
15299,1.0,0.05,0.0001280986323618463,0.0,0.006205397620169194,0.042665004673024684,0.0
15300,1.0,0.05,0.0001280986323618463,0.0,0.006293550428279941,0.042665004673024684,0.0
15301,1.0,0.05,0.00012473520287359935,0.0,0.006293550428279941,0.07456375597261054,0.0
15302,1.0,0.05,0.00012473520287359935,0.0,0.006293550428279941,0.07456375597261054,0.0
15303,1.0,0.05,0.00012473520287359935,0.0,0.006293550428279941,0.08564712781626535,0.0
15304,1.0,0.05,0.00012473520287359935,0.0,0.006293550428279941,0.08564712781626535,0.0
15305,1.0,0.05,0.00012473520287359935,0.0,0.006293550428279941,0.07789342770405863,0.0
15306,1.0,0.05,0.00012473520287359935,0.0,0.006293550428279941,0.07789342770405863,0.0
15307,1.0,0.05,0.00012473520287359935,0.0,0.006293550428279941,0.12310874713194708,0.0
15308,1.0,0.05,0.00012473520287359935,0.0,0.006293550428279941,0.12310874713194708,0.0
15309,1.0,0.05,0.00012473520287359935,0.0,0.006293550428279941,0.12310874713194708,0.0
15310,1.0,0.05,0.00012473520287359935,0.0,0.006293550428279941,0.12637373636925334,0.0
15311,1.0,0.05,0.00012473520287359935,0.0,0.006293550428279941,0.10302336971717957,0.0
15312,1.0,0.05,0.00012473520287359935,0.0,0.006293550428279941,0.09757566006225073,0.0
15313,1.0,0.05,0.00012338519066538466,0.0,0.006293550428279941,0.09757566006225073,0.0
15314,1.0,0.05,0.00012338519066538466,0.0,0.006293550428279941,0.07989099708185854,0.0
15315,1.0,0.05,0.00012338519066538466,0.0,0.006293550428279941,0.07989099708185854,0.0
15316,1.0,0.05,0.00012338519066538466,0.0,0.006293550428279941,0.07989099708185854,0.0
15317,1.0,0.05,0.00012338519066538466,0.0,0.006293550428279941,0.07989099708185854,0.0
15318,1.0,0.05,0.00012338519066538466,0.0,0.007712109184444019,0.10229692325287933,0.0
15319,1.0,0.05,0.00012338519066538466,0.0,0.007712109184444019,0.10229692325287933,0.0
15320,1.0,0.05,0.00012338519066538466,0.0,0.007712109184444019,0.10229692325287933,0.0
15321,1.0,0.05,0.00011796888362721553,0.0,0.007712109184444019,0.10229692325287933,0.0
15322,1.0,0.05,0.00011796888362721553,0.0,0.007465886251896521,0.13307782625051887,0.0
15323,1.0,0.05,0.00011796888362721553,0.0,0.007465886251896521,0.13307782625051887,0.0
15324,1.0,0.05,0.00012897278914900795,0.0,0.007465886251896521,0.13307782625051887,0.0
15325,1.0,0.05,0.00012897278914900795,0.0,0.006672881593440336,0.024411542856618767,0.0
15326,1.0,0.05,0.0001370059623282884,0.0,0.006672881593440336,0.021750562500834646,0.0
15327,1.0,0.05,0.0001370059623282884,0.0,0.006534056176174555,0.034526553738395235,0.0
15328,1.0,0.05,0.0001370059623282884,0.0,0.006534056176174555,0.03389400456575347,0.0
15329,1.0,0.05,0.0001420702221172303,0.0,0.006534056176174555,0.0576529513355643,0.0
15330,1.0,0.05,0.0001420702221172303,0.0,0.005359292078001964,0.0576529513355643,0.0
15331,1.0,0.05,0.0001420702221172303,0.0,0.005359292078001964,0.0576529513355643,0.0
15332,1.0,0.05,0.0001420702221172303,0.0,0.005359292078001964,0.034749233333495964,0.0
15333,1.0,0.05,0.0001420702221172303,0.0,0.005359292078001964,0.04701132396083218,0.0
15334,1.0,0.05,0.0001420702221172303,0.0,0.005359292078001964,0.04701132396083218,0.0
15335,1.0,0.05,0.0001420702221172303,0.0,0.005359292078001964,0.04701132396083218,0.0
15336,1.0,0.05,0.0001420702221172303,0.0,0.005418977451391013,0.016346585401201624,0.0
15337,1.0,0.05,0.0001420702221172303,0.0,0.005418977451391013,0.03321567095393756,0.0
15338,1.0,0.05,0.0001420702221172303,0.0,0.005418977451391013,0.029857829004842344,0.0
15339,1.0,0.05,0.0001420702221172303,0.0,0.005418977451391013,0.049425172407576656,0.0
15340,1.0,0.05,0.0001420702221172303,0.0,0.005418977451391013,0.09479140299664982,0.0
15341,1.0,0.05,0.0001420702221172303,0.0,0.005418977451391013,0.08605845293706524,0.0
15342,1.0,0.05,0.0001420702221172303,0.0,0.005418977451391013,0.07336430806718784,0.0
15343,1.0,0.05,0.0001420702221172303,0.0,0.005418977451391013,0.05482304390230911,0.0
15344,1.0,0.05,0.0001420702221172303,0.0,0.005418977451391013,0.05482304390230911,0.0
15345,1.0,0.05,0.0001420702221172303,0.0,0.005418977451391013,0.05482304390230911,0.0
15346,1.0,0.05,0.0001420702221172303,0.0,0.005613043561095201,0.060847534434780574,0.0
15347,1.0,0.05,0.00013389108103432608,0.0,0.005613043561095201,0.04019973251577792,0.0
15348,1.0,0.05,0.00013389108103432608,0.0,0.005613043561095201,0.022997826404841125,0.0
15349,1.0,0.05,0.00013493764334828799,0.0,0.006011324370289077,0.04570305974297744,0.0
15350,1.0,0.05,0.00013493764334828799,0.0,0.006011324370289077,0.054198790238247044,0.0
15351,1.0,0.05,0.00013005939004698055,0.0,0.006011324370289077,0.054198790238247044,0.0
15352,1.0,0.05,0.0001351416983939819,0.0,0.006011324370289077,0.054198790238247044,0.0
15353,1.0,0.05,0.0001351416983939819,0.0,0.006011324370289077,0.049814182503119475,0.0
15354,1.0,0.05,0.0001351416983939819,0.0,0.006011324370289077,0.049814182503119475,0.0
15355,1.0,0.05,0.00013901856836453163,0.0,0.005676049778763921,0.049814182503119475,0.0
15356,1.0,0.05,0.00013901856836453163,0.0,0.005676049778763921,0.04229989955605158,0.0
15357,1.0,0.05,0.00013371882415626096,0.0,0.005676049778763921,0.04229989955605158,0.0
15358,1.0,0.05,0.00013371882415626096,0.0,0.005676049778763921,0.05288102239378627,0.0
15359,1.0,0.05,0.00013371882415626096,0.0,0.005680168903346978,0.05288102239378627,0.0
15360,1.0,0.05,0.00013371882415626096,0.0,0.005680168903346978,0.05288102239378627,0.0
15361,1.0,0.05,0.00013371882415626096,0.0,0.005680168903346978,0.05288102239378627,0.0
15362,1.0,0.05,0.00013371882415626096,0.0,0.005680168903346978,0.05288102239378627,0.0
15363,1.0,0.05,0.00013371882415626096,0.0,0.005680168903346978,0.05288102239378627,0.0
15364,1.0,0.05,0.00013371882415626096,0.0,0.005680168903346978,0.05288102239378627,0.0
15365,1.0,0.05,0.00013371882415626096,0.0,0.005680168903346978,0.09758142658539305,0.0
15366,1.0,0.05,0.00013371882415626096,0.0,0.005680168903346978,0.053566413141505634,0.0
15367,1.0,0.05,0.00013371882415626096,0.0,0.005680168903346978,0.06006933609377756,0.0
15368,1.0,0.05,0.00013371882415626096,0.0,0.005680168903346978,0.06006933609377756,0.0
15369,1.0,0.05,0.00013371882415626096,0.0,0.005680168903346978,0.06006933609377756,0.0
15370,1.0,0.05,0.00013371882415626096,0.0,0.005680168903346978,0.06006933609377756,0.0
15371,1.0,0.05,0.00013371882415626096,0.0,0.005680168903346978,0.06006933609377756,0.0
15372,1.0,0.05,0.00013371882415626096,0.0,0.005680168903346978,0.06006933609377756,0.0
15373,1.0,0.05,0.00013371882415626096,0.0,0.005680168903346978,0.06006933609377756,0.0
15374,1.0,0.05,0.00013371882415626096,0.0,0.005680168903346978,0.06006933609377756,0.0
15375,1.0,0.05,0.00013371882415626096,0.0,0.005680168903346978,0.06006933609377756,0.0
15376,1.0,0.05,0.00013371882415626096,0.0,0.005680168903346978,0.06006933609377756,0.0
15377,1.0,0.05,0.00013371882415626096,0.0,0.005784248521039411,0.06006933609377756,0.0
15378,1.0,0.05,0.00013371882415626096,0.0,0.005784248521039411,0.06006933609377756,0.0
15379,1.0,0.05,0.00013371882415626096,0.0,0.005784248521039411,0.08682113508673167,0.0
15380,1.0,0.05,0.00013371882415626096,0.0,0.005784248521039411,0.05841483100301043,0.0
15381,1.0,0.05,0.00013371882415626096,0.0,0.005784248521039411,0.05841483100301043,0.0
15382,1.0,0.05,0.00013371882415626096,0.0,0.006540344665015474,0.05841483100301043,0.0
15383,1.0,0.05,0.00013371882415626096,0.0,0.006540344665015474,0.11028640442025711,0.0
15384,1.0,0.05,0.00013371882415626096,0.0,0.006540344665015474,0.11028640442025711,0.0
15385,1.0,0.05,0.00013020289747848711,0.0,0.006774024681935314,0.025577005676980104,0.0
15386,1.0,0.05,0.00013020289747848711,0.0,0.006774024681935314,0.03448257946859685,0.0
15387,1.0,0.05,0.00013020289747848711,0.0,0.006774024681935314,0.06679310588652376,0.0
15388,1.0,0.05,0.00013383631344875686,0.0,0.006365130524732686,0.04081043300448284,0.0
15389,1.0,0.05,0.00013383631344875686,0.0,0.006365130524732686,0.040960922637008526,0.0
15390,1.0,0.05,0.00013383631344875686,0.0,0.006365130524732686,0.040960922637008526,0.0
15391,1.0,0.05,0.00013383631344875686,0.0,0.006365130524732686,0.040960922637008526,0.0
15392,1.0,0.05,0.00013383631344875686,0.0,0.006365130524732686,0.040960922637008526,0.0
15393,1.0,0.05,0.00013383631344875686,0.0,0.006365130524732686,0.06787622776859387,0.0
15394,1.0,0.05,0.00013383631344875686,0.0,0.005829852663317896,0.06787622776859387,0.0
15395,1.0,0.05,0.00013383631344875686,0.0,0.005829852663317896,0.06787622776859387,0.0
15396,1.0,0.05,0.00013383631344875686,0.0,0.006857771431408142,0.044780777869709826,0.0
15397,1.0,0.05,0.00013383631344875686,0.0,0.006857771431408142,0.05839399794017757,0.0
15398,1.0,0.05,0.00013383631344875686,0.0,0.006857771431408142,0.05839399794017757,0.0
15399,1.0,0.05,0.00013383631344875686,0.0,0.005911889736104484,0.05839399794017757,0.0
15400,1.0,0.05,0.00013383631344875686,0.0,0.005911889736104484,0.05839399794017757,0.0
15401,1.0,0.05,0.00013383631344875686,0.0,0.005911889736104484,0.05839399794017757,0.0
15402,1.0,0.05,0.00013383631344875686,0.0,0.005911889736104484,0.05839399794017757,0.0
15403,1.0,0.05,0.00013383631344875686,0.0,0.006143612677815641,0.05839399794017757,0.0
15404,1.0,0.05,0.00013383631344875686,0.0,0.006143612677815641,0.06691752465171227,0.0
15405,1.0,0.05,0.00013383631344875686,0.0,0.005977450422050888,0.06691752465171227,0.0
15406,1.0,0.05,0.00013383631344875686,0.0,0.005977450422050888,0.06809367969771424,0.0
15407,1.0,0.05,0.00013383631344875686,0.0,0.005977450422050888,0.06809367969771424,0.0
15408,1.0,0.05,0.00013383631344875686,0.0,0.005977450422050888,0.06809367969771424,0.0
15409,1.0,0.05,0.00013383631344875686,0.0,0.005977450422050888,0.04673735065310176,0.0
15410,1.0,0.05,0.00013383631344875686,0.0,0.005977450422050888,0.04673735065310176,0.0
15411,1.0,0.05,0.00013383631344875686,0.0,0.005977450422050888,0.04673735065310176,0.0
15412,1.0,0.05,0.00013383631344875686,0.0,0.005977450422050888,0.07485361433703604,0.0
15413,1.0,0.05,0.00013383631344875686,0.0,0.005977450422050888,0.07485361433703604,0.0
15414,1.0,0.05,0.00013383631344875686,0.0,0.005977450422050888,0.07485361433703604,0.0
15415,1.0,0.05,0.00013383631344875686,0.0,0.005977450422050888,0.07485361433703604,0.0
15416,1.0,0.05,0.00013383631344875686,0.0,0.005977450422050888,0.07485361433703604,0.0
15417,1.0,0.05,0.00013383631344875686,0.0,0.005977450422050888,0.07485361433703604,0.0
15418,1.0,0.05,0.00013383631344875686,0.0,0.005977450422050888,0.07485361433703604,0.0
15419,1.0,0.05,0.00013383631344875686,0.0,0.005977450422050888,0.059620369179121745,0.0
15420,1.0,0.05,0.00013383631344875686,0.0,0.005977450422050888,0.04158029962980633,0.0
15421,1.0,0.05,0.00013383631344875686,0.0,0.005977450422050888,0.04158029962980633,0.0
15422,1.0,0.05,0.00013383631344875686,0.0,0.005977450422050888,0.0217005256924084,0.0
15423,1.0,0.05,0.00013383631344875686,0.0,0.005977450422050888,0.0217005256924084,0.0
15424,1.0,0.05,0.00013383631344875686,0.0,0.00562060875892348,0.031221034837290197,0.0
15425,1.0,0.05,0.00013383631344875686,0.0,0.00562060875892348,0.031221034837290197,0.0
15426,1.0,0.05,0.00013298380775093638,0.0,0.00562060875892348,0.031221034837290197,0.0
15427,1.0,0.05,0.00013298380775093638,0.0,0.00562060875892348,0.031221034837290197,0.0
15428,1.0,0.05,0.00013298380775093638,0.0,0.0053963311242609426,0.02543166559721824,0.0
15429,1.0,0.05,0.00013298380775093638,0.0,0.0053963311242609426,0.02543166559721824,0.0
15430,1.0,0.05,0.00013298380775093638,0.0,0.0053963311242609426,0.02543166559721824,0.0
15431,1.0,0.05,0.00013189226745848143,0.0,0.00635764296065474,0.02543166559721824,0.0
15432,1.0,0.05,0.00013189226745848143,0.0,0.00635764296065474,0.02643493224064862,0.0
15433,1.0,0.05,0.00013189226745848143,0.0,0.007264695823754948,0.02643493224064862,0.0
15434,1.0,0.05,0.00013189226745848143,0.0,0.007154496317240503,0.047631172829185116,0.0
15435,1.0,0.05,0.00013189226745848143,0.0,0.006978721772928655,0.027008004546219447,0.0
15436,1.0,0.05,0.0001261981605785585,0.0,0.006978721772928655,0.027008004546219447,0.0
15437,1.0,0.05,0.0001261981605785585,0.0,0.006978721772928655,0.08515094967736614,0.0
15438,1.0,0.05,0.0001261981605785585,0.0,0.006978721772928655,0.08515094967736614,0.0
15439,1.0,0.05,0.00014550503095215483,0.0,0.006189740594199212,0.08515094967736614,0.0
15440,1.0,0.05,0.00014550503095215483,0.0,0.006189740594199212,0.08515094967736614,0.0
15441,1.0,0.05,0.00014550503095215483,0.0,0.006189740594199212,0.08515094967736614,0.0
15442,1.0,0.05,0.00014143983217186339,0.0,0.006189740594199212,0.08515094967736614,0.0
15443,1.0,0.05,0.00014143983217186339,0.0,0.006189740594199212,0.08515094967736614,0.0
15444,1.0,0.05,0.00014143983217186339,0.0,0.006189740594199212,0.08515094967736614,0.0
15445,1.0,0.05,0.00014143983217186339,0.0,0.006189740594199212,0.08515094967736614,0.0
15446,1.0,0.05,0.00014143983217186339,0.0,0.006189740594199212,0.045414914803927495,0.0
15447,1.0,0.05,0.00014143983217186339,0.0,0.006189740594199212,0.06497192633322295,0.0
15448,1.0,0.05,0.0001330223585873005,0.0,0.0056088668023202455,0.06497192633322295,0.0
15449,1.0,0.05,0.0001330223585873005,0.0,0.0056088668023202455,0.06497192633322295,0.0
15450,1.0,0.05,0.0001330223585873005,0.0,0.0056088668023202455,0.06497192633322295,0.0
15451,1.0,0.05,0.00013345600362814052,0.0,0.005682146953175206,0.06497192633322295,0.0
15452,1.0,0.05,0.00013345600362814052,0.0,0.005682146953175206,0.048999989206875885,0.0
15453,1.0,0.05,0.00013086667510088854,0.0,0.005682146953175206,0.048999989206875885,0.0
15454,1.0,0.05,0.00013086667510088854,0.0,0.005414145623801424,0.05532211424314911,0.0
15455,1.0,0.05,0.00013086667510088854,0.0,0.005414145623801424,0.05532211424314911,0.0
15456,1.0,0.05,0.00013086667510088854,0.0,0.005414145623801424,0.04395205593103437,0.0
15457,1.0,0.05,0.00013086667510088854,0.0,0.005738339976172934,0.06792214540827883,0.0
15458,1.0,0.05,0.00013086667510088854,0.0,0.005738339976172934,0.052983541498328665,0.0
15459,1.0,0.05,0.00013086667510088854,0.0,0.005738339976172934,0.052983541498328665,0.0
15460,1.0,0.05,0.00013086667510088854,0.0,0.005738339976172934,0.052983541498328665,0.0
15461,1.0,0.05,0.00013086667510088854,0.0,0.005738339976172934,0.052983541498328665,0.0
15462,1.0,0.05,0.00013268294516468958,0.0,0.005738339976172934,0.052983541498328665,0.0
15463,1.0,0.05,0.00013268294516468958,0.0,0.005738339976172934,0.07957877880351148,0.0
15464,1.0,0.05,0.00013268294516468958,0.0,0.005738339976172934,0.053365416391419826,0.0
15465,1.0,0.05,0.00013268294516468958,0.0,0.005738339976172934,0.05989412982306046,0.0
15466,1.0,0.05,0.00013268294516468958,0.0,0.005738339976172934,0.10202198316802157,0.0
15467,1.0,0.05,0.00013268294516468958,0.0,0.005738339976172934,0.10202198316802157,0.0
15468,1.0,0.05,0.00013268294516468958,0.0,0.005738339976172934,0.06050390426113044,0.0
15469,1.0,0.05,0.00013268294516468958,0.0,0.005738339976172934,0.06050390426113044,0.0
15470,1.0,0.05,0.00013268294516468958,0.0,0.005738339976172934,0.04675793062864306,0.0
15471,1.0,0.05,0.00013268294516468958,0.0,0.005738339976172934,0.05837980285471421,0.0
15472,1.0,0.05,0.00013268294516468958,0.0,0.005738339976172934,0.05837980285471421,0.0
15473,1.0,0.05,0.00013268294516468958,0.0,0.005738339976172934,0.03947750528742641,0.0
15474,1.0,0.05,0.00013268294516468958,0.0,0.005738339976172934,0.04932509653521633,0.0
15475,1.0,0.05,0.00013268294516468958,0.0,0.005738339976172934,0.04932509653521633,0.0
15476,1.0,0.05,0.00013268294516468958,0.0,0.005738339976172934,0.04932509653521633,0.0
15477,1.0,0.05,0.00013268294516468958,0.0,0.005738339976172934,0.04932509653521633,0.0
15478,1.0,0.05,0.00013268294516468958,0.0,0.005738339976172934,0.05620951491478291,0.0
15479,1.0,0.05,0.00013068774389253255,0.0,0.005738339976172934,0.05620951491478291,0.0
15480,1.0,0.05,0.00013068774389253255,0.0,0.005738339976172934,0.05620951491478291,0.0
15481,1.0,0.05,0.00012686089961139,0.0,0.005738339976172934,0.08884601126692793,0.0
15482,1.0,0.05,0.00012686089961139,0.0,0.005738339976172934,0.08884601126692793,0.0
15483,1.0,0.05,0.00012686089961139,0.0,0.005738339976172934,0.08884601126692793,0.0
15484,1.0,0.05,0.00012686089961139,0.0,0.005738339976172934,0.06636236851455117,0.0
15485,1.0,0.05,0.0001413180867588834,0.0,0.005738339976172934,0.06636236851455117,0.0
15486,1.0,0.05,0.0001413180867588834,0.0,0.005738339976172934,0.06636236851455117,0.0
15487,1.0,0.05,0.0001413180867588834,0.0,0.005738339976172934,0.06034920205340505,0.0
15488,1.0,0.05,0.00014159550645979224,0.0,0.005738339976172934,0.06034920205340505,0.0
15489,1.0,0.05,0.00014159550645979224,0.0,0.005738339976172934,0.07531860985638666,0.0
15490,1.0,0.05,0.00014159550645979224,0.0,0.005738339976172934,0.07531860985638666,0.0
15491,1.0,0.05,0.00014159550645979224,0.0,0.005738339976172934,0.07531860985638666,0.0
15492,1.0,0.05,0.00014159550645979224,0.0,0.005738339976172934,0.07531860985638666,0.0
15493,1.0,0.05,0.00014159550645979224,0.0,0.005738339976172934,0.07531860985638666,0.0
15494,1.0,0.05,0.00014159550645979224,0.0,0.005738339976172934,0.07531860985638666,0.0
15495,1.0,0.05,0.00014159550645979224,0.0,0.005738339976172934,0.10153329673651387,0.0
15496,1.0,0.05,0.00014159550645979224,0.0,0.005738339976172934,0.10153329673651387,0.0
15497,1.0,0.05,0.00014159550645979224,0.0,0.0056963140876464214,0.10153329673651387,0.0
15498,1.0,0.05,0.00014159550645979224,0.0,0.0056963140876464214,0.10153329673651387,0.0
15499,1.0,0.05,0.00014159550645979224,0.0,0.0056963140876464214,0.10153329673651387,0.0
15500,1.0,0.05,0.00014159550645979224,0.0,0.00593594870764622,0.10153329673651387,0.0
15501,1.0,0.05,0.00014159550645979224,0.0,0.00593594870764622,0.046951197025890325,0.0
15502,1.0,0.05,0.00014159550645979224,0.0,0.00593594870764622,0.046951197025890325,0.0
15503,1.0,0.05,0.00014159550645979224,0.0,0.00593594870764622,0.029888463941307473,0.0
15504,1.0,0.05,0.00014159550645979224,0.0,0.00593594870764622,0.07013353982030672,0.0
15505,1.0,0.05,0.00014159550645979224,0.0,0.00593594870764622,0.07013353982030672,0.0
15506,1.0,0.05,0.00014159550645979224,0.0,0.00593594870764622,0.07013353982030672,0.0
15507,1.0,0.05,0.00014159550645979224,0.0,0.00593594870764622,0.056439354770451144,0.0
15508,1.0,0.05,0.00014159550645979224,0.0,0.00593594870764622,0.056439354770451144,0.0
15509,1.0,0.05,0.00013708605178643408,0.0,0.00593594870764622,0.069662549956196,0.0
15510,1.0,0.05,0.00013708605178643408,0.0,0.00593594870764622,0.069662549956196,0.0
15511,1.0,0.05,0.00013708605178643408,0.0,0.00593594870764622,0.069662549956196,0.0
15512,1.0,0.05,0.00013708605178643408,0.0,0.00593594870764622,0.069662549956196,0.0
15513,1.0,0.05,0.00013708605178643408,0.0,0.00593594870764622,0.069662549956196,0.0
15514,1.0,0.05,0.00013315631181713442,0.0,0.00593594870764622,0.04876992960048148,0.0
15515,1.0,0.05,0.00013315631181713442,0.0,0.005483300379770811,0.04876992960048148,0.0
15516,1.0,0.05,0.00013315631181713442,0.0,0.005483300379770811,0.04876992960048148,0.0
15517,1.0,0.05,0.00013420261011675428,0.0,0.005483300379770811,0.04876992960048148,0.0
15518,1.0,0.05,0.00013420261011675428,0.0,0.005483300379770811,0.04508197023832962,0.0
15519,1.0,0.05,0.00013420261011675428,0.0,0.005483300379770811,0.04508197023832962,0.0
15520,1.0,0.05,0.00013420261011675428,0.0,0.005483300379770811,0.04508197023832962,0.0
15521,1.0,0.05,0.00013420261011675428,0.0,0.005483300379770811,0.04508197023832962,0.0
15522,1.0,0.05,0.00013420261011675428,0.0,0.005483300379770811,0.04508197023832962,0.0
15523,1.0,0.05,0.00013420261011675428,0.0,0.005483300379770811,0.060836605037572294,0.0
15524,1.0,0.05,0.00013420261011675428,0.0,0.005516994321594948,0.036377175088425716,0.0
15525,1.0,0.05,0.00013420261011675428,0.0,0.005516994321594948,0.036377175088425716,0.0
15526,1.0,0.05,0.00013420261011675428,0.0,0.005516994321594948,0.036377175088425716,0.0
15527,1.0,0.05,0.00013420261011675428,0.0,0.005516994321594948,0.036496394214093876,0.0
15528,1.0,0.05,0.00013420261011675428,0.0,0.007251935631840584,0.07933817919584374,0.0
15529,1.0,0.05,0.00013420261011675428,0.0,0.007251935631840584,0.07933817919584374,0.0
15530,1.0,0.05,0.00013420261011675428,0.0,0.007251935631840584,0.07923585723231803,0.0
15531,1.0,0.05,0.00013420261011675428,0.0,0.005117515159839324,0.07923585723231803,0.0
15532,1.0,0.05,0.00013420261011675428,0.0,0.005117515159839324,0.07923585723231803,0.0
15533,1.0,0.05,0.00013420261011675428,0.0,0.005117515159839324,0.07229366761893209,0.0
15534,1.0,0.05,0.00013420261011675428,0.0,0.005117515159839324,0.07229366761893209,0.0
15535,1.0,0.05,0.0001365494811919956,0.0,0.005682731499922305,0.07229366761893209,0.0
15536,1.0,0.05,0.00012970460881837068,0.0,0.005682731499922305,0.06760563767546598,0.0
15537,1.0,0.05,0.00012970460881837068,0.0,0.00713529665896679,0.06824278135660966,0.0
15538,1.0,0.05,0.00012970460881837068,0.0,0.00713529665896679,0.08237416258664274,0.0
15539,1.0,0.05,0.00012970460881837068,0.0,0.006427402263842965,0.03348956700375904,0.0
15540,1.0,0.05,0.00012970460881837068,0.0,0.006427402263842965,0.0490101678050541,0.0
15541,1.0,0.05,0.00012970460881837068,0.0,0.005968824082230001,0.0490101678050541,0.0
15542,1.0,0.05,0.00012970460881837068,0.0,0.005968824082230001,0.0490101678050541,0.0
15543,1.0,0.05,0.00012970460881837068,0.0,0.005968824082230001,0.0490101678050541,0.0
15544,1.0,0.05,0.00012970460881837068,0.0,0.006049410140836282,0.09646861909661175,0.0
15545,1.0,0.05,0.00012970460881837068,0.0,0.006049410140836282,0.032279526691851676,0.0
15546,1.0,0.05,0.00012970460881837068,0.0,0.006049410140836282,0.027118465934340023,0.0
15547,1.0,0.05,0.00012970460881837068,0.0,0.006049410140836282,0.010944626088042003,0.0
15548,1.0,0.05,0.00012970460881837068,0.0,0.006049410140836282,0.012687781277354931,0.0
15549,1.0,0.05,0.00013455699138293677,0.0,0.006049410140836282,0.012687781277354931,0.0
15550,1.0,0.05,0.00013455699138293677,0.0,0.005929182204438847,0.012687781277354931,0.0
15551,1.0,0.05,0.00013455699138293677,0.0,0.005929182204438847,0.07084387831945335,0.0
15552,1.0,0.05,0.00013455699138293677,0.0,0.005929182204438847,0.07084387831945335,0.0
15553,1.0,0.05,0.00013455699138293677,0.0,0.006472358545081126,0.07084387831945335,0.0
15554,1.0,0.05,0.00013455699138293677,0.0,0.006472358545081126,0.07084387831945335,0.0
15555,1.0,0.05,0.00013455699138293677,0.0,0.006283457269374121,0.07084387831945335,0.0
15556,1.0,0.05,0.00013455699138293677,0.0,0.006886458167297848,0.05348192500231058,0.0
15557,1.0,0.05,0.00013455699138293677,0.0,0.006886458167297848,0.05851594771459713,0.0
15558,1.0,0.05,0.00013455699138293677,0.0,0.006886458167297848,0.05851594771459713,0.0
15559,1.0,0.05,0.00013455699138293677,0.0,0.006886458167297848,0.08901018042845521,0.0
15560,1.0,0.05,0.00013455699138293677,0.0,0.006886458167297848,0.06972005096216824,0.0
15561,1.0,0.05,0.00013455699138293677,0.0,0.006886458167297848,0.06972005096216824,0.0
15562,1.0,0.05,0.00013455699138293677,0.0,0.006886458167297848,0.06972005096216824,0.0
15563,1.0,0.05,0.00013455699138293677,0.0,0.006886458167297848,0.06972005096216824,0.0
15564,1.0,0.05,0.00013455699138293677,0.0,0.006886458167297848,0.06972005096216824,0.0
15565,1.0,0.05,0.00013455699138293677,0.0,0.006886458167297848,0.06972005096216824,0.0
15566,1.0,0.05,0.00013455699138293677,0.0,0.006886458167297848,0.06972005096216824,0.0
15567,1.0,0.05,0.00013455699138293677,0.0,0.006886458167297848,0.06972005096216824,0.0
15568,1.0,0.05,0.00013316742722046921,0.0,0.006886458167297848,0.08199467279198978,0.0
15569,1.0,0.05,0.00013316742722046921,0.0,0.006886458167297848,0.08199467279198978,0.0
15570,1.0,0.05,0.00013316742722046921,0.0,0.006886458167297848,0.06484509416173323,0.0
15571,1.0,0.05,0.00013316742722046921,0.0,0.006886458167297848,0.06484509416173323,0.0
15572,1.0,0.05,0.00013316742722046921,0.0,0.006886458167297848,0.06484509416173323,0.0
15573,1.0,0.05,0.00013316742722046921,0.0,0.006886458167297848,0.0649961639101129,0.0
15574,1.0,0.05,0.00013316742722046921,0.0,0.006886458167297848,0.0649961639101129,0.0
15575,1.0,0.05,0.00013316742722046921,0.0,0.00502946522661156,0.0649961639101129,0.0
15576,1.0,0.05,0.00013316742722046921,0.0,0.00502946522661156,0.0649961639101129,0.0
15577,1.0,0.05,0.00013316742722046921,0.0,0.00502946522661156,0.0649961639101129,0.0
15578,1.0,0.05,0.00014465709970868675,0.0,0.00502946522661156,0.01878463472487623,0.0
15579,1.0,0.05,0.00014465709970868675,0.0,0.00502946522661156,0.02241271043113638,0.0
15580,1.0,0.05,0.00014465709970868675,0.0,0.00502946522661156,0.09272167025504038,0.0
15581,1.0,0.05,0.00014465709970868675,0.0,0.00502946522661156,0.09272167025504038,0.0
15582,1.0,0.05,0.00014465709970868675,0.0,0.00502946522661156,0.04089335140760681,0.0
15583,1.0,0.05,0.00014465709970868675,0.0,0.00502946522661156,0.044988320196596744,0.0
15584,1.0,0.05,0.00012630241343928125,0.0,0.006624027113586408,0.044988320196596744,0.0
15585,1.0,0.05,0.00012630241343928125,0.0,0.006624027113586408,0.049580597324692624,0.0
15586,1.0,0.05,0.00012630241343928125,0.0,0.006624027113586408,0.08445618589235886,0.0
15587,1.0,0.05,0.00012630241343928125,0.0,0.006624027113586408,0.11004768053819078,0.0
15588,1.0,0.05,0.00012630241343928125,0.0,0.006624027113586408,0.11004768053819078,0.0
15589,1.0,0.05,0.00012630241343928125,0.0,0.006624027113586408,0.09488728478595658,0.0
15590,1.0,0.05,0.00012630241343928125,0.0,0.006624027113586408,0.11497413802586877,0.0
15591,1.0,0.05,0.00012630241343928125,0.0,0.006624027113586408,0.11497413802586877,0.0
15592,1.0,0.05,0.00012630241343928125,0.0,0.006624027113586408,0.10022728800920902,0.0
15593,1.0,0.05,0.00012630241343928125,0.0,0.006624027113586408,0.10022728800920902,0.0
15594,1.0,0.05,0.00012630241343928125,0.0,0.006624027113586408,0.10022728800920902,0.0
15595,1.0,0.05,0.00012630241343928125,0.0,0.006624027113586408,0.08295760786561227,0.0
15596,1.0,0.05,0.00012630241343928125,0.0,0.007395316545048275,0.030531338118279315,0.0
15597,1.0,0.05,0.00012630241343928125,0.0,0.007395316545048275,0.030531338118279315,0.0
15598,1.0,0.05,0.00012630241343928125,0.0,0.007395316545048275,0.030531338118279315,0.0
15599,1.0,0.05,0.0001319906134157461,0.0,0.006648821196559969,0.030531338118279315,0.0
15600,1.0,0.05,0.00013087480175175164,0.0,0.006648821196559969,0.030514473218055817,0.0
15601,1.0,0.05,0.00013087480175175164,0.0,0.007874484703395272,0.004942956417846784,0.0
15602,1.0,0.05,0.00013087480175175164,0.0,0.0061301443817023335,0.010839187537721997,0.0
15603,1.0,0.05,0.00013087480175175164,0.0,0.0060837697698338305,0.011642953918206212,0.0
15604,1.0,0.05,0.00013087480175175164,0.0,0.0060837697698338305,0.012490019529386479,0.0
15605,1.0,0.05,0.00013087480175175164,0.0,0.0060837697698338305,0.012490019529386479,0.0
15606,1.0,0.05,0.00013087480175175164,0.0,0.0060837697698338305,0.012490019529386479,0.0
15607,1.0,0.05,0.00013087480175175164,0.0,0.0060837697698338305,0.012490019529386479,0.0
15608,1.0,0.05,0.00013087480175175164,0.0,0.0060837697698338305,0.013014039806160256,0.0
15609,1.0,0.05,0.00013087480175175164,0.0,0.0060837697698338305,0.01855108785887847,0.0
15610,1.0,0.05,0.00013087480175175164,0.0,0.0060837697698338305,0.01855108785887847,0.0
15611,1.0,0.05,0.00013087480175175164,0.0,0.0060837697698338305,0.018886210523859474,0.0
15612,1.0,0.05,0.00013087480175175164,0.0,0.0060837697698338305,0.013521253222937414,0.0
15613,1.0,0.05,0.00013087480175175164,0.0,0.0060837697698338305,0.013521253222937414,0.0
15614,1.0,0.05,0.00013087480175175164,0.0,0.0060837697698338305,0.016796499872010564,0.0
15615,1.0,0.05,0.00013087480175175164,0.0,0.0060837697698338305,0.008631751321023414,0.0
15616,1.0,0.05,0.00013087480175175164,0.0,0.0060837697698338305,0.0034030039514431655,0.0
15617,1.0,0.05,0.00013087480175175164,0.0,0.0060837697698338305,0.009625040613036276,0.0
15618,1.0,0.05,0.00014487792900624873,0.0,0.0060837697698338305,0.01626589487144238,0.0
15619,1.0,0.05,0.00013821578779080757,0.0,0.0060837697698338305,0.01626589487144238,0.0
15620,1.0,0.05,0.00013821578779080757,0.0,0.0060837697698338305,0.01626589487144238,0.0
15621,1.0,0.05,0.00013821578779080757,0.0,0.00685198639761382,0.01626589487144238,0.0
15622,1.0,0.05,0.00013821578779080757,0.0,0.00685198639761382,0.018641581352071203,0.0
15623,1.0,0.05,0.00013821578779080757,0.0,0.00685198639761382,0.0581583843824538,0.0
15624,1.0,0.05,0.000138519645406285,0.0,0.00685198639761382,0.0581583843824538,0.0
15625,1.0,0.05,0.000138519645406285,0.0,0.00685198639761382,0.0581583843824538,0.0
15626,1.0,0.05,0.00013497834954711202,0.0,0.005207752988717251,0.06126477985108102,0.0
15627,1.0,0.05,0.00013497834954711202,0.0,0.005207752988717251,0.06126477985108102,0.0
15628,1.0,0.05,0.00013497834954711202,0.0,0.005836133071221211,0.05789886270998274,0.0
15629,1.0,0.05,0.00013497834954711202,0.0,0.005836133071221211,0.05789886270998274,0.0
15630,1.0,0.05,0.00013497834954711202,0.0,0.0061606076701794495,0.07248925506398386,0.0
15631,1.0,0.05,0.00013497834954711202,0.0,0.0062344389635452125,0.07248925506398386,0.0
15632,1.0,0.05,0.00013497834954711202,0.0,0.0062344389635452125,0.05604078297869782,0.0
15633,1.0,0.05,0.00013497834954711202,0.0,0.0062344389635452125,0.09703527268072992,0.0
15634,1.0,0.05,0.00013497834954711202,0.0,0.0062344389635452125,0.09703527268072992,0.0
15635,1.0,0.05,0.00013497834954711202,0.0,0.006371936339923416,0.08493532225227003,0.0
15636,1.0,0.05,0.00013497834954711202,0.0,0.006371936339923416,0.08493532225227003,0.0
15637,1.0,0.05,0.00013497834954711202,0.0,0.006371936339923416,0.09030636703375929,0.0
15638,1.0,0.05,0.00013497834954711202,0.0,0.005439311747739108,0.09030636703375929,0.0
15639,1.0,0.05,0.00013497834954711202,0.0,0.005913588124627255,0.046648213035268574,0.0
15640,1.0,0.05,0.00013497834954711202,0.0,0.005913588124627255,0.05612846201295243,0.0
15641,1.0,0.05,0.00013497834954711202,0.0,0.005913588124627255,0.05612846201295243,0.0
15642,1.0,0.05,0.00013497834954711202,0.0,0.005913588124627255,0.05612846201295243,0.0
15643,1.0,0.05,0.00013497834954711202,0.0,0.005913588124627255,0.05612846201295243,0.0
15644,1.0,0.05,0.00013497834954711202,0.0,0.005913588124627255,0.05612846201295243,0.0
15645,1.0,0.05,0.00013110894348075604,0.0,0.005913588124627255,0.06090674544206393,0.0
15646,1.0,0.05,0.00013110894348075604,0.0,0.005913588124627255,0.06090674544206393,0.0
15647,1.0,0.05,0.00013110894348075604,0.0,0.005913588124627255,0.06090674544206393,0.0
15648,1.0,0.05,0.00013110894348075604,0.0,0.005913588124627255,0.06090674544206393,0.0
15649,1.0,0.05,0.00013162386386810317,0.0,0.005913588124627255,0.06090674544206393,0.0
15650,1.0,0.05,0.00013162386386810317,0.0,0.005913588124627255,0.025521264706390726,0.0
15651,1.0,0.05,0.00013613629685627315,0.0,0.005913588124627255,0.07702968079230642,0.0
15652,1.0,0.05,0.00013613629685627315,0.0,0.005913588124627255,0.10367078276488914,0.0
15653,1.0,0.05,0.00013613629685627315,0.0,0.005913588124627255,0.08443750699246548,0.0
15654,1.0,0.05,0.00013613629685627315,0.0,0.005913588124627255,0.04043403510554229,0.0
15655,1.0,0.05,0.00013613629685627315,0.0,0.005913588124627255,0.09683919703253335,0.0
15656,1.0,0.05,0.00013613629685627315,0.0,0.006280151214149583,0.08370557687162336,0.0
15657,1.0,0.05,0.00013613629685627315,0.0,0.006280151214149583,0.08370557687162336,0.0
15658,1.0,0.05,0.00013613629685627315,0.0,0.006280151214149583,0.08370557687162336,0.0
15659,1.0,0.05,0.00013613629685627315,0.0,0.006280151214149583,0.08370557687162336,0.0
15660,1.0,0.05,0.00013613629685627315,0.0,0.006280151214149583,0.08370557687162336,0.0
15661,1.0,0.05,0.00013613629685627315,0.0,0.006280151214149583,0.08370557687162336,0.0
15662,1.0,0.05,0.00013613629685627315,0.0,0.006280151214149583,0.08370557687162336,0.0
15663,1.0,0.05,0.00013613629685627315,0.0,0.006280151214149583,0.03183796695894781,0.0
15664,1.0,0.05,0.00013613629685627315,0.0,0.006047393934457293,0.03183796695894781,0.0
15665,1.0,0.05,0.00013613629685627315,0.0,0.006047393934457293,0.03183796695894781,0.0
15666,1.0,0.05,0.00013613629685627315,0.0,0.006047393934457293,0.03500470897535087,0.0
15667,1.0,0.05,0.00013613629685627315,0.0,0.006047393934457293,0.025707014581447973,0.0
15668,1.0,0.05,0.00013613629685627315,0.0,0.006047393934457293,0.025707014581447973,0.0
15669,1.0,0.05,0.00013613629685627315,0.0,0.006047393934457293,0.0653463917354971,0.0
15670,1.0,0.05,0.00013613629685627315,0.0,0.006047393934457293,0.0653463917354971,0.0
15671,1.0,0.05,0.00013613629685627315,0.0,0.006047393934457293,0.0653463917354971,0.0
15672,1.0,0.05,0.00013613629685627315,0.0,0.006047393934457293,0.03822881161006936,0.0
15673,1.0,0.05,0.00013613629685627315,0.0,0.006047393934457293,0.03822881161006936,0.0
15674,1.0,0.05,0.00013613629685627315,0.0,0.00594756729234581,0.02084189224193489,0.0
15675,1.0,0.05,0.00013613629685627315,0.0,0.00594756729234581,0.014669242607648137,0.0
15676,1.0,0.05,0.00013613629685627315,0.0,0.00594756729234581,0.025485015353634913,0.0
15677,1.0,0.05,0.00013613629685627315,0.0,0.00594756729234581,0.025485015353634913,0.0
15678,1.0,0.05,0.00013613629685627315,0.0,0.00594756729234581,0.08132267054620203,0.0
15679,1.0,0.05,0.00013613629685627315,0.0,0.00594756729234581,0.08132267054620203,0.0
15680,1.0,0.05,0.00013613629685627315,0.0,0.007146143977998662,0.11708112291175876,0.0
15681,1.0,0.05,0.00013613629685627315,0.0,0.006930430213833667,0.11708112291175876,0.0
15682,1.0,0.05,0.00013613629685627315,0.0,0.006930430213833667,0.07842408524957187,0.0
15683,1.0,0.05,0.00013613629685627315,0.0,0.006930430213833667,0.048260113713679983,0.0
15684,1.0,0.05,0.00013613629685627315,0.0,0.006930430213833667,0.048260113713679983,0.0
15685,1.0,0.05,0.000134333784480983,0.0,0.006930430213833667,0.048260113713679983,0.0
15686,1.0,0.05,0.000134333784480983,0.0,0.006930430213833667,0.11411928729939769,0.0
15687,1.0,0.05,0.000134333784480983,0.0,0.005865950356495881,0.12114139261414181,0.0
15688,1.0,0.05,0.000134333784480983,0.0,0.005865950356495881,0.12114139261414181,0.0
15689,1.0,0.05,0.0001297091753302683,0.0,0.005865950356495881,0.03611757157077392,0.0
15690,1.0,0.05,0.0001297091753302683,0.0,0.005865950356495881,0.11012388769276693,0.0
15691,1.0,0.05,0.0001297091753302683,0.0,0.005865950356495881,0.11012388769276693,0.0
15692,1.0,0.05,0.0001297091753302683,0.0,0.005865950356495881,0.08095182270416708,0.0
15693,1.0,0.05,0.0001297091753302683,0.0,0.006601850828958642,0.08095182270416708,0.0
15694,1.0,0.05,0.0001297091753302683,0.0,0.006601850828958642,0.08095182270416708,0.0
15695,1.0,0.05,0.0001297091753302683,0.0,0.006601850828958642,0.09279986149982822,0.0
15696,1.0,0.05,0.0001297091753302683,0.0,0.006601850828958642,0.058688992084878364,0.0
15697,1.0,0.05,0.0001297091753302683,0.0,0.006765440695994788,0.10350298967766695,0.0
15698,1.0,0.05,0.0001297091753302683,0.0,0.006765440695994788,0.10350298967766695,0.0
15699,1.0,0.05,0.0001323108004225101,0.0,0.006765440695994788,0.08562026740632141,0.0
15700,1.0,0.05,0.0001323108004225101,0.0,0.006765440695994788,0.09291332142078507,0.0
15701,1.0,0.05,0.0001323108004225101,0.0,0.006458126289529202,0.09291332142078507,0.0
15702,1.0,0.05,0.0001323108004225101,0.0,0.006458126289529202,0.09291332142078507,0.0
15703,1.0,0.05,0.0001323108004225101,0.0,0.006458126289529202,0.09291332142078507,0.0
15704,1.0,0.05,0.00013271795100900077,0.0,0.0060426356866589105,0.0705974318517524,0.0
15705,1.0,0.05,0.00013271795100900077,0.0,0.0060426356866589105,0.04994135946746186,0.0
15706,1.0,0.05,0.00013271795100900077,0.0,0.0060426356866589105,0.04994135946746186,0.0
15707,1.0,0.05,0.00013271795100900077,0.0,0.005984370940142908,0.07254151626804364,0.0
15708,1.0,0.05,0.00013271795100900077,0.0,0.005984370940142908,0.07254151626804364,0.0
15709,1.0,0.05,0.00013271795100900077,0.0,0.005984370940142908,0.05242155667119429,0.0
15710,1.0,0.05,0.00013271795100900077,0.0,0.005984370940142908,0.05242155667119429,0.0
15711,1.0,0.05,0.00013271795100900077,0.0,0.005568212906549753,0.05242155667119429,0.0
15712,1.0,0.05,0.00013271795100900077,0.0,0.005568212906549753,0.050068347160079324,0.0
15713,1.0,0.05,0.00013271795100900077,0.0,0.005568212906549753,0.020166379363362873,0.0
15714,1.0,0.05,0.00013271795100900077,0.0,0.005568212906549753,0.020166379363362873,0.0
15715,1.0,0.05,0.00013271795100900077,0.0,0.005568212906549753,0.020166379363362873,0.0
15716,1.0,0.05,0.00013271795100900077,0.0,0.005568212906549753,0.020166379363362873,0.0
15717,1.0,0.05,0.00013271795100900077,0.0,0.005568212906549753,0.020166379363362873,0.0
15718,1.0,0.05,0.00013271795100900077,0.0,0.005568212906549753,0.020166379363362873,0.0
15719,1.0,0.05,0.00013271795100900077,0.0,0.005568212906549753,0.02543461562933967,0.0
15720,1.0,0.05,0.00013271795100900077,0.0,0.005568212906549753,0.02543461562933967,0.0
15721,1.0,0.05,0.0001336378430208497,0.0,0.005568212906549753,0.017045582705199385,0.0
15722,1.0,0.05,0.0001336378430208497,0.0,0.005568212906549753,0.0644709581479134,0.0
15723,1.0,0.05,0.0001336378430208497,0.0,0.00634663191190899,0.0644709581479134,0.0
15724,1.0,0.05,0.0001336378430208497,0.0,0.00634663191190899,0.07274829710150096,0.0
15725,1.0,0.05,0.0001350942469208025,0.0,0.00634663191190899,0.07274829710150096,0.0
15726,1.0,0.05,0.0001350942469208025,0.0,0.00634663191190899,0.10624433909009176,0.0
15727,1.0,0.05,0.0001350942469208025,0.0,0.00634663191190899,0.03194256781612997,0.0
15728,1.0,0.05,0.0001350942469208025,0.0,0.006130533282285956,0.03194256781612997,0.0
15729,1.0,0.05,0.0001350942469208025,0.0,0.006059749819305086,0.03194256781612997,0.0
15730,1.0,0.05,0.0001350942469208025,0.0,0.006059749819305086,0.03194256781612997,0.0
15731,1.0,0.05,0.0001350942469208025,0.0,0.006059749819305086,0.03194256781612997,0.0
15732,1.0,0.05,0.0001350942469208025,0.0,0.006059749819305086,0.03194256781612997,0.0
15733,1.0,0.05,0.0001350942469208025,0.0,0.006049331464938212,0.026211370974009558,0.0
15734,1.0,0.05,0.0001350942469208025,0.0,0.006049331464938212,0.12405914814268562,0.0
15735,1.0,0.05,0.0001350942469208025,0.0,0.006049331464938212,0.11430796550636661,0.0
15736,1.0,0.05,0.0001350942469208025,0.0,0.006049331464938212,0.11430796550636661,0.0
15737,1.0,0.05,0.0001350942469208025,0.0,0.006049331464938212,0.022729606403985657,0.0
15738,1.0,0.05,0.0001350942469208025,0.0,0.006049331464938212,0.05759591072827132,0.0
15739,1.0,0.05,0.0001350942469208025,0.0,0.006049331464938212,0.08317607872527108,0.0
15740,1.0,0.05,0.0001350942469208025,0.0,0.006049331464938212,0.05895878328335705,0.0
15741,1.0,0.05,0.0001350942469208025,0.0,0.006049331464938212,0.05895878328335705,0.0
15742,1.0,0.05,0.0001350942469208025,0.0,0.006049331464938212,0.11262942755726986,0.0
15743,1.0,0.05,0.0001350942469208025,0.0,0.006049331464938212,0.07531279683618282,0.0
15744,1.0,0.05,0.0001350942469208025,0.0,0.006049331464938212,0.07531279683618282,0.0
15745,1.0,0.05,0.0001350942469208025,0.0,0.006049331464938212,0.07531279683618282,0.0
15746,1.0,0.05,0.00014040434185582233,0.0,0.005345984260515363,0.07531279683618282,0.0
15747,1.0,0.05,0.00014040434185582233,0.0,0.005345984260515363,0.04048186373439656,0.0
15748,1.0,0.05,0.00014040434185582233,0.0,0.005345984260515363,0.0533359078543618,0.0
15749,1.0,0.05,0.00014040434185582233,0.0,0.005345984260515363,0.0533359078543618,0.0
15750,1.0,0.05,0.00014040434185582233,0.0,0.005345984260515363,0.05514727846984518,0.0
15751,1.0,0.05,0.00014040434185582233,0.0,0.006620079334848474,0.05514727846984518,0.0
15752,1.0,0.05,0.00013060197441328697,0.0,0.006620079334848474,0.10920152927498167,0.0
15753,1.0,0.05,0.00013060197441328697,0.0,0.006620079334848474,0.10920152927498167,0.0
15754,1.0,0.05,0.00013060197441328697,0.0,0.006372469991748794,0.10920152927498167,0.0
15755,1.0,0.05,0.00013060197441328697,0.0,0.006372469991748794,0.10920152927498167,0.0
15756,1.0,0.05,0.00013060197441328697,0.0,0.006372469991748794,0.12712987179750995,0.0
15757,1.0,0.05,0.00013060197441328697,0.0,0.006372469991748794,0.12712987179750995,0.0
15758,1.0,0.05,0.00013060197441328697,0.0,0.006372469991748794,0.12712987179750995,0.0
15759,1.0,0.05,0.00013060197441328697,0.0,0.006989822137921637,0.04547847831727046,0.0
15760,1.0,0.05,0.00013060197441328697,0.0,0.006989822137921637,0.030371408695930215,0.0
15761,1.0,0.05,0.00013060197441328697,0.0,0.006989822137921637,0.030371408695930215,0.0
15762,1.0,0.05,0.00013060197441328697,0.0,0.006989822137921637,0.12549444134076193,0.0
15763,1.0,0.05,0.00013060197441328697,0.0,0.006989822137921637,0.12549444134076193,0.0
15764,1.0,0.05,0.00013060197441328697,0.0,0.007075370707710577,0.12549444134076193,0.0
15765,1.0,0.05,0.00013060197441328697,0.0,0.007075370707710577,0.12549444134076193,0.0
15766,1.0,0.05,0.00013060197441328697,0.0,0.007075370707710577,0.12549444134076193,0.0
15767,1.0,0.05,0.00013060197441328697,0.0,0.007075370707710577,0.12549444134076193,0.0
15768,1.0,0.05,0.00013060197441328697,0.0,0.0059120653294613724,0.09669022606243553,0.0
15769,1.0,0.05,0.00013817075309482523,0.0,0.0059120653294613724,0.09669022606243553,0.0
15770,1.0,0.05,0.00013817075309482523,0.0,0.0059120653294613724,0.09669022606243553,0.0
15771,1.0,0.05,0.00013817075309482523,0.0,0.0059120653294613724,0.13771427595874972,0.0
15772,1.0,0.05,0.00013817075309482523,0.0,0.0059120653294613724,0.11970390855526034,0.0
15773,1.0,0.05,0.00013817075309482523,0.0,0.0059120653294613724,0.11970390855526034,0.0
15774,1.0,0.05,0.00013817075309482523,0.0,0.0059120653294613724,0.11970390855526034,0.0
15775,1.0,0.05,0.00013817075309482523,0.0,0.0059120653294613724,0.11970390855526034,0.0
15776,1.0,0.05,0.00013817075309482523,0.0,0.0059120653294613724,0.0949598510720749,0.0
15777,1.0,0.05,0.00013817075309482523,0.0,0.0059120653294613724,0.0949598510720749,0.0
15778,1.0,0.05,0.00013817075309482523,0.0,0.0059120653294613724,0.0949598510720749,0.0
15779,1.0,0.05,0.00013817075309482523,0.0,0.005854982009896695,0.0949598510720749,0.0
15780,1.0,0.05,0.00013817075309482523,0.0,0.005854982009896695,0.08617295926699478,0.0
15781,1.0,0.05,0.00011960245906091145,0.0,0.005854982009896695,0.08617295926699478,0.0
15782,1.0,0.05,0.00011960245906091145,0.0,0.005854982009896695,0.08617295926699478,0.0
15783,1.0,0.05,0.00011960245906091145,0.0,0.009094811291917073,0.08617295926699478,0.0
15784,1.0,0.05,0.00011960245906091145,0.0,0.009094811291917073,0.08617295926699478,0.0
15785,1.0,0.05,0.00012402038848858583,0.0,0.009094811291917073,0.025998647501471912,0.0
15786,1.0,0.05,0.000132689030914579,0.0,0.005637864840925584,0.025998647501471912,0.0
15787,1.0,0.05,0.000132689030914579,0.0,0.00553905083620938,0.030279635957555236,0.0
15788,1.0,0.05,0.000132689030914579,0.0,0.00553905083620938,0.030279635957555236,0.0
15789,1.0,0.05,0.000132689030914579,0.0,0.00553905083620938,0.030279635957555236,0.0
15790,1.0,0.05,0.000132689030914579,0.0,0.00553905083620938,0.0862082784621384,0.0
15791,1.0,0.05,0.000132689030914579,0.0,0.00553905083620938,0.0862082784621384,0.0
15792,1.0,0.05,0.000132689030914579,0.0,0.00553905083620938,0.0862082784621384,0.0
15793,1.0,0.05,0.000132689030914579,0.0,0.00553905083620938,0.0862082784621384,0.0
15794,1.0,0.05,0.00014054440765550453,0.0,0.00553905083620938,0.05741492978202259,0.0
15795,1.0,0.05,0.00014054440765550453,0.0,0.00553905083620938,0.06574406417704992,0.0
15796,1.0,0.05,0.00014054440765550453,0.0,0.00553905083620938,0.06574406417704992,0.0
15797,1.0,0.05,0.00014054440765550453,0.0,0.00553905083620938,0.06574406417704992,0.0
15798,1.0,0.05,0.00014054440765550453,0.0,0.00553905083620938,0.11138296624924231,0.0
15799,1.0,0.05,0.00013480461546486723,0.0,0.00553905083620938,0.032167039603398444,0.0
15800,1.0,0.05,0.00013480461546486723,0.0,0.0073737891477440275,0.03550933610748159,0.0
15801,1.0,0.05,0.00013480461546486723,0.0,0.0073737891477440275,0.07880595086522403,0.0
15802,1.0,0.05,0.00013480461546486723,0.0,0.0073737891477440275,0.07711945808933804,0.0
15803,1.0,0.05,0.00013480461546486723,0.0,0.0073737891477440275,0.06617215988649705,0.0
15804,1.0,0.05,0.00012053835774950826,0.0,0.0073737891477440275,0.06617215988649705,0.0
15805,1.0,0.05,0.00012053835774950826,0.0,0.0073737891477440275,0.12067022260831903,0.0
15806,1.0,0.05,0.00012053835774950826,0.0,0.0073737891477440275,0.12067022260831903,0.0
15807,1.0,0.05,0.00012053835774950826,0.0,0.007022778052825144,0.12067022260831903,0.0
15808,1.0,0.05,0.00012053835774950826,0.0,0.007022778052825144,0.12067022260831903,0.0
15809,1.0,0.05,0.00012053835774950826,0.0,0.007022778052825144,0.12067022260831903,0.0
15810,1.0,0.05,0.00012053835774950826,0.0,0.007022778052825144,0.12067022260831903,0.0
15811,1.0,0.05,0.00012053835774950826,0.0,0.008368448785780176,0.12067022260831903,0.0
15812,1.0,0.05,0.00012053835774950826,0.0,0.008368448785780176,0.12067022260831903,0.0
15813,1.0,0.05,0.00012053835774950826,0.0,0.007513583827371355,0.09572427118082039,0.0
15814,1.0,0.05,0.00012053835774950826,0.0,0.007513583827371355,0.09572427118082039,0.0
15815,1.0,0.05,0.00012053835774950826,0.0,0.007513583827371355,0.09572427118082039,0.0
15816,1.0,0.05,0.00012053835774950826,0.0,0.007513583827371355,0.09572427118082039,0.0
15817,1.0,0.05,0.00012053835774950826,0.0,0.008220618681721078,0.06255675977448932,0.0
15818,1.0,0.05,0.00012053835774950826,0.0,0.008220618681721078,0.20367915866303543,0.0
15819,1.0,0.05,0.00012053835774950826,0.0,0.008220618681721078,0.20367915866303543,0.0
15820,1.0,0.05,0.0001218427209812263,0.0,0.008220618681721078,0.135338167575283,0.0
15821,1.0,0.05,0.0001218427209812263,0.0,0.008220618681721078,0.135338167575283,0.0
15822,1.0,0.05,0.0001218427209812263,0.0,0.008220618681721078,0.135338167575283,0.0
15823,1.0,0.05,0.00013718797175681804,0.0,0.008220618681721078,0.07870848888462671,0.0
15824,1.0,0.05,0.00013718797175681804,0.0,0.008220618681721078,0.07870848888462671,0.0
15825,1.0,0.05,0.00013718797175681804,0.0,0.008220618681721078,0.05235382684814205,0.0
15826,1.0,0.05,0.00013718797175681804,0.0,0.008220618681721078,0.05235382684814205,0.0
15827,1.0,0.05,0.00013718797175681804,0.0,0.008220618681721078,0.05235382684814205,0.0
15828,1.0,0.05,0.00013718797175681804,0.0,0.008220618681721078,0.04351944935355557,0.0
15829,1.0,0.05,0.00012341317105073462,0.0,0.008220618681721078,0.04351944935355557,0.0
15830,1.0,0.05,0.00012337378599680537,0.0,0.008220618681721078,0.04351944935355557,0.0
15831,1.0,0.05,0.00012337378599680537,0.0,0.008220618681721078,0.04351944935355557,0.0
15832,1.0,0.05,0.00012337378599680537,0.0,0.008220618681721078,0.04351944935355557,0.0
15833,1.0,0.05,0.00012337378599680537,0.0,0.008220618681721078,0.05884993686007575,0.0
15834,1.0,0.05,0.0001247737127824015,0.0,0.008220618681721078,0.10540099671816774,0.0
15835,1.0,0.05,0.0001247737127824015,0.0,0.00651036111995809,0.13936975107301133,0.0
15836,1.0,0.05,0.0001247737127824015,0.0,0.00651036111995809,0.0668752038666494,0.0
15837,1.0,0.05,0.0001247737127824015,0.0,0.00651036111995809,0.16791461581921932,0.0
15838,1.0,0.05,0.0001247737127824015,0.0,0.008285381684082384,0.0841362534626138,0.0
15839,1.0,0.05,0.0001247737127824015,0.0,0.008285381684082384,0.08301108310388314,0.0
15840,1.0,0.05,0.0001247737127824015,0.0,0.0065899122634645165,0.09056917401049064,0.0
15841,1.0,0.05,0.0001247737127824015,0.0,0.0065899122634645165,0.09056917401049064,0.0
15842,1.0,0.05,0.0001247737127824015,0.0,0.0065899122634645165,0.09056917401049064,0.0
15843,1.0,0.05,0.0001247737127824015,0.0,0.0065899122634645165,0.09715566684536589,0.0
15844,1.0,0.05,0.0001247737127824015,0.0,0.006470124923137244,0.09715566684536589,0.0
15845,1.0,0.05,0.0001247737127824015,0.0,0.006470124923137244,0.09715566684536589,0.0
15846,1.0,0.05,0.0001247737127824015,0.0,0.006975974172892821,0.09715566684536589,0.0
15847,1.0,0.05,0.0001247737127824015,0.0,0.006975974172892821,0.04940074973063188,0.0
15848,1.0,0.05,0.0001344172614767199,0.0,0.006975974172892821,0.04731467535869638,0.0
15849,1.0,0.05,0.00012884028100704705,0.0,0.006975974172892821,0.041180805929442794,0.0
15850,1.0,0.05,0.00012884028100704705,0.0,0.006975974172892821,0.01889022685920857,0.0
15851,1.0,0.05,0.00012884028100704705,0.0,0.006975974172892821,0.02043084500844266,0.0
15852,1.0,0.05,0.00012884028100704705,0.0,0.006975974172892821,0.04765432939719622,0.0
15853,1.0,0.05,0.00012884028100704705,0.0,0.005652447925444844,0.14721162726913015,0.0
15854,1.0,0.05,0.0001327045058763824,0.0,0.005652447925444844,0.09568907222280723,0.0
15855,1.0,0.05,0.0001327045058763824,0.0,0.005652447925444844,0.09568907222280723,0.0
15856,1.0,0.05,0.00013387723340956405,0.0,0.005652447925444844,0.07329618159353854,0.0
15857,1.0,0.05,0.00013387723340956405,0.0,0.005652447925444844,0.06561566204033384,0.0
15858,1.0,0.05,0.00013387723340956405,0.0,0.006152267874331989,0.024778127492830884,0.0
15859,1.0,0.05,0.00013387723340956405,0.0,0.006152267874331989,0.024317853146089318,0.0
15860,1.0,0.05,0.00014161028735404677,0.0,0.006152267874331989,0.06524790144216996,0.0
15861,1.0,0.05,0.00014161028735404677,0.0,0.006152267874331989,0.06524790144216996,0.0
15862,1.0,0.05,0.00012594823771177403,0.0,0.006152267874331989,0.06524790144216996,0.0
15863,1.0,0.05,0.00012594823771177403,0.0,0.006840064493144793,0.06524790144216996,0.0
15864,1.0,0.05,0.00012594823771177403,0.0,0.006522051444056113,0.0387050605199924,0.0
15865,1.0,0.05,0.00012594823771177403,0.0,0.006173943496524625,0.022470939183634294,0.0
15866,1.0,0.05,0.00013936737115772643,0.0,0.006173943496524625,0.11769945603409486,0.0
15867,1.0,0.05,0.00013936737115772643,0.0,0.006173943496524625,0.11769945603409486,0.0
15868,1.0,0.05,0.00013936737115772643,0.0,0.006488253163235825,0.11769945603409486,0.0
15869,1.0,0.05,0.00013936737115772643,0.0,0.0060205789455329865,0.060647530604448385,0.0
15870,1.0,0.05,0.00013936737115772643,0.0,0.006440314108734022,0.060647530604448385,0.0
15871,1.0,0.05,0.00013258396901695926,0.0,0.006440314108734022,0.07018562739455311,0.0
15872,1.0,0.05,0.00013258396901695926,0.0,0.006440314108734022,0.07018562739455311,0.0
15873,1.0,0.05,0.00013258396901695926,0.0,0.005978153562430314,0.07018562739455311,0.0
15874,1.0,0.05,0.00013258396901695926,0.0,0.005978153562430314,0.07018562739455311,0.0
15875,1.0,0.05,0.00013258396901695926,0.0,0.005978153562430314,0.07018562739455311,0.0
15876,1.0,0.05,0.00013258396901695926,0.0,0.005978153562430314,0.07018562739455311,0.0
15877,1.0,0.05,0.00013258396901695926,0.0,0.0063000145432446295,0.07018562739455311,0.0
15878,1.0,0.05,0.00013258396901695926,0.0,0.0063000145432446295,0.07018562739455311,0.0
15879,1.0,0.05,0.00013258396901695926,0.0,0.0063000145432446295,0.07018562739455311,0.0
15880,1.0,0.05,0.00013258396901695926,0.0,0.0063000145432446295,0.07257035038087353,0.0
15881,1.0,0.05,0.00013258396901695926,0.0,0.0063000145432446295,0.07257035038087353,0.0
15882,1.0,0.05,0.00013258396901695926,0.0,0.0063000145432446295,0.07257035038087353,0.0
15883,1.0,0.05,0.00013027307813042854,0.0,0.0063000145432446295,0.07257035038087353,0.0
15884,1.0,0.05,0.0001369395024770316,0.0,0.0063000145432446295,0.07257035038087353,0.0
15885,1.0,0.05,0.0001369395024770316,0.0,0.0063000145432446295,0.07257035038087353,0.0
15886,1.0,0.05,0.0001369395024770316,0.0,0.0063000145432446295,0.07257035038087353,0.0
15887,1.0,0.05,0.0001369395024770316,0.0,0.0063000145432446295,0.07257035038087353,0.0
15888,1.0,0.05,0.0001369395024770316,0.0,0.0063000145432446295,0.07257035038087353,0.0
15889,1.0,0.05,0.0001369395024770316,0.0,0.0063000145432446295,0.09906254643436917,0.0
15890,1.0,0.05,0.0001369395024770316,0.0,0.0063000145432446295,0.07048597262863611,0.0
15891,1.0,0.05,0.00014027546744085692,0.0,0.0063000145432446295,0.061283951966343904,0.0
15892,1.0,0.05,0.00014027546744085692,0.0,0.0063000145432446295,0.061283951966343904,0.0
15893,1.0,0.05,0.00014027546744085692,0.0,0.0063000145432446295,0.061283951966343904,0.0
15894,1.0,0.05,0.00014027546744085692,0.0,0.0063000145432446295,0.0545340804455361,0.0
15895,1.0,0.05,0.00014027546744085692,0.0,0.0063000145432446295,0.0545340804455361,0.0
15896,1.0,0.05,0.00014027546744085692,0.0,0.0063000145432446295,0.012981637026197718,0.0
15897,1.0,0.05,0.00014027546744085692,0.0,0.005603099139888892,0.012981637026197718,0.0
15898,1.0,0.05,0.00014027546744085692,0.0,0.005603099139888892,0.021539672442306958,0.0
15899,1.0,0.05,0.00014027546744085692,0.0,0.005603099139888892,0.08114298223875693,0.0
15900,1.0,0.05,0.00014027546744085692,0.0,0.005603099139888892,0.08114298223875693,0.0
15901,1.0,0.05,0.00014027546744085692,0.0,0.005603099139888892,0.08114298223875693,0.0
15902,1.0,0.05,0.00014335578174962704,0.0,0.006253462628969322,0.08114298223875693,0.0
15903,1.0,0.05,0.00014335578174962704,0.0,0.006253462628969322,0.0628357016264795,0.0
15904,1.0,0.05,0.00014335578174962704,0.0,0.006253462628969322,0.0628357016264795,0.0
15905,1.0,0.05,0.0001337673200859957,0.0,0.006253462628969322,0.0628357016264795,0.0
15906,1.0,0.05,0.0001337673200859957,0.0,0.006253462628969322,0.05645092768588232,0.0
15907,1.0,0.05,0.00013703538246943447,0.0,0.006253462628969322,0.05645092768588232,0.0
15908,1.0,0.05,0.00013703538246943447,0.0,0.006116413934021599,0.07870197877484802,0.0
15909,1.0,0.05,0.00013703538246943447,0.0,0.005891167350109117,0.06896652080922348,0.0
15910,1.0,0.05,0.00013703538246943447,0.0,0.005813751175203795,0.06896652080922348,0.0
15911,1.0,0.05,0.00013703538246943447,0.0,0.005813751175203795,0.06896652080922348,0.0
15912,1.0,0.05,0.00013703538246943447,0.0,0.005813751175203795,0.06896652080922348,0.0
15913,1.0,0.05,0.00013703538246943447,0.0,0.005813751175203795,0.06896652080922348,0.0
15914,1.0,0.05,0.00013703538246943447,0.0,0.005813751175203795,0.06896652080922348,0.0
15915,1.0,0.05,0.00013703538246943447,0.0,0.005813751175203795,0.05373733586881569,0.0
15916,1.0,0.05,0.00013703538246943447,0.0,0.005813751175203795,0.0571599868549833,0.0
15917,1.0,0.05,0.00013703538246943447,0.0,0.005813751175203795,0.0571599868549833,0.0
15918,1.0,0.05,0.00013703538246943447,0.0,0.005813751175203795,0.0571599868549833,0.0
15919,1.0,0.05,0.00013703538246943447,0.0,0.005813751175203795,0.04975689974053982,0.0
15920,1.0,0.05,0.00013703538246943447,0.0,0.005813751175203795,0.04975689974053982,0.0
15921,1.0,0.05,0.00013703538246943447,0.0,0.005813751175203795,0.05714752493175333,0.0
15922,1.0,0.05,0.00013703538246943447,0.0,0.006078189299005744,0.04221270127156258,0.0
15923,1.0,0.05,0.00013703538246943447,0.0,0.006078189299005744,0.04221270127156258,0.0
15924,1.0,0.05,0.00013703538246943447,0.0,0.006078189299005744,0.04221270127156258,0.0
15925,1.0,0.05,0.00013703538246943447,0.0,0.006078189299005744,0.04221270127156258,0.0
15926,1.0,0.05,0.00013703538246943447,0.0,0.006078189299005744,0.04221270127156258,0.0
15927,1.0,0.05,0.00013703538246943447,0.0,0.006078189299005744,0.04221270127156258,0.0
15928,1.0,0.05,0.00013703538246943447,0.0,0.006078189299005744,0.04221270127156258,0.0
15929,1.0,0.05,0.00013703538246943447,0.0,0.006078189299005744,0.04221270127156258,0.0
15930,1.0,0.05,0.00013703538246943447,0.0,0.006078189299005744,0.03733393542089528,0.0
15931,1.0,0.05,0.00013703538246943447,0.0,0.005698884931137596,0.08713201373893861,0.0
15932,1.0,0.05,0.00013703538246943447,0.0,0.005698884931137596,0.08713201373893861,0.0
15933,1.0,0.05,0.00013703538246943447,0.0,0.005698884931137596,0.08713201373893861,0.0
15934,1.0,0.05,0.00013703538246943447,0.0,0.005698884931137596,0.03862260232259679,0.0
15935,1.0,0.05,0.00013703538246943447,0.0,0.005698884931137596,0.03862260232259679,0.0
15936,1.0,0.05,0.00013703538246943447,0.0,0.005471336096469319,0.03862260232259679,0.0
15937,1.0,0.05,0.00013994252860312153,0.0,0.005471336096469319,0.03862260232259679,0.0
15938,1.0,0.05,0.00013994252860312153,0.0,0.005831429728935452,0.08161441690383256,0.0
15939,1.0,0.05,0.00013994252860312153,0.0,0.006378223940842674,0.08161441690383256,0.0
15940,1.0,0.05,0.00014158096319711181,0.0,0.006378223940842674,0.08161441690383256,0.0
15941,1.0,0.05,0.00014158096319711181,0.0,0.006378223940842674,0.08161441690383256,0.0
15942,1.0,0.05,0.00014158096319711181,0.0,0.006378223940842674,0.08762204040562793,0.0
15943,1.0,0.05,0.00014158096319711181,0.0,0.006378223940842674,0.08762204040562793,0.0
15944,1.0,0.05,0.00014158096319711181,0.0,0.006378223940842674,0.08762204040562793,0.0
15945,1.0,0.05,0.00014158096319711181,0.0,0.006378223940842674,0.08762204040562793,0.0
15946,1.0,0.05,0.00014158096319711181,0.0,0.006378223940842674,0.08762204040562793,0.0
15947,1.0,0.05,0.00014158096319711181,0.0,0.006378223940842674,0.08762204040562793,0.0
15948,1.0,0.05,0.00014158096319711181,0.0,0.006378223940842674,0.08762204040562793,0.0
15949,1.0,0.05,0.00014158096319711181,0.0,0.006378223940842674,0.03347153912204032,0.0
15950,1.0,0.05,0.00014158096319711181,0.0,0.006378223940842674,0.06725505572036201,0.0
15951,1.0,0.05,0.00013601617513794745,0.0,0.006378223940842674,0.06725505572036201,0.0
15952,1.0,0.05,0.00013601617513794745,0.0,0.006378223940842674,0.06725505572036201,0.0
15953,1.0,0.05,0.00013601617513794745,0.0,0.006378223940842674,0.12250656845664507,0.0
15954,1.0,0.05,0.00013601617513794745,0.0,0.006378223940842674,0.059864928439788606,0.0
15955,1.0,0.05,0.00013601617513794745,0.0,0.006378223940842674,0.04131810861648115,0.0
15956,1.0,0.05,0.00013601617513794745,0.0,0.006378223940842674,0.04131810861648115,0.0
15957,1.0,0.05,0.00013601617513794745,0.0,0.006378223940842674,0.12530186972064583,0.0
15958,1.0,0.05,0.00013601617513794745,0.0,0.006378223940842674,0.12530186972064583,0.0
15959,1.0,0.05,0.00013601617513794745,0.0,0.006378223940842674,0.12530186972064583,0.0
15960,1.0,0.05,0.00013601617513794745,0.0,0.006378223940842674,0.06778928132811861,0.0
15961,1.0,0.05,0.00013601617513794745,0.0,0.006378223940842674,0.06778928132811861,0.0
15962,1.0,0.05,0.00013601617513794745,0.0,0.006378223940842674,0.04823839804231038,0.0
15963,1.0,0.05,0.00013601617513794745,0.0,0.006378223940842674,0.07708143023178242,0.0
15964,1.0,0.05,0.00013601617513794745,0.0,0.006378223940842674,0.07708143023178242,0.0
15965,1.0,0.05,0.00013601617513794745,0.0,0.006378223940842674,0.07708143023178242,0.0
15966,1.0,0.05,0.00013601617513794745,0.0,0.006378223940842674,0.03737594378036426,0.0
15967,1.0,0.05,0.00013601617513794745,0.0,0.00618048282832164,0.04090447217673916,0.0
15968,1.0,0.05,0.00013601617513794745,0.0,0.00618048282832164,0.03369390608744611,0.0
15969,1.0,0.05,0.00013601617513794745,0.0,0.00618048282832164,0.03355249657344479,0.0
15970,1.0,0.05,0.00013601617513794745,0.0,0.00618048282832164,0.03355249657344479,0.0
15971,1.0,0.05,0.00013601617513794745,0.0,0.00618048282832164,0.0345080043664471,0.0
15972,1.0,0.05,0.00013601617513794745,0.0,0.00618048282832164,0.0345080043664471,0.0
15973,1.0,0.05,0.00013601617513794745,0.0,0.00618048282832164,0.024808013074261014,0.0
15974,1.0,0.05,0.00013601617513794745,0.0,0.00618048282832164,0.024589020707632487,0.0
15975,1.0,0.05,0.00013601617513794745,0.0,0.00618048282832164,0.01305308353724775,0.0
15976,1.0,0.05,0.00013601617513794745,0.0,0.00618048282832164,0.012635499933887469,0.0
15977,1.0,0.05,0.00013601617513794745,0.0,0.00618048282832164,0.012635499933887469,0.0
15978,1.0,0.05,0.00013601617513794745,0.0,0.00618048282832164,0.012635499933887469,0.0
15979,1.0,0.05,0.00013601617513794745,0.0,0.00618048282832164,0.024032089877941924,0.0
15980,1.0,0.05,0.00013601617513794745,0.0,0.00618048282832164,0.009781526819655129,0.0
15981,1.0,0.05,0.00013601617513794745,0.0,0.00618048282832164,0.016972540045847726,0.0
15982,1.0,0.05,0.00013601617513794745,0.0,0.00618048282832164,0.0479689315138052,0.0
15983,1.0,0.05,0.00013601617513794745,0.0,0.00618048282832164,0.036715335229479736,0.0
15984,1.0,0.05,0.00013601617513794745,0.0,0.00618048282832164,0.09217087867214689,0.0
15985,1.0,0.05,0.00013601617513794745,0.0,0.00618048282832164,0.11075494168801582,0.0
15986,1.0,0.05,0.00013601617513794745,0.0,0.00608598521583195,0.07534065043856136,0.0
15987,1.0,0.05,0.00013601617513794745,0.0,0.00608598521583195,0.07534065043856136,0.0
15988,1.0,0.05,0.00013601617513794745,0.0,0.00608598521583195,0.08653658675485987,0.0
15989,1.0,0.05,0.00013601617513794745,0.0,0.00608598521583195,0.02783343011346962,0.0
15990,1.0,0.05,0.00013601617513794745,0.0,0.00608598521583195,0.032708178929141504,0.0
15991,1.0,0.05,0.00013601617513794745,0.0,0.00608598521583195,0.032708178929141504,0.0
15992,1.0,0.05,0.00013601617513794745,0.0,0.00608598521583195,0.032708178929141504,0.0
15993,1.0,0.05,0.00013601617513794745,0.0,0.00608598521583195,0.020628489571512768,0.0
15994,1.0,0.05,0.00013757218551808882,0.0,0.00608598521583195,0.01727273679571044,0.0
15995,1.0,0.05,0.00013757218551808882,0.0,0.00608598521583195,0.01801700638902465,0.0
15996,1.0,0.05,0.00013757218551808882,0.0,0.00608598521583195,0.04379428403072781,0.0
15997,1.0,0.05,0.00013757218551808882,0.0,0.005754897840424726,0.04379428403072781,0.0
15998,1.0,0.05,0.00013757218551808882,0.0,0.005754897840424726,0.08228659065454513,0.0
15999,1.0,0.05,0.00013757218551808882,0.0,0.005754897840424726,0.08228659065454513,0.0
16000,1.0,0.05,0.00013757218551808882,0.0,0.005454853738281582,0.04298230288181347,0.0
16001,1.0,0.05,0.00013757218551808882,0.0,0.005454853738281582,0.027731692521495325,0.0
16002,1.0,0.05,0.00013757218551808882,0.0,0.005454853738281582,0.05942193803320464,0.0
16003,1.0,0.05,0.00012591960569941608,0.0,0.006779053806938116,0.05942193803320464,0.0
16004,1.0,0.05,0.00012591960569941608,0.0,0.008391446655086633,0.05942193803320464,0.0
16005,1.0,0.05,0.00012591960569941608,0.0,0.007106575269454621,0.05942193803320464,0.0
16006,1.0,0.05,0.00012591960569941608,0.0,0.007106575269454621,0.09652126440933086,0.0
16007,1.0,0.05,0.00012591960569941608,0.0,0.007106575269454621,0.09652126440933086,0.0
16008,1.0,0.05,0.00012572437717154364,0.0,0.007106575269454621,0.09652126440933086,0.0
16009,1.0,0.05,0.00012572437717154364,0.0,0.007106575269454621,0.09652126440933086,0.0
16010,1.0,0.05,0.00012572437717154364,0.0,0.006657262217594115,0.09652126440933086,0.0
16011,1.0,0.05,0.00012572437717154364,0.0,0.006657262217594115,0.11744491963933495,0.0
16012,1.0,0.05,0.00012572437717154364,0.0,0.006657262217594115,0.11744491963933495,0.0
16013,1.0,0.05,0.00012572437717154364,0.0,0.006657262217594115,0.11744491963933495,0.0
16014,1.0,0.05,0.00012572437717154364,0.0,0.006657262217594115,0.11744491963933495,0.0
16015,1.0,0.05,0.00012572437717154364,0.0,0.006657262217594115,0.11744491963933495,0.0
16016,1.0,0.05,0.00012572437717154364,0.0,0.006813459016437565,0.06882157840118085,0.0
16017,1.0,0.05,0.00012572437717154364,0.0,0.006336677785073833,0.06882157840118085,0.0
16018,1.0,0.05,0.00012572437717154364,0.0,0.006336677785073833,0.06882157840118085,0.0
16019,1.0,0.05,0.00012572437717154364,0.0,0.007525636794947178,0.06882157840118085,0.0
16020,1.0,0.05,0.00012572437717154364,0.0,0.007525636794947178,0.07121286290502905,0.0
16021,1.0,0.05,0.00012572437717154364,0.0,0.006191980845674537,0.08962510733133525,0.0
16022,1.0,0.05,0.00012572437717154364,0.0,0.006191980845674537,0.08962510733133525,0.0
16023,1.0,0.05,0.00012572437717154364,0.0,0.006465121288977153,0.10429693073780316,0.0
16024,1.0,0.05,0.00012572437717154364,0.0,0.006465121288977153,0.10429693073780316,0.0
16025,1.0,0.05,0.00012572437717154364,0.0,0.006465121288977153,0.10429693073780316,0.0
16026,1.0,0.05,0.00012572437717154364,0.0,0.006465121288977153,0.10429693073780316,0.0
16027,1.0,0.05,0.00012572437717154364,0.0,0.006465121288977153,0.10429693073780316,0.0
16028,1.0,0.05,0.00012572437717154364,0.0,0.006465121288977153,0.10429693073780316,0.0
16029,1.0,0.05,0.00012572437717154364,0.0,0.006465121288977153,0.10429693073780316,0.0
16030,1.0,0.05,0.00012757061821994252,0.0,0.006465121288977153,0.10429693073780316,0.0
16031,1.0,0.05,0.00012757061821994252,0.0,0.006658424259355965,0.10429693073780316,0.0
16032,1.0,0.05,0.00012757061821994252,0.0,0.006348876823462194,0.10429693073780316,0.0
16033,1.0,0.05,0.00012757061821994252,0.0,0.006348876823462194,0.1394563283948433,0.0
16034,1.0,0.05,0.00012757061821994252,0.0,0.006348876823462194,0.047845914852692774,0.0
16035,1.0,0.05,0.00012757061821994252,0.0,0.006348876823462194,0.059408492538039884,0.0
16036,1.0,0.05,0.0001354817067366876,0.0,0.006348876823462194,0.059408492538039884,0.0
16037,1.0,0.05,0.0001354817067366876,0.0,0.006348876823462194,0.06826253290806593,0.0
16038,1.0,0.05,0.0001354817067366876,0.0,0.006348876823462194,0.08180548774265292,0.0
16039,1.0,0.05,0.0001354817067366876,0.0,0.006348876823462194,0.08180548774265292,0.0
16040,1.0,0.05,0.0001354817067366876,0.0,0.006348876823462194,0.03997747779050276,0.0
16041,1.0,0.05,0.00013162490481713444,0.0,0.006348876823462194,0.10014907843108199,0.0
16042,1.0,0.05,0.00013162490481713444,0.0,0.006348876823462194,0.10014907843108199,0.0
16043,1.0,0.05,0.00013162490481713444,0.0,0.006348876823462194,0.10014907843108199,0.0
16044,1.0,0.05,0.0001296352450984368,0.0,0.006348876823462194,0.08680020772791815,0.0
16045,1.0,0.05,0.0001296352450984368,0.0,0.006348876823462194,0.08680020772791815,0.0
16046,1.0,0.05,0.0001296352450984368,0.0,0.006348876823462194,0.04981173568948287,0.0
16047,1.0,0.05,0.0001296352450984368,0.0,0.006348876823462194,0.06281883104833752,0.0
16048,1.0,0.05,0.0001296352450984368,0.0,0.006348876823462194,0.13009147859373146,0.0
16049,1.0,0.05,0.0001357896857673989,0.0,0.006348876823462194,0.13009147859373146,0.0
16050,1.0,0.05,0.0001357896857673989,0.0,0.006348876823462194,0.07044398211832381,0.0
16051,1.0,0.05,0.0001357896857673989,0.0,0.006215626260996736,0.07044398211832381,0.0
16052,1.0,0.05,0.0001357896857673989,0.0,0.006215626260996736,0.07044398211832381,0.0
16053,1.0,0.05,0.0001357896857673989,0.0,0.006215626260996736,0.07044398211832381,0.0
16054,1.0,0.05,0.0001357896857673989,0.0,0.006215626260996736,0.07044398211832381,0.0
16055,1.0,0.05,0.00013286777163598682,0.0,0.006215626260996736,0.0525819771569538,0.0
16056,1.0,0.05,0.00013286777163598682,0.0,0.0069331713532131,0.0525819771569538,0.0
16057,1.0,0.05,0.00013286777163598682,0.0,0.0069331713532131,0.0525819771569538,0.0
16058,1.0,0.05,0.00013286777163598682,0.0,0.0069331713532131,0.0525819771569538,0.0
16059,1.0,0.05,0.00013286777163598682,0.0,0.0069331713532131,0.03568242946541572,0.0
16060,1.0,0.05,0.00013286777163598682,0.0,0.0069331713532131,0.0735264122129233,0.0
16061,1.0,0.05,0.00013286777163598682,0.0,0.0069331713532131,0.06581393244188884,0.0
16062,1.0,0.05,0.00013286777163598682,0.0,0.0069331713532131,0.06581393244188884,0.0
16063,1.0,0.05,0.00013286777163598682,0.0,0.0069331713532131,0.06581393244188884,0.0
16064,1.0,0.05,0.00013286777163598682,0.0,0.00585730685085596,0.06581393244188884,0.0
16065,1.0,0.05,0.00013286777163598682,0.0,0.00585730685085596,0.06581393244188884,0.0
16066,1.0,0.05,0.00013286777163598682,0.0,0.005095734017673753,0.08966654600378139,0.0
16067,1.0,0.05,0.00013286777163598682,0.0,0.005095734017673753,0.07170436319422045,0.0
16068,1.0,0.05,0.00013286777163598682,0.0,0.005095734017673753,0.07170436319422045,0.0
16069,1.0,0.05,0.00013732134285896603,0.0,0.005077055283341029,0.0753457695882889,0.0
16070,1.0,0.05,0.00013732134285896603,0.0,0.005936062217342523,0.038951376352849565,0.0
16071,1.0,0.05,0.00013732134285896603,0.0,0.005936062217342523,0.050913122911655236,0.0
16072,1.0,0.05,0.00013732134285896603,0.0,0.005936062217342523,0.050913122911655236,0.0
16073,1.0,0.05,0.0001352072244262042,0.0,0.005936062217342523,0.06664257191381519,0.0
16074,1.0,0.05,0.0001352072244262042,0.0,0.005936062217342523,0.044317707405865686,0.0
16075,1.0,0.05,0.0001306839484606363,0.0,0.005936062217342523,0.0709018093372814,0.0
16076,1.0,0.05,0.0001306839484606363,0.0,0.005936062217342523,0.0709018093372814,0.0
16077,1.0,0.05,0.0001306839484606363,0.0,0.005936062217342523,0.07925939725791968,0.0
16078,1.0,0.05,0.0001306839484606363,0.0,0.005936062217342523,0.11122894061742364,0.0
16079,1.0,0.05,0.0001306839484606363,0.0,0.005936062217342523,0.030170305442531825,0.0
16080,1.0,0.05,0.0001306839484606363,0.0,0.005936062217342523,0.01313870112194037,0.0
16081,1.0,0.05,0.0001306839484606363,0.0,0.005936062217342523,0.01313870112194037,0.0
16082,1.0,0.05,0.0001306839484606363,0.0,0.006217210674094766,0.07112767119304719,0.0
16083,1.0,0.05,0.00013255738320207345,0.0,0.006217210674094766,0.0794474732222602,0.0
16084,1.0,0.05,0.00013255738320207345,0.0,0.005521851423939698,0.0794474732222602,0.0
16085,1.0,0.05,0.00013255738320207345,0.0,0.005521851423939698,0.08352156056665588,0.0
16086,1.0,0.05,0.00013836456214848928,0.0,0.005521851423939698,0.08352156056665588,0.0
16087,1.0,0.05,0.00013836456214848928,0.0,0.005521851423939698,0.05507461820771864,0.0
16088,1.0,0.05,0.00013836456214848928,0.0,0.005521851423939698,0.05507461820771864,0.0
16089,1.0,0.05,0.00013836456214848928,0.0,0.005521851423939698,0.050101197338926935,0.0
16090,1.0,0.05,0.00013836456214848928,0.0,0.005521851423939698,0.050101197338926935,0.0
16091,1.0,0.05,0.00013836456214848928,0.0,0.005521851423939698,0.049408605433865424,0.0
16092,1.0,0.05,0.00013836456214848928,0.0,0.005521851423939698,0.049408605433865424,0.0
16093,1.0,0.05,0.00012923611601575873,0.0,0.005634127630877745,0.049408605433865424,0.0
16094,1.0,0.05,0.00012923611601575873,0.0,0.005634127630877745,0.029744603172504287,0.0
16095,1.0,0.05,0.00012923611601575873,0.0,0.005634127630877745,0.05971960467055405,0.0
16096,1.0,0.05,0.00012923611601575873,0.0,0.005634127630877745,0.04645211877769442,0.0
16097,1.0,0.05,0.00012923611601575873,0.0,0.006581117011560855,0.04645211877769442,0.0
16098,1.0,0.05,0.00012923611601575873,0.0,0.006581117011560855,0.04645211877769442,0.0
16099,1.0,0.05,0.00012923611601575873,0.0,0.007484138143071109,0.17627629493941063,0.0
16100,1.0,0.05,0.00012923611601575873,0.0,0.007484138143071109,0.17627629493941063,0.0
16101,1.0,0.05,0.00012923611601575873,0.0,0.007484138143071109,0.09734411067698746,0.0
16102,1.0,0.05,0.00012923611601575873,0.0,0.007484138143071109,0.055922799756580835,0.0
16103,1.0,0.05,0.00012923611601575873,0.0,0.005371891084034635,0.055922799756580835,0.0
16104,1.0,0.05,0.00012923611601575873,0.0,0.00629593446940357,0.055922799756580835,0.0
16105,1.0,0.05,0.00013653003636815338,0.0,0.00629593446940357,0.05351010658247264,0.0
16106,1.0,0.05,0.00013653003636815338,0.0,0.0058499596743321605,0.013530989526492957,0.0
16107,1.0,0.05,0.00013653003636815338,0.0,0.0058499596743321605,0.013530989526492957,0.0
16108,1.0,0.05,0.00013653003636815338,0.0,0.0058499596743321605,0.013530989526492957,0.0
16109,1.0,0.05,0.00013653003636815338,0.0,0.0058499596743321605,0.03046250259419391,0.0
16110,1.0,0.05,0.00013653003636815338,0.0,0.0058499596743321605,0.03046250259419391,0.0
16111,1.0,0.05,0.00013653003636815338,0.0,0.0058499596743321605,0.009815435321996944,0.0
16112,1.0,0.05,0.00013653003636815338,0.0,0.005666718382081913,0.010899221612036238,0.0
16113,1.0,0.05,0.00013677641255114512,0.0,0.005666718382081913,0.037563036771178775,0.0
16114,1.0,0.05,0.00013677641255114512,0.0,0.005666718382081913,0.04963466683847357,0.0
16115,1.0,0.05,0.00013677641255114512,0.0,0.0059694386573272825,0.050685133652134104,0.0
16116,1.0,0.05,0.00013677641255114512,0.0,0.0059694386573272825,0.050685133652134104,0.0
16117,1.0,0.05,0.00013677641255114512,0.0,0.0059694386573272825,0.050685133652134104,0.0
16118,1.0,0.05,0.00013677641255114512,0.0,0.0059694386573272825,0.05700220357049986,0.0
16119,1.0,0.05,0.00013677641255114512,0.0,0.0059694386573272825,0.05700220357049986,0.0
16120,1.0,0.05,0.00013677641255114512,0.0,0.0059694386573272825,0.05700220357049986,0.0
16121,1.0,0.05,0.00013736872155228961,0.0,0.0059694386573272825,0.05700220357049986,0.0
16122,1.0,0.05,0.00013736872155228961,0.0,0.0059694386573272825,0.06075064638001831,0.0
16123,1.0,0.05,0.00013736872155228961,0.0,0.006059367485082377,0.06075064638001831,0.0
16124,1.0,0.05,0.00013736872155228961,0.0,0.00571487936994824,0.06075064638001831,0.0
16125,1.0,0.05,0.00013736872155228961,0.0,0.00571487936994824,0.04661756070602415,0.0
16126,1.0,0.05,0.00013736872155228961,0.0,0.00571487936994824,0.09461514543218684,0.0
16127,1.0,0.05,0.00013736872155228961,0.0,0.00571487936994824,0.09461514543218684,0.0
16128,1.0,0.05,0.00013736872155228961,0.0,0.00571487936994824,0.09461514543218684,0.0
16129,1.0,0.05,0.00013736872155228961,0.0,0.00592357820552182,0.054149392856030286,0.0
16130,1.0,0.05,0.00013736872155228961,0.0,0.00592357820552182,0.054149392856030286,0.0
16131,1.0,0.05,0.00013736872155228961,0.0,0.00592357820552182,0.054149392856030286,0.0
16132,1.0,0.05,0.00013736872155228961,0.0,0.00592357820552182,0.0429348944333633,0.0
16133,1.0,0.05,0.00013851251615352956,0.0,0.00592357820552182,0.07746827983045654,0.0
16134,1.0,0.05,0.00013268123155241523,0.0,0.00592357820552182,0.07746827983045654,0.0
16135,1.0,0.05,0.00013268123155241523,0.0,0.00592357820552182,0.07746827983045654,0.0
16136,1.0,0.05,0.00013268123155241523,0.0,0.00592357820552182,0.07746827983045654,0.0
16137,1.0,0.05,0.00013268123155241523,0.0,0.00592357820552182,0.06256253212028721,0.0
16138,1.0,0.05,0.00013268123155241523,0.0,0.00592357820552182,0.06256253212028721,0.0
16139,1.0,0.05,0.00013268123155241523,0.0,0.00592357820552182,0.06256253212028721,0.0
16140,1.0,0.05,0.00013268123155241523,0.0,0.00592357820552182,0.06256253212028721,0.0
16141,1.0,0.05,0.00013268123155241523,0.0,0.00592357820552182,0.12234020174751867,0.0
16142,1.0,0.05,0.00013268123155241523,0.0,0.00592357820552182,0.12234020174751867,0.0
16143,1.0,0.05,0.00013268123155241523,0.0,0.00592357820552182,0.12234020174751867,0.0
16144,1.0,0.05,0.00013268123155241523,0.0,0.006206888957090785,0.12234020174751867,0.0
16145,1.0,0.05,0.00013268123155241523,0.0,0.006206888957090785,0.12234020174751867,0.0
16146,1.0,0.05,0.00013268123155241523,0.0,0.005399004198407832,0.05529292898575942,0.0
16147,1.0,0.05,0.00013268123155241523,0.0,0.005427177032189686,0.11492729324184803,0.0
16148,1.0,0.05,0.00013268123155241523,0.0,0.005427177032189686,0.09575523068306646,0.0
16149,1.0,0.05,0.00013268123155241523,0.0,0.005427177032189686,0.09575523068306646,0.0
16150,1.0,0.05,0.00012815328089311169,0.0,0.005427177032189686,0.10418207304379827,0.0
16151,1.0,0.05,0.00012815328089311169,0.0,0.005427177032189686,0.06815775900722557,0.0
16152,1.0,0.05,0.00012815328089311169,0.0,0.006139587255980898,0.06815775900722557,0.0
16153,1.0,0.05,0.00012815328089311169,0.0,0.006139587255980898,0.06815775900722557,0.0
16154,1.0,0.05,0.00012815328089311169,0.0,0.006139587255980898,0.06815775900722557,0.0
16155,1.0,0.05,0.00012815328089311169,0.0,0.006139587255980898,0.06815775900722557,0.0
16156,1.0,0.05,0.00012815328089311169,0.0,0.006610432678956533,0.06815775900722557,0.0
16157,1.0,0.05,0.00012815328089311169,0.0,0.006610432678956533,0.05831003288033204,0.0
16158,1.0,0.05,0.00012815328089311169,0.0,0.006610432678956533,0.11072255273269284,0.0
16159,1.0,0.05,0.00012815328089311169,0.0,0.006610432678956533,0.067190819796175,0.0
16160,1.0,0.05,0.00012815328089311169,0.0,0.006610432678956533,0.12058446096835962,0.0
16161,1.0,0.05,0.00012815328089311169,0.0,0.0063113134201346465,0.12058446096835962,0.0
16162,1.0,0.05,0.00012815328089311169,0.0,0.0062276019915244105,0.12058446096835962,0.0
16163,1.0,0.05,0.00012815328089311169,0.0,0.0062276019915244105,0.12058446096835962,0.0
16164,1.0,0.05,0.00012815328089311169,0.0,0.007625115329020357,0.07659091167412825,0.0
16165,1.0,0.05,0.000127321815187807,0.0,0.007625115329020357,0.0607663018533138,0.0
16166,1.0,0.05,0.00012343478929889803,0.0,0.007625115329020357,0.0607663018533138,0.0
16167,1.0,0.05,0.00012343478929889803,0.0,0.007625115329020357,0.0607663018533138,0.0
16168,1.0,0.05,0.00012343478929889803,0.0,0.007625115329020357,0.021523465072743136,0.0
16169,1.0,0.05,0.00012505982154584506,0.0,0.00878793338861706,0.021523465072743136,0.0
16170,1.0,0.05,0.00012505982154584506,0.0,0.00878793338861706,0.09621947604991898,0.0
16171,1.0,0.05,0.00012505982154584506,0.0,0.008918135707940226,0.09621947604991898,0.0
16172,1.0,0.05,0.00012505982154584506,0.0,0.006415726239872415,0.09621947604991898,0.0
16173,1.0,0.05,0.00012505982154584506,0.0,0.006415726239872415,0.09621947604991898,0.0
16174,1.0,0.05,0.00012505982154584506,0.0,0.006415726239872415,0.09621947604991898,0.0
16175,1.0,0.05,0.0001249155746509974,0.0,0.006415726239872415,0.09621947604991898,0.0
16176,1.0,0.05,0.00012181679986474014,0.0,0.006415726239872415,0.09621947604991898,0.0
16177,1.0,0.05,0.00012181679986474014,0.0,0.006415726239872415,0.06470609872034774,0.0
16178,1.0,0.05,0.00012181679986474014,0.0,0.006415726239872415,0.06470609872034774,0.0
16179,1.0,0.05,0.00012181679986474014,0.0,0.006415726239872415,0.06470609872034774,0.0
16180,1.0,0.05,0.00012181679986474014,0.0,0.006415726239872415,0.06470609872034774,0.0
16181,1.0,0.05,0.00012181679986474014,0.0,0.006415726239872415,0.12825428746596856,0.0
16182,1.0,0.05,0.00012181679986474014,0.0,0.006415726239872415,0.12825428746596856,0.0
16183,1.0,0.05,0.0001254254345249154,0.0,0.006415726239872415,0.0435355154777015,0.0
16184,1.0,0.05,0.0001423355419941408,0.0,0.006415726239872415,0.02977787094778138,0.0
16185,1.0,0.05,0.0001423355419941408,0.0,0.006415726239872415,0.02977787094778138,0.0
16186,1.0,0.05,0.0001423355419941408,0.0,0.006415726239872415,0.02977787094778138,0.0
16187,1.0,0.05,0.0001423355419941408,0.0,0.006415726239872415,0.02977787094778138,0.0
16188,1.0,0.05,0.00014663784636285976,0.0,0.006415726239872415,0.02692699170773285,0.0
16189,1.0,0.05,0.00013331645108346024,0.0,0.006415726239872415,0.02692699170773285,0.0
16190,1.0,0.05,0.00013331645108346024,0.0,0.006415726239872415,0.022643027081402554,0.0
16191,1.0,0.05,0.00013331645108346024,0.0,0.006415726239872415,0.01968162428956578,0.0
16192,1.0,0.05,0.00013331645108346024,0.0,0.006415726239872415,0.09963340589010619,0.0
16193,1.0,0.05,0.00013331645108346024,0.0,0.006415726239872415,0.09963340589010619,0.0
16194,1.0,0.05,0.00013331645108346024,0.0,0.006415726239872415,0.09963340589010619,0.0
16195,1.0,0.05,0.00013331645108346024,0.0,0.006415726239872415,0.09963340589010619,0.0
16196,1.0,0.05,0.00013331645108346024,0.0,0.006415726239872415,0.09296149158864274,0.0
16197,1.0,0.05,0.00013331645108346024,0.0,0.006415726239872415,0.11718787069327731,0.0
16198,1.0,0.05,0.00013331645108346024,0.0,0.006415726239872415,0.11718787069327731,0.0
16199,1.0,0.05,0.00013331645108346024,0.0,0.006415726239872415,0.0741180065463273,0.0
16200,1.0,0.05,0.00013331645108346024,0.0,0.006415726239872415,0.09624657584713592,0.0
16201,1.0,0.05,0.00013331645108346024,0.0,0.006415726239872415,0.09624657584713592,0.0
16202,1.0,0.05,0.00013331645108346024,0.0,0.006415726239872415,0.09624657584713592,0.0
16203,1.0,0.05,0.00013331645108346024,0.0,0.005816831235416381,0.08003916126693691,0.0
16204,1.0,0.05,0.00013331645108346024,0.0,0.005816831235416381,0.08003916126693691,0.0
16205,1.0,0.05,0.00013331645108346024,0.0,0.007249887537553447,0.08003916126693691,0.0
16206,1.0,0.05,0.00013331645108346024,0.0,0.007249887537553447,0.08003916126693691,0.0
16207,1.0,0.05,0.00013331645108346024,0.0,0.007249887537553447,0.08003916126693691,0.0
16208,1.0,0.05,0.00013331645108346024,0.0,0.007249887537553447,0.08003916126693691,0.0
16209,1.0,0.05,0.00013331645108346024,0.0,0.007249887537553447,0.08003916126693691,0.0
16210,1.0,0.05,0.00013331645108346024,0.0,0.006548565206363958,0.08003916126693691,0.0
16211,1.0,0.05,0.00013331645108346024,0.0,0.006548565206363958,0.08003916126693691,0.0
16212,1.0,0.05,0.00013331645108346024,0.0,0.006548565206363958,0.08003916126693691,0.0
16213,1.0,0.05,0.00013528424317924787,0.0,0.006543681578484405,0.08003916126693691,0.0
16214,1.0,0.05,0.00013528424317924787,0.0,0.006407867595522855,0.08003916126693691,0.0
16215,1.0,0.05,0.00013966237179271232,0.0,0.006407867595522855,0.08003916126693691,0.0
16216,1.0,0.05,0.00013966237179271232,0.0,0.006131562084625869,0.08003916126693691,0.0
16217,1.0,0.05,0.00013966237179271232,0.0,0.006131562084625869,0.06695458553701454,0.0
16218,1.0,0.05,0.00013966237179271232,0.0,0.006131562084625869,0.08550287608055776,0.0
16219,1.0,0.05,0.00013966237179271232,0.0,0.006131562084625869,0.09717280639420087,0.0
16220,1.0,0.05,0.00013966237179271232,0.0,0.00625049258427889,0.10241171984441905,0.0
16221,1.0,0.05,0.00013966237179271232,0.0,0.00625049258427889,0.10241171984441905,0.0
16222,1.0,0.05,0.00013966237179271232,0.0,0.005556046933681879,0.021370444325373952,0.0
16223,1.0,0.05,0.00013966237179271232,0.0,0.005556046933681879,0.021370444325373952,0.0
16224,1.0,0.05,0.00013966237179271232,0.0,0.005429902061034782,0.0903125297294558,0.0
16225,1.0,0.05,0.00013966237179271232,0.0,0.005737958742077444,0.0903125297294558,0.0
16226,1.0,0.05,0.00013966237179271232,0.0,0.005737958742077444,0.0903125297294558,0.0
16227,1.0,0.05,0.00013966237179271232,0.0,0.005737958742077444,0.0903125297294558,0.0
16228,1.0,0.05,0.00013966237179271232,0.0,0.005737958742077444,0.0903125297294558,0.0
16229,1.0,0.05,0.00013966237179271232,0.0,0.006454966554752384,0.12835295340811448,0.0
16230,1.0,0.05,0.00013966237179271232,0.0,0.006454966554752384,0.06969911381761382,0.0
16231,1.0,0.05,0.00013966237179271232,0.0,0.006454966554752384,0.06969911381761382,0.0
16232,1.0,0.05,0.00013966237179271232,0.0,0.006353486751275943,0.052910050327922925,0.0
16233,1.0,0.05,0.00013966237179271232,0.0,0.006353486751275943,0.052910050327922925,0.0
16234,1.0,0.05,0.00013966237179271232,0.0,0.006353486751275943,0.0628112198644958,0.0
16235,1.0,0.05,0.00013966237179271232,0.0,0.006353486751275943,0.0628112198644958,0.0
16236,1.0,0.05,0.00013966237179271232,0.0,0.006353486751275943,0.0628112198644958,0.0
16237,1.0,0.05,0.00013966237179271232,0.0,0.006353486751275943,0.0628112198644958,0.0
16238,1.0,0.05,0.0001401448165764187,0.0,0.006353486751275943,0.03512731059223724,0.0
16239,1.0,0.05,0.0001401448165764187,0.0,0.00570143595655994,0.03864908339430037,0.0
16240,1.0,0.05,0.0001401448165764187,0.0,0.00570143595655994,0.03864908339430037,0.0
16241,1.0,0.05,0.0001401448165764187,0.0,0.00570143595655994,0.03864908339430037,0.0
16242,1.0,0.05,0.0001401448165764187,0.0,0.00570143595655994,0.024964086087512632,0.0
16243,1.0,0.05,0.0001401448165764187,0.0,0.006042807936411483,0.025043170771769367,0.0
16244,1.0,0.05,0.0001401448165764187,0.0,0.006042807936411483,0.025043170771769367,0.0
16245,1.0,0.05,0.0001401448165764187,0.0,0.006042807936411483,0.016671450505612914,0.0
16246,1.0,0.05,0.0001401448165764187,0.0,0.006042807936411483,0.023843815398657695,0.0
16247,1.0,0.05,0.0001401448165764187,0.0,0.006042807936411483,0.023843815398657695,0.0
16248,1.0,0.05,0.0001401448165764187,0.0,0.006042807936411483,0.029111128414567988,0.0
16249,1.0,0.05,0.00013024041529967928,0.0,0.006042807936411483,0.029111128414567988,0.0
16250,1.0,0.05,0.00013024041529967928,0.0,0.006042807936411483,0.0376450739825827,0.0
16251,1.0,0.05,0.00013024041529967928,0.0,0.006042807936411483,0.04014428998498239,0.0
16252,1.0,0.05,0.00013024041529967928,0.0,0.006042807936411483,0.027054854105982525,0.0
16253,1.0,0.05,0.00013024041529967928,0.0,0.006042807936411483,0.008949138586688842,0.0
16254,1.0,0.05,0.00013024041529967928,0.0,0.006042807936411483,0.021325915435641395,0.0
16255,1.0,0.05,0.00013024041529967928,0.0,0.006042807936411483,0.03279014706391027,0.0
16256,1.0,0.05,0.00013024041529967928,0.0,0.006042807936411483,0.009620021860868999,0.0
16257,1.0,0.05,0.00013024041529967928,0.0,0.005915693951620437,0.01609096965285537,0.0
16258,1.0,0.05,0.00013667330418182846,0.0,0.005915693951620437,0.013586541099689532,0.0
16259,1.0,0.05,0.00013667330418182846,0.0,0.005915693951620437,0.03550904307917194,0.0
16260,1.0,0.05,0.00012996795483760515,0.0,0.005915693951620437,0.022254102187400142,0.0
16261,1.0,0.05,0.0001237027720029359,0.0,0.0057459832084053,0.03550414174693807,0.0
16262,1.0,0.05,0.0001237027720029359,0.0,0.006349833528650413,0.03550414174693807,0.0
16263,1.0,0.05,0.0001237027720029359,0.0,0.006349833528650413,0.03550414174693807,0.0
16264,1.0,0.05,0.0001237027720029359,0.0,0.008194697226621693,0.03550414174693807,0.0
16265,1.0,0.05,0.0001237027720029359,0.0,0.008194697226621693,0.1525570953285096,0.0
16266,1.0,0.05,0.0001237027720029359,0.0,0.008194697226621693,0.06356583444314123,0.0
16267,1.0,0.05,0.0001237027720029359,0.0,0.008862704229721657,0.058167954380449124,0.0
16268,1.0,0.05,0.0001237027720029359,0.0,0.008862704229721657,0.06337500260439512,0.0
16269,1.0,0.05,0.0001237027720029359,0.0,0.005219304701993206,0.06337500260439512,0.0
16270,1.0,0.05,0.0001237027720029359,0.0,0.007102164097267386,0.06337500260439512,0.0
16271,1.0,0.05,0.0001237027720029359,0.0,0.007102164097267386,0.038095042009576426,0.0
16272,1.0,0.05,0.0001237027720029359,0.0,0.007102164097267386,0.038095042009576426,0.0
16273,1.0,0.05,0.0001237027720029359,0.0,0.007102164097267386,0.05985576724684201,0.0
16274,1.0,0.05,0.0001237027720029359,0.0,0.007102164097267386,0.058845011769953284,0.0
16275,1.0,0.05,0.0001237027720029359,0.0,0.007102164097267386,0.058845011769953284,0.0
16276,1.0,0.05,0.00012402196323911028,0.0,0.007102164097267386,0.058845011769953284,0.0
16277,1.0,0.05,0.00012402196323911028,0.0,0.007102164097267386,0.08853947610173826,0.0
16278,1.0,0.05,0.00012402196323911028,0.0,0.007102164097267386,0.08853947610173826,0.0
16279,1.0,0.05,0.00012402196323911028,0.0,0.007102164097267386,0.08853947610173826,0.0
16280,1.0,0.05,0.00012402196323911028,0.0,0.007102164097267386,0.08853947610173826,0.0
16281,1.0,0.05,0.00012372141527430957,0.0,0.007102164097267386,0.07434390869779478,0.0
16282,1.0,0.05,0.0001303182060739075,0.0,0.007102164097267386,0.07434390869779478,0.0
16283,1.0,0.05,0.0001303182060739075,0.0,0.007102164097267386,0.07434390869779478,0.0
16284,1.0,0.05,0.0001303182060739075,0.0,0.007102164097267386,0.08439227582723777,0.0
16285,1.0,0.05,0.0001303182060739075,0.0,0.007102164097267386,0.08439227582723777,0.0
16286,1.0,0.05,0.0001303182060739075,0.0,0.007102164097267386,0.06501449271064105,0.0
16287,1.0,0.05,0.0001303182060739075,0.0,0.007102164097267386,0.06501449271064105,0.0
16288,1.0,0.05,0.0001303182060739075,0.0,0.007102164097267386,0.04844965899630598,0.0
16289,1.0,0.05,0.0001303182060739075,0.0,0.007102164097267386,0.07753636477719364,0.0
16290,1.0,0.05,0.0001303182060739075,0.0,0.007102164097267386,0.12391668202243541,0.0
16291,1.0,0.05,0.0001303182060739075,0.0,0.007102164097267386,0.12391668202243541,0.0
16292,1.0,0.05,0.0001303182060739075,0.0,0.007413752876975249,0.12391668202243541,0.0
16293,1.0,0.05,0.0001303182060739075,0.0,0.007413752876975249,0.12391668202243541,0.0
16294,1.0,0.05,0.000133482217928818,0.0,0.007413752876975249,0.07989127213263628,0.0
16295,1.0,0.05,0.000133482217928818,0.0,0.007413752876975249,0.07989127213263628,0.0
16296,1.0,0.05,0.000133482217928818,0.0,0.005743309116719532,0.07989127213263628,0.0
16297,1.0,0.05,0.000133482217928818,0.0,0.005743309116719532,0.07989127213263628,0.0
16298,1.0,0.05,0.000133482217928818,0.0,0.005743309116719532,0.07989127213263628,0.0
16299,1.0,0.05,0.000133482217928818,0.0,0.005743309116719532,0.057848317982856785,0.0
16300,1.0,0.05,0.000133482217928818,0.0,0.005743309116719532,0.057848317982856785,0.0
16301,1.0,0.05,0.000133482217928818,0.0,0.005743309116719532,0.057848317982856785,0.0
16302,1.0,0.05,0.000133482217928818,0.0,0.005743309116719532,0.03993524277439707,0.0
16303,1.0,0.05,0.000133482217928818,0.0,0.007007091189594794,0.11252893592890995,0.0
16304,1.0,0.05,0.000133482217928818,0.0,0.007007091189594794,0.11252893592890995,0.0
16305,1.0,0.05,0.000133482217928818,0.0,0.007007091189594794,0.11252893592890995,0.0
16306,1.0,0.05,0.00011740852217557157,0.0,0.007007091189594794,0.11252893592890995,0.0
16307,1.0,0.05,0.00011740852217557157,0.0,0.008281724130986773,0.11252893592890995,0.0
16308,1.0,0.05,0.00011740852217557157,0.0,0.008281724130986773,0.11252893592890995,0.0
16309,1.0,0.05,0.00011740852217557157,0.0,0.008281724130986773,0.12570231687253258,0.0
16310,1.0,0.05,0.00011740852217557157,0.0,0.007769972965652584,0.12570231687253258,0.0
16311,1.0,0.05,0.00011740852217557157,0.0,0.007769972965652584,0.12570231687253258,0.0
16312,1.0,0.05,0.00012610401795053083,0.0,0.007769972965652584,0.12570231687253258,0.0
16313,1.0,0.05,0.00012610401795053083,0.0,0.007769972965652584,0.12570231687253258,0.0
16314,1.0,0.05,0.00012610401795053083,0.0,0.007769972965652584,0.12362275873047744,0.0
16315,1.0,0.05,0.00012610401795053083,0.0,0.007769972965652584,0.11228363807671783,0.0
16316,1.0,0.05,0.00012610401795053083,0.0,0.007769972965652584,0.09661725630089102,0.0
16317,1.0,0.05,0.00012610401795053083,0.0,0.007769972965652584,0.10799486153591584,0.0
16318,1.0,0.05,0.00012610401795053083,0.0,0.007769972965652584,0.10799486153591584,0.0
16319,1.0,0.05,0.00012610401795053083,0.0,0.007769972965652584,0.10799486153591584,0.0
16320,1.0,0.05,0.00012610401795053083,0.0,0.006477004409035104,0.09024181647906417,0.0
16321,1.0,0.05,0.00012610401795053083,0.0,0.006477004409035104,0.09024181647906417,0.0
16322,1.0,0.05,0.00012610401795053083,0.0,0.006477004409035104,0.10390171525330644,0.0
16323,1.0,0.05,0.00012610401795053083,0.0,0.006477004409035104,0.10390171525330644,0.0
16324,1.0,0.05,0.00012645196518531267,0.0,0.006477004409035104,0.12462167615869206,0.0
16325,1.0,0.05,0.00012645196518531267,0.0,0.006477004409035104,0.12462167615869206,0.0
16326,1.0,0.05,0.00012645196518531267,0.0,0.006477004409035104,0.12462167615869206,0.0
16327,1.0,0.05,0.0001370397862582059,0.0,0.00572539835483669,0.05038806506769229,0.0
16328,1.0,0.05,0.00013672807601860197,0.0,0.00572539835483669,0.08361460191145473,0.0
16329,1.0,0.05,0.00013672807601860197,0.0,0.00572539835483669,0.08361460191145473,0.0
16330,1.0,0.05,0.00013672807601860197,0.0,0.00572539835483669,0.08361460191145473,0.0
16331,1.0,0.05,0.00013672807601860197,0.0,0.005585865868601356,0.08425408765201312,0.0
16332,1.0,0.05,0.00013389936474979524,0.0,0.005585865868601356,0.04187541072802209,0.0
16333,1.0,0.05,0.00013389936474979524,0.0,0.005585865868601356,0.09785772336487608,0.0
16334,1.0,0.05,0.00013389936474979524,0.0,0.005585865868601356,0.09785772336487608,0.0
16335,1.0,0.05,0.00013389936474979524,0.0,0.005585865868601356,0.10566035541862508,0.0
16336,1.0,0.05,0.00013389936474979524,0.0,0.005585865868601356,0.07146075448842247,0.0
16337,1.0,0.05,0.00013389936474979524,0.0,0.005585865868601356,0.07146075448842247,0.0
16338,1.0,0.05,0.00013389936474979524,0.0,0.005373630540146731,0.04647052703935545,0.0
16339,1.0,0.05,0.0001387619342888366,0.0,0.005373630540146731,0.07067606981503023,0.0
16340,1.0,0.05,0.00013378140892543014,0.0,0.005373630540146731,0.07067606981503023,0.0
16341,1.0,0.05,0.00013378140892543014,0.0,0.005373630540146731,0.07067606981503023,0.0
16342,1.0,0.05,0.00013378140892543014,0.0,0.005248385919183552,0.08048664382659018,0.0
16343,1.0,0.05,0.00013378140892543014,0.0,0.005248385919183552,0.05675012997513132,0.0
16344,1.0,0.05,0.00013378140892543014,0.0,0.006379962989021662,0.05675012997513132,0.0
16345,1.0,0.05,0.00013378140892543014,0.0,0.006379962989021662,0.05675012997513132,0.0
16346,1.0,0.05,0.00013378140892543014,0.0,0.006682408752390078,0.05675012997513132,0.0
16347,1.0,0.05,0.00013378140892543014,0.0,0.006393589662282709,0.017382633104426906,0.0
16348,1.0,0.05,0.00013378140892543014,0.0,0.006393589662282709,0.04558632502561427,0.0
16349,1.0,0.05,0.000141682797095638,0.0,0.006393589662282709,0.052306176534529916,0.0
16350,1.0,0.05,0.00013184865223079265,0.0,0.006393589662282709,0.016725157435176868,0.0
16351,1.0,0.05,0.00013184865223079265,0.0,0.006393589662282709,0.016725157435176868,0.0
16352,1.0,0.05,0.00013184865223079265,0.0,0.006393589662282709,0.009823322688158052,0.0
16353,1.0,0.05,0.00013184865223079265,0.0,0.006393589662282709,0.009823322688158052,0.0
16354,1.0,0.05,0.00013184865223079265,0.0,0.006393589662282709,0.013620919995600039,0.0
16355,1.0,0.05,0.00013184865223079265,0.0,0.006393589662282709,0.039917643715423765,0.0
16356,1.0,0.05,0.00013184865223079265,0.0,0.006393589662282709,0.039917643715423765,0.0
16357,1.0,0.05,0.00013184865223079265,0.0,0.006393589662282709,0.11843743210850813,0.0
16358,1.0,0.05,0.00013184865223079265,0.0,0.006393589662282709,0.0808968111357321,0.0
16359,1.0,0.05,0.00013184865223079265,0.0,0.006393589662282709,0.0808968111357321,0.0
16360,1.0,0.05,0.00012931409153569846,0.0,0.00543286472922834,0.0808968111357321,0.0
16361,1.0,0.05,0.00012931409153569846,0.0,0.007937261392686915,0.0808968111357321,0.0
16362,1.0,0.05,0.00012931409153569846,0.0,0.006452346774243142,0.06197566803495169,0.0
16363,1.0,0.05,0.00012931409153569846,0.0,0.006452346774243142,0.11789349704418182,0.0
16364,1.0,0.05,0.00012931409153569846,0.0,0.006452346774243142,0.09671805781002563,0.0
16365,1.0,0.05,0.00012931409153569846,0.0,0.006452346774243142,0.09671805781002563,0.0
16366,1.0,0.05,0.00012931409153569846,0.0,0.006452346774243142,0.10752944086038624,0.0
16367,1.0,0.05,0.00012931409153569846,0.0,0.006452346774243142,0.10752944086038624,0.0
16368,1.0,0.05,0.00012931409153569846,0.0,0.006452346774243142,0.10752944086038624,0.0
16369,1.0,0.05,0.00012931409153569846,0.0,0.006452346774243142,0.10752944086038624,0.0
16370,1.0,0.05,0.00012931409153569846,0.0,0.0058475683167062975,0.11092887123091948,0.0
16371,1.0,0.05,0.00012931409153569846,0.0,0.0058475683167062975,0.11504540610078573,0.0
16372,1.0,0.05,0.00012931409153569846,0.0,0.0058475683167062975,0.11504540610078573,0.0
16373,1.0,0.05,0.00012931409153569846,0.0,0.0058475683167062975,0.09980780374158976,0.0
16374,1.0,0.05,0.00012931409153569846,0.0,0.0058475683167062975,0.09980780374158976,0.0
16375,1.0,0.05,0.00012931409153569846,0.0,0.0058475683167062975,0.08993645389922564,0.0
16376,1.0,0.05,0.00012931409153569846,0.0,0.0058475683167062975,0.08651664216176325,0.0
16377,1.0,0.05,0.00014115397368206253,0.0,0.0058475683167062975,0.08651664216176325,0.0
16378,1.0,0.05,0.0001302636753649107,0.0,0.0058475683167062975,0.09980553087546037,0.0
16379,1.0,0.05,0.0001302636753649107,0.0,0.0058475683167062975,0.07226714273258805,0.0
16380,1.0,0.05,0.0001302636753649107,0.0,0.0058475683167062975,0.07226714273258805,0.0
16381,1.0,0.05,0.0001302636753649107,0.0,0.0058475683167062975,0.07226714273258805,0.0
16382,1.0,0.05,0.0001302636753649107,0.0,0.0058475683167062975,0.07226714273258805,0.0
16383,1.0,0.05,0.0001302636753649107,0.0,0.005404583358680176,0.08877135721170018,0.0
16384,1.0,0.05,0.0001302636753649107,0.0,0.005404583358680176,0.08877135721170018,0.0
16385,1.0,0.05,0.0001302636753649107,0.0,0.0055181041974855195,0.05397728707779422,0.0
16386,1.0,0.05,0.0001302636753649107,0.0,0.0055181041974855195,0.05298263412773534,0.0
16387,1.0,0.05,0.0001302636753649107,0.0,0.0055181041974855195,0.05234923591036102,0.0
16388,1.0,0.05,0.0001302636753649107,0.0,0.0055181041974855195,0.05234923591036102,0.0
16389,1.0,0.05,0.0001302636753649107,0.0,0.005797688839001597,0.06961335075470493,0.0
16390,1.0,0.05,0.0001302636753649107,0.0,0.0058308090675941076,0.05238110387601521,0.0
16391,1.0,0.05,0.00013669814139380992,0.0,0.0058308090675941076,0.05238110387601521,0.0
16392,1.0,0.05,0.00013669814139380992,0.0,0.0058308090675941076,0.04936289313329652,0.0
16393,1.0,0.05,0.00013669814139380992,0.0,0.0058308090675941076,0.04936289313329652,0.0
16394,1.0,0.05,0.00013669814139380992,0.0,0.0058308090675941076,0.0166227835786505,0.0
16395,1.0,0.05,0.00013669814139380992,0.0,0.0058308090675941076,0.02786614302870563,0.0
16396,1.0,0.05,0.00013669814139380992,0.0,0.0058308090675941076,0.02786614302870563,0.0
16397,1.0,0.05,0.00013669814139380992,0.0,0.0055157611620389535,0.024367551636340468,0.0
16398,1.0,0.05,0.00013669814139380992,0.0,0.0055157611620389535,0.038561448743673614,0.0
16399,1.0,0.05,0.00013669814139380992,0.0,0.0055157611620389535,0.038561448743673614,0.0
16400,1.0,0.05,0.00013669814139380992,0.0,0.0055157611620389535,0.05705497819049214,0.0
16401,1.0,0.05,0.00013669814139380992,0.0,0.0055157611620389535,0.05705497819049214,0.0
16402,1.0,0.05,0.00013669814139380992,0.0,0.0055157611620389535,0.07090010498299888,0.0
16403,1.0,0.05,0.00013669814139380992,0.0,0.0055157611620389535,0.0789794038536013,0.0
16404,1.0,0.05,0.00013669814139380992,0.0,0.0055157611620389535,0.0789794038536013,0.0
16405,1.0,0.05,0.00013669814139380992,0.0,0.0055157611620389535,0.09344013167716074,0.0
16406,1.0,0.05,0.00013669814139380992,0.0,0.0055157611620389535,0.05893712940556201,0.0
16407,1.0,0.05,0.00013669814139380992,0.0,0.00589988769573413,0.05893712940556201,0.0
16408,1.0,0.05,0.00013669814139380992,0.0,0.00589988769573413,0.05893712940556201,0.0
16409,1.0,0.05,0.00013669814139380992,0.0,0.00589988769573413,0.05830375449680765,0.0
16410,1.0,0.05,0.00013669814139380992,0.0,0.00589988769573413,0.05830375449680765,0.0
16411,1.0,0.05,0.00013669814139380992,0.0,0.00589988769573413,0.05830375449680765,0.0
16412,1.0,0.05,0.00013669814139380992,0.0,0.005769561056446208,0.05830375449680765,0.0
16413,1.0,0.05,0.00013669814139380992,0.0,0.005769561056446208,0.06234096016260922,0.0
16414,1.0,0.05,0.00013669814139380992,0.0,0.005769561056446208,0.06830214175339977,0.0
16415,1.0,0.05,0.00013669814139380992,0.0,0.005769561056446208,0.06830214175339977,0.0
16416,1.0,0.05,0.00013669814139380992,0.0,0.005769561056446208,0.06830214175339977,0.0
16417,1.0,0.05,0.00013669814139380992,0.0,0.005769561056446208,0.06697458087469732,0.0
16418,1.0,0.05,0.00013669814139380992,0.0,0.005769561056446208,0.08384576707964425,0.0
16419,1.0,0.05,0.00013669814139380992,0.0,0.005769561056446208,0.08384576707964425,0.0
16420,1.0,0.05,0.00013669814139380992,0.0,0.005920479947847398,0.08320556557494008,0.0
16421,1.0,0.05,0.00013200908039673234,0.0,0.005920479947847398,0.08320556557494008,0.0
16422,1.0,0.05,0.00013200908039673234,0.0,0.005920479947847398,0.08320556557494008,0.0
16423,1.0,0.05,0.00013200908039673234,0.0,0.005920479947847398,0.08320556557494008,0.0
16424,1.0,0.05,0.00013200908039673234,0.0,0.005920479947847398,0.08277369934791452,0.0
16425,1.0,0.05,0.00013200170136998054,0.0,0.005920479947847398,0.08277369934791452,0.0
16426,1.0,0.05,0.00013200170136998054,0.0,0.005920479947847398,0.08922628879530257,0.0
16427,1.0,0.05,0.00013200170136998054,0.0,0.005920479947847398,0.08922628879530257,0.0
16428,1.0,0.05,0.00013200170136998054,0.0,0.005856063271333988,0.12034793592349394,0.0
16429,1.0,0.05,0.00013200170136998054,0.0,0.005856063271333988,0.12034793592349394,0.0
16430,1.0,0.05,0.00013200170136998054,0.0,0.005856063271333988,0.05518513020990503,0.0
16431,1.0,0.05,0.00013200170136998054,0.0,0.0058308777192943315,0.023906298086780728,0.0
16432,1.0,0.05,0.00013200170136998054,0.0,0.0058308777192943315,0.023906298086780728,0.0
16433,1.0,0.05,0.00013200170136998054,0.0,0.0058308777192943315,0.10200413903123717,0.0
16434,1.0,0.05,0.00013200170136998054,0.0,0.0058308777192943315,0.10200413903123717,0.0
16435,1.0,0.05,0.00013200170136998054,0.0,0.0058308777192943315,0.10200413903123717,0.0
16436,1.0,0.05,0.00013200170136998054,0.0,0.0058308777192943315,0.07697120906196478,0.0
16437,1.0,0.05,0.00013200170136998054,0.0,0.0058308777192943315,0.07697120906196478,0.0
16438,1.0,0.05,0.0001309578582839936,0.0,0.0060057105270721845,0.07697120906196478,0.0
16439,1.0,0.05,0.0001309578582839936,0.0,0.0060057105270721845,0.0784104799460571,0.0
16440,1.0,0.05,0.0001309578582839936,0.0,0.0060057105270721845,0.11444751160589223,0.0
16441,1.0,0.05,0.0001309578582839936,0.0,0.0060057105270721845,0.14447331708785113,0.0
16442,1.0,0.05,0.00013862130021093498,0.0,0.0060057105270721845,0.07025126460331999,0.0
16443,1.0,0.05,0.00013862130021093498,0.0,0.005601655750962797,0.07025126460331999,0.0
16444,1.0,0.05,0.00013862130021093498,0.0,0.005601655750962797,0.07025126460331999,0.0
16445,1.0,0.05,0.000139232071728156,0.0,0.005601655750962797,0.07025126460331999,0.0
16446,1.0,0.05,0.000139232071728156,0.0,0.007174986707476514,0.06376404711386913,0.0
16447,1.0,0.05,0.000139232071728156,0.0,0.006303457201867349,0.06376404711386913,0.0
16448,1.0,0.05,0.00013792990027574123,0.0,0.006303457201867349,0.06376404711386913,0.0
16449,1.0,0.05,0.00012996693219834225,0.0,0.006303457201867349,0.12065731688784491,0.0
16450,1.0,0.05,0.00012996693219834225,0.0,0.006303457201867349,0.13719805974504243,0.0
16451,1.0,0.05,0.00012996693219834225,0.0,0.006303457201867349,0.13719805974504243,0.0
16452,1.0,0.05,0.00012996693219834225,0.0,0.006303457201867349,0.13719805974504243,0.0
16453,1.0,0.05,0.00012996693219834225,0.0,0.006303457201867349,0.11310553134714432,0.0
16454,1.0,0.05,0.00012996693219834225,0.0,0.006303457201867349,0.11310553134714432,0.0
16455,1.0,0.05,0.00012996693219834225,0.0,0.006303457201867349,0.11310553134714432,0.0
16456,1.0,0.05,0.00012996693219834225,0.0,0.0071717785865584825,0.039846948597394335,0.0
16457,1.0,0.05,0.00012996693219834225,0.0,0.0071717785865584825,0.039846948597394335,0.0
16458,1.0,0.05,0.00012996693219834225,0.0,0.007113783719683472,0.07271188950155041,0.0
16459,1.0,0.05,0.00012996693219834225,0.0,0.007113783719683472,0.07271188950155041,0.0
16460,1.0,0.05,0.00012996693219834225,0.0,0.007113783719683472,0.07271188950155041,0.0
16461,1.0,0.05,0.00012996693219834225,0.0,0.007113783719683472,0.07271188950155041,0.0
16462,1.0,0.05,0.00012996693219834225,0.0,0.007113783719683472,0.07271188950155041,0.0
16463,1.0,0.05,0.00012996693219834225,0.0,0.007113783719683472,0.07271188950155041,0.0
16464,1.0,0.05,0.00012996693219834225,0.0,0.007113783719683472,0.07271188950155041,0.0
16465,1.0,0.05,0.00012996693219834225,0.0,0.007113783719683472,0.07271188950155041,0.0
16466,1.0,0.05,0.00012996693219834225,0.0,0.00587771858425771,0.07271188950155041,0.0
16467,1.0,0.05,0.00012996693219834225,0.0,0.00587771858425771,0.07271188950155041,0.0
16468,1.0,0.05,0.00012996693219834225,0.0,0.00587771858425771,0.11642497124851202,0.0
16469,1.0,0.05,0.00012996693219834225,0.0,0.00587771858425771,0.10080476548971551,0.0
16470,1.0,0.05,0.00012996693219834225,0.0,0.00587771858425771,0.04570031804025405,0.0
16471,1.0,0.05,0.00012996693219834225,0.0,0.00587771858425771,0.04570031804025405,0.0
16472,1.0,0.05,0.00012996693219834225,0.0,0.00587771858425771,0.0424890861382765,0.0
16473,1.0,0.05,0.00012996693219834225,0.0,0.00587771858425771,0.12181690716610194,0.0
16474,1.0,0.05,0.00013807275352929844,0.0,0.00587771858425771,0.1132247687306685,0.0
16475,1.0,0.05,0.00013807275352929844,0.0,0.00587771858425771,0.08283317900437615,0.0
16476,1.0,0.05,0.00013807275352929844,0.0,0.00587771858425771,0.08283317900437615,0.0
16477,1.0,0.05,0.00013807275352929844,0.0,0.005766410725736603,0.04860785202593667,0.0
16478,1.0,0.05,0.00013807275352929844,0.0,0.005766410725736603,0.04860785202593667,0.0
16479,1.0,0.05,0.00013807275352929844,0.0,0.005766410725736603,0.04860785202593667,0.0
16480,1.0,0.05,0.00013807275352929844,0.0,0.005766410725736603,0.04115869047370663,0.0
16481,1.0,0.05,0.00013807275352929844,0.0,0.005766410725736603,0.04115869047370663,0.0
16482,1.0,0.05,0.00013650668513113303,0.0,0.005894705774174572,0.04115869047370663,0.0
16483,1.0,0.05,0.00013650668513113303,0.0,0.005894705774174572,0.08293459777853915,0.0
16484,1.0,0.05,0.00013650668513113303,0.0,0.005894705774174572,0.08294131021366322,0.0
16485,1.0,0.05,0.00013650668513113303,0.0,0.005894705774174572,0.08294131021366322,0.0
16486,1.0,0.05,0.00013650668513113303,0.0,0.005894705774174572,0.08294131021366322,0.0
16487,1.0,0.05,0.00013051955661877261,0.0,0.0058172584098363685,0.06747602602867216,0.0
16488,1.0,0.05,0.00013051955661877261,0.0,0.0058172584098363685,0.06747602602867216,0.0
16489,1.0,0.05,0.00013051955661877261,0.0,0.0058172584098363685,0.06747602602867216,0.0
16490,1.0,0.05,0.00013051955661877261,0.0,0.0058172584098363685,0.06747602602867216,0.0
16491,1.0,0.05,0.00013051955661877261,0.0,0.0058172584098363685,0.11376110226412109,0.0
16492,1.0,0.05,0.00013051955661877261,0.0,0.0058172584098363685,0.11376110226412109,0.0
16493,1.0,0.05,0.00013051955661877261,0.0,0.0058172584098363685,0.06249628970517604,0.0
16494,1.0,0.05,0.00013051955661877261,0.0,0.0058172584098363685,0.07392304770008017,0.0
16495,1.0,0.05,0.00013051955661877261,0.0,0.0058172584098363685,0.07896002728134975,0.0
16496,1.0,0.05,0.00013051955661877261,0.0,0.0058172584098363685,0.07896002728134975,0.0
16497,1.0,0.05,0.00013051955661877261,0.0,0.0058172584098363685,0.07896002728134975,0.0
16498,1.0,0.05,0.00013426358269464657,0.0,0.0058172584098363685,0.07896002728134975,0.0
16499,1.0,0.05,0.00013426358269464657,0.0,0.005318319505572078,0.031051280936967934,0.0
16500,1.0,0.05,0.00013426358269464657,0.0,0.005318319505572078,0.031051280936967934,0.0
16501,1.0,0.05,0.00013426358269464657,0.0,0.005318319505572078,0.027932264802797046,0.0
16502,1.0,0.05,0.00013426358269464657,0.0,0.005318319505572078,0.027932264802797046,0.0
16503,1.0,0.05,0.00013426358269464657,0.0,0.005358193961892862,0.05629240531951109,0.0
16504,1.0,0.05,0.00013426358269464657,0.0,0.005358193961892862,0.06988988186220002,0.0
16505,1.0,0.05,0.00013426358269464657,0.0,0.005358193961892862,0.06988988186220002,0.0
16506,1.0,0.05,0.00013426358269464657,0.0,0.005358193961892862,0.06988988186220002,0.0
16507,1.0,0.05,0.00012807800699806107,0.0,0.005358193961892862,0.06988988186220002,0.0
16508,1.0,0.05,0.00012807800699806107,0.0,0.007673413712452169,0.06988988186220002,0.0
16509,1.0,0.05,0.00012807800699806107,0.0,0.0077291072942057455,0.09332475432141907,0.0
16510,1.0,0.05,0.00012807800699806107,0.0,0.0077291072942057455,0.09332475432141907,0.0
16511,1.0,0.05,0.00012807800699806107,0.0,0.0077291072942057455,0.09332475432141907,0.0
16512,1.0,0.05,0.00012807800699806107,0.0,0.0077291072942057455,0.09332475432141907,0.0
16513,1.0,0.05,0.00012807800699806107,0.0,0.0077291072942057455,0.19092141742373533,0.0
16514,1.0,0.05,0.00012807800699806107,0.0,0.0077291072942057455,0.19092141742373533,0.0
16515,1.0,0.05,0.00012807800699806107,0.0,0.007181754661553328,0.19092141742373533,0.0
16516,1.0,0.05,0.0001276047598883625,0.0,0.007181754661553328,0.08660533300569212,0.0
16517,1.0,0.05,0.0001276047598883625,0.0,0.007181754661553328,0.08660533300569212,0.0
16518,1.0,0.05,0.0001276047598883625,0.0,0.0063434976414067906,0.08660533300569212,0.0
16519,1.0,0.05,0.0001276047598883625,0.0,0.0063434976414067906,0.08660533300569212,0.0
16520,1.0,0.05,0.0001276047598883625,0.0,0.005901272187791256,0.10686917432908524,0.0
16521,1.0,0.05,0.0001276047598883625,0.0,0.005901272187791256,0.03305079821437853,0.0
16522,1.0,0.05,0.0001276047598883625,0.0,0.005901272187791256,0.03305079821437853,0.0
16523,1.0,0.05,0.0001276047598883625,0.0,0.005901272187791256,0.059057602636083104,0.0
16524,1.0,0.05,0.0001276047598883625,0.0,0.005901272187791256,0.059057602636083104,0.0
16525,1.0,0.05,0.0001276047598883625,0.0,0.005901272187791256,0.059057602636083104,0.0
16526,1.0,0.05,0.0001276047598883625,0.0,0.005901272187791256,0.09813476742101326,0.0
16527,1.0,0.05,0.0001416178161696926,0.0,0.005901272187791256,0.024543935933729888,0.0
16528,1.0,0.05,0.0001416178161696926,0.0,0.005901272187791256,0.024543935933729888,0.0
16529,1.0,0.05,0.0001416178161696926,0.0,0.005901272187791256,0.024543935933729888,0.0
16530,1.0,0.05,0.0001416178161696926,0.0,0.005901272187791256,0.05430730050609871,0.0
16531,1.0,0.05,0.0001416178161696926,0.0,0.005901272187791256,0.05430730050609871,0.0
16532,1.0,0.05,0.0001416178161696926,0.0,0.005901272187791256,0.05710371208770691,0.0
16533,1.0,0.05,0.0001416178161696926,0.0,0.005901272187791256,0.05710371208770691,0.0
16534,1.0,0.05,0.0001416178161696926,0.0,0.005901272187791256,0.05710371208770691,0.0
16535,1.0,0.05,0.0001416178161696926,0.0,0.005901272187791256,0.05710371208770691,0.0
16536,1.0,0.05,0.0001416178161696926,0.0,0.005901272187791256,0.05710371208770691,0.0
16537,1.0,0.05,0.0001416178161696926,0.0,0.005901272187791256,0.05121578830919661,0.0
16538,1.0,0.05,0.00013732212481614358,0.0,0.005901272187791256,0.05121578830919661,0.0
16539,1.0,0.05,0.00013732212481614358,0.0,0.005901272187791256,0.014158650054192907,0.0
16540,1.0,0.05,0.00013373815571467016,0.0,0.005901272187791256,0.026263879859375353,0.0
16541,1.0,0.05,0.00013373815571467016,0.0,0.005901272187791256,0.026263879859375353,0.0
16542,1.0,0.05,0.00013373815571467016,0.0,0.005901272187791256,0.019702847998712587,0.0
16543,1.0,0.05,0.00013373815571467016,0.0,0.005901272187791256,0.02390264179807863,0.0
16544,1.0,0.05,0.00014041042957161105,0.0,0.005901272187791256,0.0198751236713487,0.0
16545,1.0,0.05,0.00014041042957161105,0.0,0.005901272187791256,0.019972474081212842,0.0
16546,1.0,0.05,0.00013048190463486862,0.0,0.005901272187791256,0.019972474081212842,0.0
16547,1.0,0.05,0.00013048190463486862,0.0,0.005901272187791256,0.048301367818920325,0.0
16548,1.0,0.05,0.00013048190463486862,0.0,0.005901272187791256,0.048301367818920325,0.0
16549,1.0,0.05,0.00013048190463486862,0.0,0.005901272187791256,0.048301367818920325,0.0
16550,1.0,0.05,0.00013048190463486862,0.0,0.005901272187791256,0.10019142866215558,0.0
16551,1.0,0.05,0.00013048190463486862,0.0,0.005901272187791256,0.07041027453511108,0.0
16552,1.0,0.05,0.00013048190463486862,0.0,0.005901272187791256,0.0330606271808275,0.0
16553,1.0,0.05,0.00013048190463486862,0.0,0.005901272187791256,0.0330606271808275,0.0
16554,1.0,0.05,0.00013048190463486862,0.0,0.005901272187791256,0.0330606271808275,0.0
16555,1.0,0.05,0.00013048190463486862,0.0,0.005901272187791256,0.0330606271808275,0.0
16556,1.0,0.05,0.00013048190463486862,0.0,0.005901272187791256,0.015606514137849139,0.0
16557,1.0,0.05,0.00013048190463486862,0.0,0.0051616584481532085,0.07257035059751529,0.0
16558,1.0,0.05,0.00013048190463486862,0.0,0.006084986169799137,0.025912300148508444,0.0
16559,1.0,0.05,0.00013048190463486862,0.0,0.006084986169799137,0.024805563032800473,0.0
16560,1.0,0.05,0.00013979201353451332,0.0,0.006084986169799137,0.01314260469345461,0.0
16561,1.0,0.05,0.00013979201353451332,0.0,0.006084986169799137,0.015974977066638873,0.0
16562,1.0,0.05,0.00013979201353451332,0.0,0.006084986169799137,0.05865003820403645,0.0
16563,1.0,0.05,0.00013979201353451332,0.0,0.0063645146065418965,0.05865003820403645,0.0
16564,1.0,0.05,0.00013979201353451332,0.0,0.0063645146065418965,0.05865003820403645,0.0
16565,1.0,0.05,0.00013979201353451332,0.0,0.005591189885889215,0.05909082644681758,0.0
16566,1.0,0.05,0.00013979201353451332,0.0,0.005591189885889215,0.05909082644681758,0.0
16567,1.0,0.05,0.00013979201353451332,0.0,0.005591189885889215,0.05909082644681758,0.0
16568,1.0,0.05,0.00013979201353451332,0.0,0.005591189885889215,0.05909082644681758,0.0
16569,1.0,0.05,0.00013979201353451332,0.0,0.005522027063995601,0.07752980484678416,0.0
16570,1.0,0.05,0.00013979201353451332,0.0,0.004972286570334913,0.035457255366147813,0.0
16571,1.0,0.05,0.00013979201353451332,0.0,0.004972286570334913,0.03987093430642261,0.0
16572,1.0,0.05,0.00013979201353451332,0.0,0.004972286570334913,0.03987093430642261,0.0
16573,1.0,0.05,0.00013979201353451332,0.0,0.004972286570334913,0.076583231693956,0.0
16574,1.0,0.05,0.00013979201353451332,0.0,0.00455641717504362,0.076583231693956,0.0
16575,1.0,0.05,0.00013979201353451332,0.0,0.00455641717504362,0.076583231693956,0.0
16576,1.0,0.05,0.00013979201353451332,0.0,0.00455641717504362,0.076583231693956,0.0
16577,1.0,0.05,0.00013979201353451332,0.0,0.00455641717504362,0.076583231693956,0.0
16578,1.0,0.05,0.00013979201353451332,0.0,0.006397802546871138,0.076583231693956,0.0
16579,1.0,0.05,0.0001379550675062093,0.0,0.006397802546871138,0.12506736193395784,0.0
16580,1.0,0.05,0.0001379550675062093,0.0,0.006397802546871138,0.12506736193395784,0.0
16581,1.0,0.05,0.0001379550675062093,0.0,0.007045344156439134,0.04922212596825775,0.0
16582,1.0,0.05,0.0001379550675062093,0.0,0.0047894158881966265,0.045748153301232594,0.0
16583,1.0,0.05,0.0001379550675062093,0.0,0.0058093132147968825,0.045748153301232594,0.0
16584,1.0,0.05,0.0001379550675062093,0.0,0.0058093132147968825,0.045748153301232594,0.0
16585,1.0,0.05,0.0001379550675062093,0.0,0.0058093132147968825,0.045748153301232594,0.0
16586,1.0,0.05,0.0001379550675062093,0.0,0.0058093132147968825,0.045748153301232594,0.0
16587,1.0,0.05,0.0001379550675062093,0.0,0.0058093132147968825,0.0571815245845337,0.0
16588,1.0,0.05,0.00014066720876597575,0.0,0.0058093132147968825,0.0571815245845337,0.0
16589,1.0,0.05,0.00014066720876597575,0.0,0.0058093132147968825,0.051256596701813734,0.0
16590,1.0,0.05,0.00014066720876597575,0.0,0.00557403499623926,0.051256596701813734,0.0
16591,1.0,0.05,0.00014066720876597575,0.0,0.00557403499623926,0.051256596701813734,0.0
16592,1.0,0.05,0.00014066720876597575,0.0,0.006136168202457599,0.051256596701813734,0.0
16593,1.0,0.05,0.00012771268371920263,0.0,0.006136168202457599,0.07836456052620944,0.0
16594,1.0,0.05,0.00012771268371920263,0.0,0.006136168202457599,0.08400258664100657,0.0
16595,1.0,0.05,0.00012771268371920263,0.0,0.006136168202457599,0.14007780219206403,0.0
16596,1.0,0.05,0.00012771268371920263,0.0,0.006136168202457599,0.14007780219206403,0.0
16597,1.0,0.05,0.00012771268371920263,0.0,0.006879204720220887,0.09886294499328595,0.0
16598,1.0,0.05,0.0001303464538634104,0.0,0.006879204720220887,0.09886294499328595,0.0
16599,1.0,0.05,0.0001303464538634104,0.0,0.006037003964833691,0.09886294499328595,0.0
16600,1.0,0.05,0.0001303464538634104,0.0,0.006037003964833691,0.09886294499328595,0.0
16601,1.0,0.05,0.0001303464538634104,0.0,0.006037003964833691,0.09886294499328595,0.0
16602,1.0,0.05,0.0001303464538634104,0.0,0.006037003964833691,0.09886294499328595,0.0
16603,1.0,0.05,0.0001303464538634104,0.0,0.006037003964833691,0.0847002039385461,0.0
16604,1.0,0.05,0.0001303464538634104,0.0,0.008113202252258526,0.0847002039385461,0.0
16605,1.0,0.05,0.0001303464538634104,0.0,0.008113202252258526,0.06143967153173332,0.0
16606,1.0,0.05,0.0001303464538634104,0.0,0.006865482725414339,0.06143967153173332,0.0
16607,1.0,0.05,0.0001303464538634104,0.0,0.006865482725414339,0.06143967153173332,0.0
16608,1.0,0.05,0.0001303464538634104,0.0,0.006865482725414339,0.08648515583717725,0.0
16609,1.0,0.05,0.0001303464538634104,0.0,0.006020099285077898,0.04193731714428296,0.0
16610,1.0,0.05,0.0001303464538634104,0.0,0.006020099285077898,0.0775574625774661,0.0
16611,1.0,0.05,0.0001303464538634104,0.0,0.005977106338616424,0.05205951365031304,0.0
16612,1.0,0.05,0.0001303464538634104,0.0,0.005977106338616424,0.09136550083405748,0.0
16613,1.0,0.05,0.0001303464538634104,0.0,0.005977106338616424,0.09136550083405748,0.0
16614,1.0,0.05,0.00014085731669095564,0.0,0.005977106338616424,0.09136550083405748,0.0
16615,1.0,0.05,0.00012781679898149812,0.0,0.005977106338616424,0.09136550083405748,0.0
16616,1.0,0.05,0.00012781679898149812,0.0,0.0066617823763477375,0.09136550083405748,0.0
16617,1.0,0.05,0.00012781679898149812,0.0,0.007281007362864705,0.09136550083405748,0.0
16618,1.0,0.05,0.00012781679898149812,0.0,0.006148204514442768,0.09136550083405748,0.0
16619,1.0,0.05,0.00012781679898149812,0.0,0.006148204514442768,0.09136550083405748,0.0
16620,1.0,0.05,0.00012781679898149812,0.0,0.006487918502433336,0.09136550083405748,0.0
16621,1.0,0.05,0.00012781679898149812,0.0,0.006487918502433336,0.07259602679230652,0.0
16622,1.0,0.05,0.00012781679898149812,0.0,0.006487918502433336,0.07259602679230652,0.0
16623,1.0,0.05,0.00012781679898149812,0.0,0.006817456889730227,0.07259602679230652,0.0
16624,1.0,0.05,0.00012781679898149812,0.0,0.006817456889730227,0.07259602679230652,0.0
16625,1.0,0.05,0.00013106109726188675,0.0,0.006817456889730227,0.07259602679230652,0.0
16626,1.0,0.05,0.00013106109726188675,0.0,0.006817456889730227,0.12913170225838197,0.0
16627,1.0,0.05,0.00013106109726188675,0.0,0.0063671115428386,0.12913170225838197,0.0
16628,1.0,0.05,0.00013106109726188675,0.0,0.006230041809734729,0.05887696703268247,0.0
16629,1.0,0.05,0.00013116555816212257,0.0,0.005738418443529762,0.05887696703268247,0.0
16630,1.0,0.05,0.00013116555816212257,0.0,0.005738418443529762,0.05887696703268247,0.0
16631,1.0,0.05,0.00013116555816212257,0.0,0.005738418443529762,0.048774874008542066,0.0
16632,1.0,0.05,0.00013082875610177807,0.0,0.005738418443529762,0.06046414811871127,0.0
16633,1.0,0.05,0.00013082875610177807,0.0,0.005738418443529762,0.04461737743410104,0.0
16634,1.0,0.05,0.00013082875610177807,0.0,0.005738418443529762,0.04461737743410104,0.0
16635,1.0,0.05,0.00013082875610177807,0.0,0.005738418443529762,0.04461737743410104,0.0
16636,1.0,0.05,0.00013082875610177807,0.0,0.005738418443529762,0.04461737743410104,0.0
16637,1.0,0.05,0.00013082875610177807,0.0,0.005738418443529762,0.04461737743410104,0.0
16638,1.0,0.05,0.00013082875610177807,0.0,0.005738418443529762,0.07882318186432602,0.0
16639,1.0,0.05,0.00013042827036353004,0.0,0.005738418443529762,0.07882318186432602,0.0
16640,1.0,0.05,0.00013042827036353004,0.0,0.005738418443529762,0.07882318186432602,0.0
16641,1.0,0.05,0.00013042827036353004,0.0,0.006101262221954671,0.07882318186432602,0.0
16642,1.0,0.05,0.00013042827036353004,0.0,0.006101262221954671,0.07882318186432602,0.0
16643,1.0,0.05,0.00013042827036353004,0.0,0.0057446714817050324,0.07882318186432602,0.0
16644,1.0,0.05,0.00013042827036353004,0.0,0.0057446714817050324,0.07882318186432602,0.0
16645,1.0,0.05,0.00013042827036353004,0.0,0.0057446714817050324,0.08408233103539081,0.0
16646,1.0,0.05,0.00013042827036353004,0.0,0.0057446714817050324,0.08408233103539081,0.0
16647,1.0,0.05,0.00013042827036353004,0.0,0.00752134935381636,0.08408233103539081,0.0
16648,1.0,0.05,0.00013042827036353004,0.0,0.00752134935381636,0.08408233103539081,0.0
16649,1.0,0.05,0.00012549191149834025,0.0,0.00752134935381636,0.16055244258523765,0.0
16650,1.0,0.05,0.00012549191149834025,0.0,0.00752134935381636,0.16055244258523765,0.0
16651,1.0,0.05,0.00012549191149834025,0.0,0.00752134935381636,0.12723753351771122,0.0
16652,1.0,0.05,0.0001361264795297631,0.0,0.0069651300284329365,0.045214202417298704,0.0
16653,1.0,0.05,0.0001361264795297631,0.0,0.0069651300284329365,0.045214202417298704,0.0
16654,1.0,0.05,0.00013558429882841647,0.0,0.0069651300284329365,0.045214202417298704,0.0
16655,1.0,0.05,0.00013558429882841647,0.0,0.008116422054364669,0.045214202417298704,0.0
16656,1.0,0.05,0.00012941621465311238,0.0,0.008116422054364669,0.045214202417298704,0.0
16657,1.0,0.05,0.00012155599053167691,0.0,0.008116422054364669,0.07733695221623813,0.0
16658,1.0,0.05,0.00011713630526128427,0.0,0.008116422054364669,0.13806734860811343,0.0
16659,1.0,0.05,0.00011713630526128427,0.0,0.008116422054364669,0.14012585352819495,0.0
16660,1.0,0.05,0.00011713630526128427,0.0,0.008116422054364669,0.14012585352819495,0.0
16661,1.0,0.05,0.00011713630526128427,0.0,0.008116422054364669,0.14012585352819495,0.0
16662,1.0,0.05,0.00012219846940010528,0.0,0.007627287608070547,0.08793283025289694,0.0
16663,1.0,0.05,0.00012219846940010528,0.0,0.007575809224009265,0.07688437072081741,0.0
16664,1.0,0.05,0.00012219846940010528,0.0,0.007575809224009265,0.07688437072081741,0.0
16665,1.0,0.05,0.00012219846940010528,0.0,0.006883614413401562,0.07688437072081741,0.0
16666,1.0,0.05,0.00012882657553253026,0.0,0.006883614413401562,0.092399635169344,0.0
16667,1.0,0.05,0.00012882657553253026,0.0,0.006495549223814579,0.092399635169344,0.0
16668,1.0,0.05,0.00012882657553253026,0.0,0.006495549223814579,0.092399635169344,0.0
16669,1.0,0.05,0.00012882657553253026,0.0,0.006495549223814579,0.092399635169344,0.0
16670,1.0,0.05,0.00012882657553253026,0.0,0.006495549223814579,0.092399635169344,0.0
16671,1.0,0.05,0.00012882657553253026,0.0,0.005965688628171836,0.092399635169344,0.0
16672,1.0,0.05,0.00012882657553253026,0.0,0.005965688628171836,0.092399635169344,0.0
16673,1.0,0.05,0.00012882657553253026,0.0,0.005965688628171836,0.12984841617248258,0.0
16674,1.0,0.05,0.00012882657553253026,0.0,0.005965688628171836,0.03516574382589298,0.0
16675,1.0,0.05,0.00012882657553253026,0.0,0.005965688628171836,0.11514083992575772,0.0
16676,1.0,0.05,0.00012882657553253026,0.0,0.006862334491778352,0.11514083992575772,0.0
16677,1.0,0.05,0.00012882657553253026,0.0,0.006862334491778352,0.11514083992575772,0.0
16678,1.0,0.05,0.00012882657553253026,0.0,0.006862334491778352,0.09578008183253539,0.0
16679,1.0,0.05,0.00012882657553253026,0.0,0.006862334491778352,0.08077094165102694,0.0
16680,1.0,0.05,0.00012882657553253026,0.0,0.0072306267736966705,0.08077094165102694,0.0
16681,1.0,0.05,0.00012882657553253026,0.0,0.005846805187943129,0.12232012685296023,0.0
16682,1.0,0.05,0.00012882657553253026,0.0,0.005846805187943129,0.12232012685296023,0.0
16683,1.0,0.05,0.00012882657553253026,0.0,0.005729688769321694,0.11523160936817181,0.0
16684,1.0,0.05,0.00012882657553253026,0.0,0.005729688769321694,0.11523160936817181,0.0
16685,1.0,0.05,0.00013173283840899053,0.0,0.005729688769321694,0.08038964335313246,0.0
16686,1.0,0.05,0.00013173283840899053,0.0,0.005729688769321694,0.07169733157464896,0.0
16687,1.0,0.05,0.00013173283840899053,0.0,0.005729688769321694,0.07169733157464896,0.0
16688,1.0,0.05,0.00013532496671807035,0.0,0.005729688769321694,0.07169733157464896,0.0
16689,1.0,0.05,0.00013532496671807035,0.0,0.005729688769321694,0.07169733157464896,0.0
16690,1.0,0.05,0.00013532496671807035,0.0,0.005729688769321694,0.07902030870951501,0.0
16691,1.0,0.05,0.00013532496671807035,0.0,0.005729688769321694,0.08499766857227814,0.0
16692,1.0,0.05,0.00013532496671807035,0.0,0.005729688769321694,0.06694024973225564,0.0
16693,1.0,0.05,0.00013532496671807035,0.0,0.005729688769321694,0.06694024973225564,0.0
16694,1.0,0.05,0.00013532496671807035,0.0,0.005729688769321694,0.0773678015154244,0.0
16695,1.0,0.05,0.00013532496671807035,0.0,0.005729688769321694,0.0773678015154244,0.0
16696,1.0,0.05,0.00013532496671807035,0.0,0.005729688769321694,0.03850821676556836,0.0
16697,1.0,0.05,0.00013532496671807035,0.0,0.005729688769321694,0.03850821676556836,0.0
16698,1.0,0.05,0.00013532496671807035,0.0,0.005729688769321694,0.0172668047215617,0.0
16699,1.0,0.05,0.00013532496671807035,0.0,0.005729688769321694,0.06002256499256987,0.0
16700,1.0,0.05,0.00013532496671807035,0.0,0.005729688769321694,0.06002256499256987,0.0
16701,1.0,0.05,0.00013532496671807035,0.0,0.005729688769321694,0.06002256499256987,0.0
16702,1.0,0.05,0.00013532496671807035,0.0,0.005729688769321694,0.06002256499256987,0.0
16703,1.0,0.05,0.00013532496671807035,0.0,0.005729688769321694,0.06002256499256987,0.0
16704,1.0,0.05,0.00013532496671807035,0.0,0.005729688769321694,0.06002256499256987,0.0
16705,1.0,0.05,0.00013532496671807035,0.0,0.005729688769321694,0.06002256499256987,0.0
16706,1.0,0.05,0.00013532496671807035,0.0,0.005729688769321694,0.06913069232402339,0.0
16707,1.0,0.05,0.00013532496671807035,0.0,0.005729688769321694,0.06913069232402339,0.0
16708,1.0,0.05,0.00013532496671807035,0.0,0.005729688769321694,0.06913069232402339,0.0
16709,1.0,0.05,0.00013532496671807035,0.0,0.005729688769321694,0.06913069232402339,0.0
16710,1.0,0.05,0.00013532496671807035,0.0,0.005729688769321694,0.053511690279565885,0.0
16711,1.0,0.05,0.00013532496671807035,0.0,0.005729688769321694,0.053511690279565885,0.0
16712,1.0,0.05,0.00013532496671807035,0.0,0.005729688769321694,0.10889440271519013,0.0
16713,1.0,0.05,0.00013532496671807035,0.0,0.005729688769321694,0.04022696987543186,0.0
16714,1.0,0.05,0.00013532496671807035,0.0,0.005706953181936252,0.04022696987543186,0.0
16715,1.0,0.05,0.00013532496671807035,0.0,0.005706953181936252,0.04022696987543186,0.0
16716,1.0,0.05,0.00014329605217519665,0.0,0.005706953181936252,0.04022696987543186,0.0
16717,1.0,0.05,0.00012849293078657752,0.0,0.005706953181936252,0.04022696987543186,0.0
16718,1.0,0.05,0.00012849293078657752,0.0,0.005706953181936252,0.04022696987543186,0.0
16719,1.0,0.05,0.00012849293078657752,0.0,0.005706953181936252,0.0635234743985156,0.0
16720,1.0,0.05,0.00012849293078657752,0.0,0.005706953181936252,0.0635234743985156,0.0
16721,1.0,0.05,0.00012849293078657752,0.0,0.005706953181936252,0.0635234743985156,0.0
16722,1.0,0.05,0.00013073071458485655,0.0,0.005720182553143435,0.0635234743985156,0.0
16723,1.0,0.05,0.00013073071458485655,0.0,0.005720182553143435,0.07304871106789346,0.0
16724,1.0,0.05,0.00013073071458485655,0.0,0.005859768340862318,0.11602937846687027,0.0
16725,1.0,0.05,0.00013073071458485655,0.0,0.005859768340862318,0.1208574584035837,0.0
16726,1.0,0.05,0.00013073071458485655,0.0,0.005859768340862318,0.1208574584035837,0.0
16727,1.0,0.05,0.00013073071458485655,0.0,0.005859768340862318,0.10456065177898446,0.0
16728,1.0,0.05,0.00013073071458485655,0.0,0.005859768340862318,0.04044559656687745,0.0
16729,1.0,0.05,0.00013073071458485655,0.0,0.005859768340862318,0.07147997973696986,0.0
16730,1.0,0.05,0.00013073071458485655,0.0,0.0056950940054860365,0.07147997973696986,0.0
16731,1.0,0.05,0.00013073071458485655,0.0,0.0056950940054860365,0.07147997973696986,0.0
16732,1.0,0.05,0.00013073071458485655,0.0,0.0056950940054860365,0.07896706354199388,0.0
16733,1.0,0.05,0.00013073071458485655,0.0,0.0056950940054860365,0.02219753912550331,0.0
16734,1.0,0.05,0.00013073071458485655,0.0,0.005603163180965271,0.02219753912550331,0.0
16735,1.0,0.05,0.00013073071458485655,0.0,0.005883313160063101,0.08500574435646754,0.0
16736,1.0,0.05,0.00013073071458485655,0.0,0.005883313160063101,0.07231671735399432,0.0
16737,1.0,0.05,0.00013073071458485655,0.0,0.005937422605240833,0.07231671735399432,0.0
16738,1.0,0.05,0.00013073071458485655,0.0,0.005937422605240833,0.07231671735399432,0.0
16739,1.0,0.05,0.00013073071458485655,0.0,0.005937422605240833,0.07060264449891639,0.0
16740,1.0,0.05,0.0001351162736929136,0.0,0.005937422605240833,0.0800441798813205,0.0
16741,1.0,0.05,0.0001351162736929136,0.0,0.005937422605240833,0.0800441798813205,0.0
16742,1.0,0.05,0.0001351162736929136,0.0,0.005937422605240833,0.0800441798813205,0.0
16743,1.0,0.05,0.0001351162736929136,0.0,0.005937422605240833,0.0800441798813205,0.0
16744,1.0,0.05,0.0001351162736929136,0.0,0.005937422605240833,0.0800441798813205,0.0
16745,1.0,0.05,0.0001351162736929136,0.0,0.005937422605240833,0.0800441798813205,0.0
16746,1.0,0.05,0.0001351162736929136,0.0,0.005937422605240833,0.0800441798813205,0.0
16747,1.0,0.05,0.0001351162736929136,0.0,0.005937422605240833,0.0800441798813205,0.0
16748,1.0,0.05,0.00013289766240214,0.0,0.005937422605240833,0.08580520734585592,0.0
16749,1.0,0.05,0.00012856003090756072,0.0,0.005824607019219935,0.06695824539402413,0.0
16750,1.0,0.05,0.00012856003090756072,0.0,0.005824607019219935,0.06695824539402413,0.0
16751,1.0,0.05,0.00012856003090756072,0.0,0.007674383316735435,0.06695824539402413,0.0
16752,1.0,0.05,0.00012856003090756072,0.0,0.00788955730358168,0.06695824539402413,0.0
16753,1.0,0.05,0.00012856003090756072,0.0,0.0068325836531986,0.06695824539402413,0.0
16754,1.0,0.05,0.00012856003090756072,0.0,0.0068325836531986,0.058040746561034987,0.0
16755,1.0,0.05,0.00012856003090756072,0.0,0.0068325836531986,0.058040746561034987,0.0
16756,1.0,0.05,0.00012856003090756072,0.0,0.0068325836531986,0.027803818765037305,0.0
16757,1.0,0.05,0.00012856003090756072,0.0,0.0068325836531986,0.027803818765037305,0.0
16758,1.0,0.05,0.00012856003090756072,0.0,0.0068325836531986,0.10356019694451048,0.0
16759,1.0,0.05,0.00013137130574558505,0.0,0.006018942597629873,0.0821971931580072,0.0
16760,1.0,0.05,0.00013137130574558505,0.0,0.006018942597629873,0.0821971931580072,0.0
16761,1.0,0.05,0.00013137130574558505,0.0,0.006018942597629873,0.0821971931580072,0.0
16762,1.0,0.05,0.00013137130574558505,0.0,0.005558733027258078,0.0821971931580072,0.0
16763,1.0,0.05,0.00013137130574558505,0.0,0.005558733027258078,0.0821971931580072,0.0
16764,1.0,0.05,0.00013137130574558505,0.0,0.005558733027258078,0.12027043226392006,0.0
16765,1.0,0.05,0.00013497619892061737,0.0,0.005558733027258078,0.026177364186829845,0.0
16766,1.0,0.05,0.00013497619892061737,0.0,0.005558733027258078,0.026177364186829845,0.0
16767,1.0,0.05,0.00013497619892061737,0.0,0.0060582790663742635,0.030237114407996448,0.0
16768,1.0,0.05,0.00013497619892061737,0.0,0.0062221000436755505,0.020597009420742156,0.0
16769,1.0,0.05,0.00013091455281108504,0.0,0.00620305640613328,0.06128399016369965,0.0
16770,1.0,0.05,0.00013091455281108504,0.0,0.00620305640613328,0.06128399016369965,0.0
16771,1.0,0.05,0.00013091455281108504,0.0,0.00620305640613328,0.05357981687741546,0.0
16772,1.0,0.05,0.00013091455281108504,0.0,0.00620305640613328,0.08025604929238615,0.0
16773,1.0,0.05,0.00013091455281108504,0.0,0.008026952061863981,0.08025604929238615,0.0
16774,1.0,0.05,0.00013091455281108504,0.0,0.008026952061863981,0.08025604929238615,0.0
16775,1.0,0.05,0.00013091455281108504,0.0,0.008026952061863981,0.07394742259532186,0.0
16776,1.0,0.05,0.00012976026480389577,0.0,0.008026952061863981,0.07394742259532186,0.0
16777,1.0,0.05,0.00012976026480389577,0.0,0.007263626564951811,0.07394742259532186,0.0
16778,1.0,0.05,0.00012976026480389577,0.0,0.00554000205963859,0.07394742259532186,0.0
16779,1.0,0.05,0.00012976026480389577,0.0,0.00554000205963859,0.07394742259532186,0.0
16780,1.0,0.05,0.00012976026480389577,0.0,0.00554000205963859,0.07394742259532186,0.0
16781,1.0,0.05,0.00012976026480389577,0.0,0.00554000205963859,0.07394742259532186,0.0
16782,1.0,0.05,0.00012976026480389577,0.0,0.00554000205963859,0.07394742259532186,0.0
16783,1.0,0.05,0.00012976026480389577,0.0,0.00554000205963859,0.07394742259532186,0.0
16784,1.0,0.05,0.00012976026480389577,0.0,0.00554000205963859,0.07394742259532186,0.0
16785,1.0,0.05,0.00012976026480389577,0.0,0.00554000205963859,0.07394742259532186,0.0
16786,1.0,0.05,0.00011866364627533395,0.0,0.006977828088546896,0.09648619345099399,0.0
16787,1.0,0.05,0.00011866364627533395,0.0,0.006977828088546896,0.09648619345099399,0.0
16788,1.0,0.05,0.0001383081749127257,0.0,0.006977828088546896,0.07322601922353082,0.0
16789,1.0,0.05,0.00013974450139876918,0.0,0.006217723251678789,0.07322601922353082,0.0
16790,1.0,0.05,0.00013974450139876918,0.0,0.006217723251678789,0.03896284124811912,0.0
16791,1.0,0.05,0.00013974450139876918,0.0,0.006217723251678789,0.033626896722036295,0.0
16792,1.0,0.05,0.00012581669667819373,0.0,0.006217723251678789,0.07597424176533052,0.0
16793,1.0,0.05,0.00012581669667819373,0.0,0.006217723251678789,0.07597424176533052,0.0
16794,1.0,0.05,0.00012581669667819373,0.0,0.006217723251678789,0.07597424176533052,0.0
16795,1.0,0.05,0.00012581669667819373,0.0,0.006217723251678789,0.1252428870895574,0.0
16796,1.0,0.05,0.00012581669667819373,0.0,0.007443565290656086,0.07849145291425991,0.0
16797,1.0,0.05,0.00012581669667819373,0.0,0.006668491316811231,0.07849145291425991,0.0
16798,1.0,0.05,0.00012581669667819373,0.0,0.006668491316811231,0.07849145291425991,0.0
16799,1.0,0.05,0.00012581669667819373,0.0,0.006589303194078217,0.07849145291425991,0.0
16800,1.0,0.05,0.00012581669667819373,0.0,0.006589303194078217,0.07849145291425991,0.0
16801,1.0,0.05,0.00012581669667819373,0.0,0.006589303194078217,0.07849145291425991,0.0
16802,1.0,0.05,0.00012581669667819373,0.0,0.005671810857387942,0.07318168097512567,0.0
16803,1.0,0.05,0.00012581669667819373,0.0,0.005671810857387942,0.07318168097512567,0.0
16804,1.0,0.05,0.00012488271868366533,0.0,0.005671810857387942,0.07318168097512567,0.0
16805,1.0,0.05,0.00012488271868366533,0.0,0.005671810857387942,0.07927176294697925,0.0
16806,1.0,0.05,0.00012488271868366533,0.0,0.005671810857387942,0.07927176294697925,0.0
16807,1.0,0.05,0.0001326446149414845,0.0,0.006202764480904671,0.05607169367309117,0.0
16808,1.0,0.05,0.0001326446149414845,0.0,0.006202764480904671,0.05607169367309117,0.0
16809,1.0,0.05,0.0001326446149414845,0.0,0.006165727016615484,0.05607169367309117,0.0
16810,1.0,0.05,0.0001326446149414845,0.0,0.006165727016615484,0.05607169367309117,0.0
16811,1.0,0.05,0.0001326446149414845,0.0,0.006165727016615484,0.05607169367309117,0.0
16812,1.0,0.05,0.0001326446149414845,0.0,0.006165727016615484,0.05607169367309117,0.0
16813,1.0,0.05,0.0001326446149414845,0.0,0.0066400030099840945,0.10201502669114791,0.0
16814,1.0,0.05,0.0001326446149414845,0.0,0.007200814062013789,0.10201502669114791,0.0
16815,1.0,0.05,0.0001326446149414845,0.0,0.007200814062013789,0.10201502669114791,0.0
16816,1.0,0.05,0.00012429040925862004,0.0,0.007200814062013789,0.10201502669114791,0.0
16817,1.0,0.05,0.00012429040925862004,0.0,0.007216387557309951,0.10201502669114791,0.0
16818,1.0,0.05,0.00012429040925862004,0.0,0.007844046330234873,0.10201502669114791,0.0
16819,1.0,0.05,0.00012429040925862004,0.0,0.007844046330234873,0.10201502669114791,0.0
16820,1.0,0.05,0.00013384267477105642,0.0,0.006044260886951413,0.059072705618304626,0.0
16821,1.0,0.05,0.00013384267477105642,0.0,0.006047792599284459,0.059072705618304626,0.0
16822,1.0,0.05,0.00013384267477105642,0.0,0.006047792599284459,0.059072705618304626,0.0
16823,1.0,0.05,0.00013384267477105642,0.0,0.00566791331059179,0.059072705618304626,0.0
16824,1.0,0.05,0.00012926462910472461,0.0,0.00566791331059179,0.059072705618304626,0.0
16825,1.0,0.05,0.00012926462910472461,0.0,0.00566791331059179,0.0581232025944598,0.0
16826,1.0,0.05,0.00012926462910472461,0.0,0.00566791331059179,0.0581232025944598,0.0
16827,1.0,0.05,0.00012926462910472461,0.0,0.00566791331059179,0.0581232025944598,0.0
16828,1.0,0.05,0.00012926462910472461,0.0,0.00566791331059179,0.05654299031106844,0.0
16829,1.0,0.05,0.00012926462910472461,0.0,0.00566791331059179,0.05654299031106844,0.0
16830,1.0,0.05,0.00012926462910472461,0.0,0.005944494328937569,0.0602600764414125,0.0
16831,1.0,0.05,0.00012926462910472461,0.0,0.005944494328937569,0.0602600764414125,0.0
16832,1.0,0.05,0.00012926462910472461,0.0,0.005944494328937569,0.07976817451430514,0.0
16833,1.0,0.05,0.00012926462910472461,0.0,0.005944494328937569,0.06177731976221859,0.0
16834,1.0,0.05,0.00012926462910472461,0.0,0.005944494328937569,0.06814196532095199,0.0
16835,1.0,0.05,0.00012926462910472461,0.0,0.005944494328937569,0.09657226917807446,0.0
16836,1.0,0.05,0.00012926462910472461,0.0,0.005944494328937569,0.09657226917807446,0.0
16837,1.0,0.05,0.00012926462910472461,0.0,0.005944494328937569,0.09657226917807446,0.0
16838,1.0,0.05,0.00012926462910472461,0.0,0.005944494328937569,0.09657226917807446,0.0
16839,1.0,0.05,0.00013489389264574784,0.0,0.005944494328937569,0.09657226917807446,0.0
16840,1.0,0.05,0.00013489389264574784,0.0,0.005944494328937569,0.09657226917807446,0.0
16841,1.0,0.05,0.00013489389264574784,0.0,0.005944494328937569,0.009321396752477715,0.0
16842,1.0,0.05,0.000140596238855264,0.0,0.005944494328937569,0.0174955794162326,0.0
16843,1.0,0.05,0.000140596238855264,0.0,0.005944494328937569,0.026753285132868003,0.0
16844,1.0,0.05,0.000140596238855264,0.0,0.005944494328937569,0.026753285132868003,0.0
16845,1.0,0.05,0.000140596238855264,0.0,0.005944494328937569,0.026753285132868003,0.0
16846,1.0,0.05,0.000140596238855264,0.0,0.005944494328937569,0.08236260159176512,0.0
16847,1.0,0.05,0.000140596238855264,0.0,0.005944494328937569,0.1148437534505059,0.0
16848,1.0,0.05,0.000140596238855264,0.0,0.005944494328937569,0.1148437534505059,0.0
16849,1.0,0.05,0.00013932454042545552,0.0,0.005944494328937569,0.1148437534505059,0.0
16850,1.0,0.05,0.00013932454042545552,0.0,0.005944494328937569,0.1148437534505059,0.0
16851,1.0,0.05,0.00013932454042545552,0.0,0.0055986274180098395,0.1148437534505059,0.0
16852,1.0,0.05,0.00013932454042545552,0.0,0.0055986274180098395,0.04608152752669682,0.0
16853,1.0,0.05,0.00013932454042545552,0.0,0.0055986274180098395,0.04608152752669682,0.0
16854,1.0,0.05,0.00013932454042545552,0.0,0.0060964030479427715,0.04608152752669682,0.0
16855,1.0,0.05,0.00013932454042545552,0.0,0.0060964030479427715,0.0956872723474203,0.0
16856,1.0,0.05,0.00013932454042545552,0.0,0.0060964030479427715,0.0956872723474203,0.0
16857,1.0,0.05,0.00013932454042545552,0.0,0.0060964030479427715,0.0956872723474203,0.0
16858,1.0,0.05,0.00013932454042545552,0.0,0.0060964030479427715,0.0956872723474203,0.0
16859,1.0,0.05,0.00013932454042545552,0.0,0.0060964030479427715,0.09162539017666668,0.0
16860,1.0,0.05,0.00013932454042545552,0.0,0.0060964030479427715,0.09162539017666668,0.0
16861,1.0,0.05,0.00013932454042545552,0.0,0.0060964030479427715,0.040743109057565056,0.0
16862,1.0,0.05,0.00013932454042545552,0.0,0.0060964030479427715,0.040922799855093075,0.0
16863,1.0,0.05,0.00013932454042545552,0.0,0.0060964030479427715,0.040922799855093075,0.0
16864,1.0,0.05,0.00013932454042545552,0.0,0.0060964030479427715,0.05126176437392936,0.0
16865,1.0,0.05,0.00013932454042545552,0.0,0.0060964030479427715,0.05126176437392936,0.0
16866,1.0,0.05,0.00013932454042545552,0.0,0.0060964030479427715,0.05435144357464823,0.0
16867,1.0,0.05,0.00013932454042545552,0.0,0.0060964030479427715,0.05435144357464823,0.0
16868,1.0,0.05,0.00013932454042545552,0.0,0.0060964030479427715,0.05435144357464823,0.0
16869,1.0,0.05,0.00014100136863818386,0.0,0.0060964030479427715,0.05435144357464823,0.0
16870,1.0,0.05,0.00014100136863818386,0.0,0.0060964030479427715,0.05435144357464823,0.0
16871,1.0,0.05,0.00014100136863818386,0.0,0.005778553954373092,0.04630000751095792,0.0
16872,1.0,0.05,0.00014100136863818386,0.0,0.005778553954373092,0.04630000751095792,0.0
16873,1.0,0.05,0.00014100136863818386,0.0,0.005778553954373092,0.024739219961766937,0.0
16874,1.0,0.05,0.0001268668173455696,0.0,0.005778553954373092,0.024739219961766937,0.0
16875,1.0,0.05,0.00013709995460493477,0.0,0.005778553954373092,0.024739219961766937,0.0
16876,1.0,0.05,0.00013709995460493477,0.0,0.005778553954373092,0.024739219961766937,0.0
16877,1.0,0.05,0.00013709995460493477,0.0,0.005778553954373092,0.024739219961766937,0.0
16878,1.0,0.05,0.00013709995460493477,0.0,0.005778553954373092,0.024739219961766937,0.0
16879,1.0,0.05,0.00013709995460493477,0.0,0.005778553954373092,0.024739219961766937,0.0
16880,1.0,0.05,0.00013709995460493477,0.0,0.005778553954373092,0.05036364307618931,0.0
16881,1.0,0.05,0.00013709995460493477,0.0,0.005778553954373092,0.05036364307618931,0.0
16882,1.0,0.05,0.00013709995460493477,0.0,0.005778553954373092,0.05676295483405962,0.0
16883,1.0,0.05,0.00013709995460493477,0.0,0.005778553954373092,0.06325061362452222,0.0
16884,1.0,0.05,0.00013709995460493477,0.0,0.005778553954373092,0.03312873875937748,0.0
16885,1.0,0.05,0.00013709995460493477,0.0,0.005778553954373092,0.027921762932454786,0.0
16886,1.0,0.05,0.00013709995460493477,0.0,0.005778553954373092,0.027921762932454786,0.0
16887,1.0,0.05,0.00013922596132736554,0.0,0.005778553954373092,0.04867185095859976,0.0
16888,1.0,0.05,0.00013922596132736554,0.0,0.005778553954373092,0.056892508580615044,0.0
16889,1.0,0.05,0.00013922596132736554,0.0,0.005778553954373092,0.06015127401383053,0.0
16890,1.0,0.05,0.00013922596132736554,0.0,0.005778553954373092,0.06015127401383053,0.0
16891,1.0,0.05,0.00013824814549994005,0.0,0.005778553954373092,0.06015127401383053,0.0
16892,1.0,0.05,0.00013824814549994005,0.0,0.005778553954373092,0.053627426154521235,0.0
16893,1.0,0.05,0.00013195926753174756,0.0,0.005748658595340563,0.03662290542430274,0.0
16894,1.0,0.05,0.00013195926753174756,0.0,0.005748658595340563,0.01936672183414224,0.0
16895,1.0,0.05,0.00013195926753174756,0.0,0.005748658595340563,0.04330725699467652,0.0
16896,1.0,0.05,0.00013195926753174756,0.0,0.005748658595340563,0.04488170098232432,0.0
16897,1.0,0.05,0.00013195926753174756,0.0,0.005748658595340563,0.04488170098232432,0.0
16898,1.0,0.05,0.00013195926753174756,0.0,0.005748658595340563,0.03663301210987395,0.0
16899,1.0,0.05,0.00013677610454974944,0.0,0.005748658595340563,0.03663301210987395,0.0
16900,1.0,0.05,0.00013677610454974944,0.0,0.005748658595340563,0.05910001389037553,0.0
16901,1.0,0.05,0.00013677610454974944,0.0,0.005748658595340563,0.07540445652051772,0.0
16902,1.0,0.05,0.00013677610454974944,0.0,0.005748658595340563,0.05757131076657027,0.0
16903,1.0,0.05,0.00013677610454974944,0.0,0.005748658595340563,0.05757131076657027,0.0
16904,1.0,0.05,0.00013677610454974944,0.0,0.005748658595340563,0.04829493156915061,0.0
16905,1.0,0.05,0.00013677610454974944,0.0,0.005748658595340563,0.04127146451899881,0.0
16906,1.0,0.05,0.00013677610454974944,0.0,0.005748658595340563,0.04127146451899881,0.0
16907,1.0,0.05,0.00013677610454974944,0.0,0.005842983317046774,0.07249695834112452,0.0
16908,1.0,0.05,0.00013677610454974944,0.0,0.005842983317046774,0.0758444706963315,0.0
16909,1.0,0.05,0.00013677610454974944,0.0,0.005842983317046774,0.0758444706963315,0.0
16910,1.0,0.05,0.00013677610454974944,0.0,0.005842983317046774,0.056151220707135505,0.0
16911,1.0,0.05,0.00013677610454974944,0.0,0.005842983317046774,0.07751758555707575,0.0
16912,1.0,0.05,0.00013677610454974944,0.0,0.005842983317046774,0.07751758555707575,0.0
16913,1.0,0.05,0.00013034517614654302,0.0,0.005842983317046774,0.07751758555707575,0.0
16914,1.0,0.05,0.00013034517614654302,0.0,0.0053515794523581635,0.07751758555707575,0.0
16915,1.0,0.05,0.00013034517614654302,0.0,0.0053515794523581635,0.07751758555707575,0.0
16916,1.0,0.05,0.00013034517614654302,0.0,0.006796838444376096,0.07751758555707575,0.0
16917,1.0,0.05,0.00013034517614654302,0.0,0.006863502429829526,0.07751758555707575,0.0
16918,1.0,0.05,0.00013034517614654302,0.0,0.006863502429829526,0.0987548013618022,0.0
16919,1.0,0.05,0.00013034517614654302,0.0,0.006863502429829526,0.0987548013618022,0.0
16920,1.0,0.05,0.00013034517614654302,0.0,0.0063600559768383835,0.0987548013618022,0.0
16921,1.0,0.05,0.00013034517614654302,0.0,0.0063600559768383835,0.0987548013618022,0.0
16922,1.0,0.05,0.00013034517614654302,0.0,0.006704782898462091,0.06059605990957576,0.0
16923,1.0,0.05,0.00013034517614654302,0.0,0.0054346242597856295,0.07334218023884455,0.0
16924,1.0,0.05,0.0001347189474404872,0.0,0.0054346242597856295,0.09241338443952556,0.0
16925,1.0,0.05,0.0001347189474404872,0.0,0.0054346242597856295,0.09241338443952556,0.0
16926,1.0,0.05,0.0001347189474404872,0.0,0.0054346242597856295,0.09241338443952556,0.0
16927,1.0,0.05,0.0001347189474404872,0.0,0.006166914885131434,0.09241338443952556,0.0
16928,1.0,0.05,0.0001347189474404872,0.0,0.006166914885131434,0.09241338443952556,0.0
16929,1.0,0.05,0.0001347189474404872,0.0,0.006166914885131434,0.047102681041431366,0.0
16930,1.0,0.05,0.0001347189474404872,0.0,0.006166914885131434,0.047102681041431366,0.0
16931,1.0,0.05,0.0001347189474404872,0.0,0.006166914885131434,0.09659992284467304,0.0
16932,1.0,0.05,0.0001347189474404872,0.0,0.006166914885131434,0.04563695246347031,0.0
16933,1.0,0.05,0.0001347189474404872,0.0,0.006166914885131434,0.06723219934417408,0.0
16934,1.0,0.05,0.0001347189474404872,0.0,0.006166914885131434,0.06723219934417408,0.0
16935,1.0,0.05,0.0001347189474404872,0.0,0.006166914885131434,0.021818891917842607,0.0
16936,1.0,0.05,0.0001347189474404872,0.0,0.006166914885131434,0.026195911244191336,0.0
16937,1.0,0.05,0.0001347189474404872,0.0,0.006166914885131434,0.022934420684639543,0.0
16938,1.0,0.05,0.0001347189474404872,0.0,0.005939308297323945,0.02693061443044325,0.0
16939,1.0,0.05,0.0001347189474404872,0.0,0.005939308297323945,0.02693061443044325,0.0
16940,1.0,0.05,0.0001347189474404872,0.0,0.005939308297323945,0.03918129217045981,0.0
16941,1.0,0.05,0.0001347189474404872,0.0,0.005813722084696621,0.03918129217045981,0.0
16942,1.0,0.05,0.0001347189474404872,0.0,0.006134254903933013,0.03918129217045981,0.0
16943,1.0,0.05,0.0001347189474404872,0.0,0.006134254903933013,0.03918129217045981,0.0
16944,1.0,0.05,0.0001347189474404872,0.0,0.005791737652023251,0.11369580954904582,0.0
16945,1.0,0.05,0.00012716601490914047,0.0,0.005791737652023251,0.039314686050254254,0.0
16946,1.0,0.05,0.00012716601490914047,0.0,0.005791737652023251,0.039314686050254254,0.0
16947,1.0,0.05,0.00012716601490914047,0.0,0.005791737652023251,0.039314686050254254,0.0
16948,1.0,0.05,0.00012716601490914047,0.0,0.005791737652023251,0.039314686050254254,0.0
16949,1.0,0.05,0.00012716601490914047,0.0,0.005791737652023251,0.039314686050254254,0.0
16950,1.0,0.05,0.00012716601490914047,0.0,0.005791737652023251,0.039314686050254254,0.0
16951,1.0,0.05,0.0001360786389078154,0.0,0.005791737652023251,0.030536938263757356,0.0
16952,1.0,0.05,0.0001360786389078154,0.0,0.005791737652023251,0.009877265174959734,0.0
16953,1.0,0.05,0.0001360786389078154,0.0,0.005791737652023251,0.01472305083112882,0.0
16954,1.0,0.05,0.0001360786389078154,0.0,0.005791737652023251,0.01472305083112882,0.0
16955,1.0,0.05,0.0001360786389078154,0.0,0.005791737652023251,0.03946506571155465,0.0
16956,1.0,0.05,0.0001360786389078154,0.0,0.005791737652023251,0.03946506571155465,0.0
16957,1.0,0.05,0.0001360786389078154,0.0,0.005791737652023251,0.05733240780766459,0.0
16958,1.0,0.05,0.0001360786389078154,0.0,0.005791737652023251,0.057432012952649415,0.0
16959,1.0,0.05,0.00013404242801952912,0.0,0.005791737652023251,0.057432012952649415,0.0
16960,1.0,0.05,0.00013404242801952912,0.0,0.005791737652023251,0.057432012952649415,0.0
16961,1.0,0.05,0.00013404242801952912,0.0,0.005791737652023251,0.050607865054619165,0.0
16962,1.0,0.05,0.00013404242801952912,0.0,0.006677157127407894,0.050607865054619165,0.0
16963,1.0,0.05,0.00013404242801952912,0.0,0.006497162940493264,0.050607865054619165,0.0
16964,1.0,0.05,0.0001297415041334552,0.0,0.006497162940493264,0.07678408597754335,0.0
16965,1.0,0.05,0.0001374728323666826,0.0,0.006497162940493264,0.07008540111331588,0.0
16966,1.0,0.05,0.0001374728323666826,0.0,0.006497162940493264,0.07008540111331588,0.0
16967,1.0,0.05,0.0001374728323666826,0.0,0.006497162940493264,0.07008540111331588,0.0
16968,1.0,0.05,0.0001374728323666826,0.0,0.00626812219769651,0.07016261891608833,0.0
16969,1.0,0.05,0.0001374728323666826,0.0,0.00626812219769651,0.07016261891608833,0.0
16970,1.0,0.05,0.0001374728323666826,0.0,0.00626812219769651,0.07016261891608833,0.0
16971,1.0,0.05,0.0001374728323666826,0.0,0.00626812219769651,0.07016261891608833,0.0
16972,1.0,0.05,0.0001374728323666826,0.0,0.00626812219769651,0.07016261891608833,0.0
16973,1.0,0.05,0.0001374728323666826,0.0,0.0054583741502716825,0.05702987120955901,0.0
16974,1.0,0.05,0.0001374728323666826,0.0,0.006486204541191506,0.05702987120955901,0.0
16975,1.0,0.05,0.0001374728323666826,0.0,0.006486204541191506,0.05702987120955901,0.0
16976,1.0,0.05,0.0001402621862233749,0.0,0.006211101385769183,0.05702987120955901,0.0
16977,1.0,0.05,0.0001402621862233749,0.0,0.006211101385769183,0.05702987120955901,0.0
16978,1.0,0.05,0.0001402621862233749,0.0,0.006211101385769183,0.06266505481395196,0.0
16979,1.0,0.05,0.0001402621862233749,0.0,0.006211101385769183,0.05193768725884438,0.0
16980,1.0,0.05,0.0001402621862233749,0.0,0.006211101385769183,0.05193768725884438,0.0
16981,1.0,0.05,0.0001402621862233749,0.0,0.006211101385769183,0.030714641828630835,0.0
16982,1.0,0.05,0.0001402621862233749,0.0,0.006211101385769183,0.02300305136682748,0.0
16983,1.0,0.05,0.0001402621862233749,0.0,0.006211101385769183,0.02300305136682748,0.0
16984,1.0,0.05,0.0001402621862233749,0.0,0.006211101385769183,0.04283961487819535,0.0
16985,1.0,0.05,0.0001402621862233749,0.0,0.006211101385769183,0.04283961487819535,0.0
16986,1.0,0.05,0.0001402621862233749,0.0,0.006211101385769183,0.036387105066478256,0.0
16987,1.0,0.05,0.0001402621862233749,0.0,0.005293020396717767,0.014794818052242604,0.0
16988,1.0,0.05,0.0001402621862233749,0.0,0.005293020396717767,0.0645465638561704,0.0
16989,1.0,0.05,0.0001402621862233749,0.0,0.005293020396717767,0.0645465638561704,0.0
16990,1.0,0.05,0.00014009645362033556,0.0,0.006583938881375355,0.0645465638561704,0.0
16991,1.0,0.05,0.00014009645362033556,0.0,0.006583938881375355,0.0812540747619303,0.0
16992,1.0,0.05,0.00014009645362033556,0.0,0.005700129712691354,0.0812540747619303,0.0
16993,1.0,0.05,0.00014009645362033556,0.0,0.005700129712691354,0.0812540747619303,0.0
16994,1.0,0.05,0.00014009645362033556,0.0,0.00575496720628878,0.0812540747619303,0.0
16995,1.0,0.05,0.00014009645362033556,0.0,0.005929716709998251,0.0812540747619303,0.0
16996,1.0,0.05,0.00014009645362033556,0.0,0.005929716709998251,0.0812540747619303,0.0
16997,1.0,0.05,0.00014009645362033556,0.0,0.005929716709998251,0.0812540747619303,0.0
16998,1.0,0.05,0.00014009645362033556,0.0,0.005929716709998251,0.06889934167769533,0.0
16999,1.0,0.05,0.00014009645362033556,0.0,0.005929716709998251,0.06889934167769533,0.0
17000,1.0,0.05,0.00014009645362033556,0.0,0.005929716709998251,0.07264964213475296,0.0
17001,1.0,0.05,0.000131768844864701,0.0,0.005929716709998251,0.07264964213475296,0.0
17002,1.0,0.05,0.000131768844864701,0.0,0.005929716709998251,0.07264964213475296,0.0
17003,1.0,0.05,0.000131768844864701,0.0,0.005929716709998251,0.07264964213475296,0.0
17004,1.0,0.05,0.000131768844864701,0.0,0.005929716709998251,0.07264964213475296,0.0
17005,1.0,0.05,0.000131768844864701,0.0,0.005929716709998251,0.07264964213475296,0.0
17006,1.0,0.05,0.000131768844864701,0.0,0.005929716709998251,0.07264964213475296,0.0
17007,1.0,0.05,0.000131768844864701,0.0,0.005929716709998251,0.07264964213475296,0.0
17008,1.0,0.05,0.000131768844864701,0.0,0.005629193154245138,0.028189337772586344,0.0
17009,1.0,0.05,0.000131768844864701,0.0,0.005629193154245138,0.028189337772586344,0.0
17010,1.0,0.05,0.000131768844864701,0.0,0.005629193154245138,0.11534320668500017,0.0
17011,1.0,0.05,0.000131768844864701,0.0,0.005629193154245138,0.11534320668500017,0.0
17012,1.0,0.05,0.000131768844864701,0.0,0.005629193154245138,0.11534320668500017,0.0
17013,1.0,0.05,0.000131768844864701,0.0,0.005629193154245138,0.07991087500715337,0.0
17014,1.0,0.05,0.000131768844864701,0.0,0.007701759916338431,0.07991087500715337,0.0
17015,1.0,0.05,0.000131768844864701,0.0,0.007701759916338431,0.07991087500715337,0.0
17016,1.0,0.05,0.000131768844864701,0.0,0.007701759916338431,0.07991087500715337,0.0
17017,1.0,0.05,0.000131768844864701,0.0,0.006914355180137761,0.05523537553509088,0.0
17018,1.0,0.05,0.000131768844864701,0.0,0.006914355180137761,0.05523537553509088,0.0
17019,1.0,0.05,0.000131768844864701,0.0,0.007376080942186156,0.0760988760708876,0.0
17020,1.0,0.05,0.000131768844864701,0.0,0.006341078899907299,0.0760988760708876,0.0
17021,1.0,0.05,0.000131768844864701,0.0,0.006341078899907299,0.08111360260514991,0.0
17022,1.0,0.05,0.000131768844864701,0.0,0.006341078899907299,0.08111360260514991,0.0
17023,1.0,0.05,0.000131768844864701,0.0,0.006341078899907299,0.08111360260514991,0.0
17024,1.0,0.05,0.000131768844864701,0.0,0.006341078899907299,0.13951463338017858,0.0
17025,1.0,0.05,0.000131768844864701,0.0,0.006341078899907299,0.11034919013108169,0.0
17026,1.0,0.05,0.000131768844864701,0.0,0.005699966838003474,0.11034919013108169,0.0
17027,1.0,0.05,0.000131768844864701,0.0,0.005063758933176259,0.06289824069993773,0.0
17028,1.0,0.05,0.000131768844864701,0.0,0.005063758933176259,0.06289824069993773,0.0
17029,1.0,0.05,0.000131768844864701,0.0,0.006245221133979356,0.06289824069993773,0.0
17030,1.0,0.05,0.000131768844864701,0.0,0.006245221133979356,0.09180430433246906,0.0
17031,1.0,0.05,0.000131768844864701,0.0,0.006245221133979356,0.09180430433246906,0.0
17032,1.0,0.05,0.00012801478403918332,0.0,0.006245221133979356,0.09180430433246906,0.0
17033,1.0,0.05,0.00012801478403918332,0.0,0.006245221133979356,0.09180430433246906,0.0
17034,1.0,0.05,0.00012801478403918332,0.0,0.006245221133979356,0.09180430433246906,0.0
17035,1.0,0.05,0.00012801478403918332,0.0,0.006245221133979356,0.09180430433246906,0.0
17036,1.0,0.05,0.00012801478403918332,0.0,0.006245221133979356,0.09180430433246906,0.0
17037,1.0,0.05,0.00012801478403918332,0.0,0.006245221133979356,0.09180430433246906,0.0
17038,1.0,0.05,0.00012801478403918332,0.0,0.006245221133979356,0.09180430433246906,0.0
17039,1.0,0.05,0.00012801478403918332,0.0,0.006245221133979356,0.09180430433246906,0.0
17040,1.0,0.05,0.00012801478403918332,0.0,0.006245221133979356,0.09180430433246906,0.0
17041,1.0,0.05,0.00012801478403918332,0.0,0.0055829797219635715,0.09180430433246906,0.0
17042,1.0,0.05,0.00012801478403918332,0.0,0.0055829797219635715,0.043712230230966494,0.0
17043,1.0,0.05,0.00012801478403918332,0.0,0.0055829797219635715,0.043712230230966494,0.0
17044,1.0,0.05,0.00012801478403918332,0.0,0.0055829797219635715,0.09049693656951455,0.0
17045,1.0,0.05,0.00012890995909674419,0.0,0.0055829797219635715,0.09049693656951455,0.0
17046,1.0,0.05,0.00012890995909674419,0.0,0.0055829797219635715,0.08551742772518767,0.0
17047,1.0,0.05,0.00012890995909674419,0.0,0.0055829797219635715,0.08551742772518767,0.0
17048,1.0,0.05,0.00012890995909674419,0.0,0.0055829797219635715,0.08551742772518767,0.0
17049,1.0,0.05,0.00012890995909674419,0.0,0.0055829797219635715,0.06423361075316313,0.0
17050,1.0,0.05,0.00012890995909674419,0.0,0.006369357216997141,0.074647688728877,0.0
17051,1.0,0.05,0.00012890995909674419,0.0,0.006369357216997141,0.074647688728877,0.0
17052,1.0,0.05,0.00012890995909674419,0.0,0.006369357216997141,0.074647688728877,0.0
17053,1.0,0.05,0.00012890995909674419,0.0,0.006369357216997141,0.074647688728877,0.0
17054,1.0,0.05,0.00012890995909674419,0.0,0.006156817901346625,0.07638516539724792,0.0
17055,1.0,0.05,0.00012890995909674419,0.0,0.006156817901346625,0.07638516539724792,0.0
17056,1.0,0.05,0.00013784219980944053,0.0,0.006005883260820258,0.07638516539724792,0.0
17057,1.0,0.05,0.00013202078168567862,0.0,0.006005883260820258,0.07638516539724792,0.0
17058,1.0,0.05,0.00013202078168567862,0.0,0.005623188581814022,0.07638516539724792,0.0
17059,1.0,0.05,0.00013202078168567862,0.0,0.006503880989223011,0.07638516539724792,0.0
17060,1.0,0.05,0.00013202078168567862,0.0,0.005346821355031604,0.07638516539724792,0.0
17061,1.0,0.05,0.00013202078168567862,0.0,0.005346821355031604,0.07638516539724792,0.0
17062,1.0,0.05,0.00013202078168567862,0.0,0.005346821355031604,0.05276321318910665,0.0
17063,1.0,0.05,0.00013202078168567862,0.0,0.005346821355031604,0.05276321318910665,0.0
17064,1.0,0.05,0.00013202078168567862,0.0,0.005346821355031604,0.05276321318910665,0.0
17065,1.0,0.05,0.00013202078168567862,0.0,0.0052494882057455205,0.05951768227982512,0.0
17066,1.0,0.05,0.00013202078168567862,0.0,0.0052494882057455205,0.061979191331015406,0.0
17067,1.0,0.05,0.00013202078168567862,0.0,0.0052494882057455205,0.051906811300404955,0.0
17068,1.0,0.05,0.00013202078168567862,0.0,0.00657691979305866,0.05080955124297991,0.0
17069,1.0,0.05,0.00013202078168567862,0.0,0.00657691979305866,0.05080955124297991,0.0
17070,1.0,0.05,0.00013202078168567862,0.0,0.00657691979305866,0.014921659122448843,0.0
17071,1.0,0.05,0.0001252402771132975,0.0,0.00657691979305866,0.014921659122448843,0.0
17072,1.0,0.05,0.0001252402771132975,0.0,0.005874809164150745,0.02053749960946922,0.0
17073,1.0,0.05,0.00013383356584182137,0.0,0.0062928603743376025,0.0843134565034196,0.0
17074,1.0,0.05,0.00013383356584182137,0.0,0.006242054185544877,0.0843134565034196,0.0
17075,1.0,0.05,0.00013383356584182137,0.0,0.006242054185544877,0.0843134565034196,0.0
17076,1.0,0.05,0.00013383356584182137,0.0,0.006242054185544877,0.0843134565034196,0.0
17077,1.0,0.05,0.00013383356584182137,0.0,0.005920217050561265,0.0843134565034196,0.0
17078,1.0,0.05,0.00011897996665867653,0.0,0.005920217050561265,0.13402038534026547,0.0
17079,1.0,0.05,0.0001387454012189215,0.0,0.005920217050561265,0.13402038534026547,0.0
17080,1.0,0.05,0.0001387454012189215,0.0,0.005920217050561265,0.07947603962620167,0.0
17081,1.0,0.05,0.0001387454012189215,0.0,0.005920217050561265,0.07947603962620167,0.0
17082,1.0,0.05,0.0001387454012189215,0.0,0.005920217050561265,0.056742459645550684,0.0
17083,1.0,0.05,0.0001387454012189215,0.0,0.005920217050561265,0.056742459645550684,0.0
17084,1.0,0.05,0.0001387454012189215,0.0,0.005920217050561265,0.056742459645550684,0.0
17085,1.0,0.05,0.0001387454012189215,0.0,0.005920217050561265,0.03065719812925629,0.0
17086,1.0,0.05,0.0001387454012189215,0.0,0.005920217050561265,0.04845088217494269,0.0
17087,1.0,0.05,0.0001387454012189215,0.0,0.005920217050561265,0.0728983222750326,0.0
17088,1.0,0.05,0.0001310572216238619,0.0,0.005920217050561265,0.0728983222750326,0.0
17089,1.0,0.05,0.0001310572216238619,0.0,0.005667701847876105,0.0728983222750326,0.0
17090,1.0,0.05,0.0001310572216238619,0.0,0.005667701847876105,0.0728983222750326,0.0
17091,1.0,0.05,0.0001310572216238619,0.0,0.005667701847876105,0.07412467815945557,0.0
17092,1.0,0.05,0.0001310572216238619,0.0,0.005667701847876105,0.07412467815945557,0.0
17093,1.0,0.05,0.0001310572216238619,0.0,0.005667701847876105,0.08228250453435548,0.0
17094,1.0,0.05,0.0001310572216238619,0.0,0.005667701847876105,0.04476972967316736,0.0
17095,1.0,0.05,0.0001310572216238619,0.0,0.005667701847876105,0.04476972967316736,0.0
17096,1.0,0.05,0.0001310572216238619,0.0,0.005667701847876105,0.08351061804989413,0.0
17097,1.0,0.05,0.0001310572216238619,0.0,0.005667701847876105,0.08795321064845955,0.0
17098,1.0,0.05,0.0001310572216238619,0.0,0.005667701847876105,0.08795321064845955,0.0
17099,1.0,0.05,0.0001310572216238619,0.0,0.005667701847876105,0.08795321064845955,0.0
17100,1.0,0.05,0.0001310572216238619,0.0,0.005667701847876105,0.08795321064845955,0.0
17101,1.0,0.05,0.0001310572216238619,0.0,0.005667701847876105,0.08795321064845955,0.0
17102,1.0,0.05,0.0001310572216238619,0.0,0.005667701847876105,0.08795321064845955,0.0
17103,1.0,0.05,0.0001310572216238619,0.0,0.005667701847876105,0.08795321064845955,0.0
17104,1.0,0.05,0.0001310572216238619,0.0,0.005790063318095241,0.06547338209647173,0.0
17105,1.0,0.05,0.0001310572216238619,0.0,0.007278361730939344,0.06547338209647173,0.0
17106,1.0,0.05,0.00012726215183636152,0.0,0.007278361730939344,0.06547338209647173,0.0
17107,1.0,0.05,0.00012726215183636152,0.0,0.007278361730939344,0.06547338209647173,0.0
17108,1.0,0.05,0.00012726215183636152,0.0,0.007278361730939344,0.06547338209647173,0.0
17109,1.0,0.05,0.00012726215183636152,0.0,0.007278361730939344,0.06547338209647173,0.0
17110,1.0,0.05,0.00012726215183636152,0.0,0.007278361730939344,0.06547338209647173,0.0
17111,1.0,0.05,0.00012726215183636152,0.0,0.007278361730939344,0.06547338209647173,0.0
17112,1.0,0.05,0.00012726215183636152,0.0,0.006315458869156533,0.05925029247269277,0.0
17113,1.0,0.05,0.00012726215183636152,0.0,0.006315458869156533,0.05925029247269277,0.0
17114,1.0,0.05,0.00012726215183636152,0.0,0.006315458869156533,0.05539556570651691,0.0
17115,1.0,0.05,0.00012726215183636152,0.0,0.006315458869156533,0.06371247254337845,0.0
17116,1.0,0.05,0.00012726215183636152,0.0,0.00662125692801437,0.06371247254337845,0.0
17117,1.0,0.05,0.00012726215183636152,0.0,0.00662125692801437,0.06371247254337845,0.0
17118,1.0,0.05,0.00012726215183636152,0.0,0.00662125692801437,0.037926975667645135,0.0
17119,1.0,0.05,0.00012726215183636152,0.0,0.00662125692801437,0.04294017676925179,0.0
17120,1.0,0.05,0.00012726215183636152,0.0,0.00662125692801437,0.02857534708431561,0.0
17121,1.0,0.05,0.00012726215183636152,0.0,0.007601560302499531,0.023051739129355528,0.0
17122,1.0,0.05,0.00012726215183636152,0.0,0.007601560302499531,0.018301705700133765,0.0
17123,1.0,0.05,0.00012726215183636152,0.0,0.007601560302499531,0.016689741897555007,0.0
17124,1.0,0.05,0.00012726215183636152,0.0,0.007601560302499531,0.016689741897555007,0.0
17125,1.0,0.05,0.00012567858098729535,0.0,0.007601560302499531,0.025893929089605732,0.0
17126,1.0,0.05,0.00012567858098729535,0.0,0.008073167193303102,0.03831593795105851,0.0
17127,1.0,0.05,0.00012567858098729535,0.0,0.008073167193303102,0.03831593795105851,0.0
17128,1.0,0.05,0.00012567858098729535,0.0,0.008073167193303102,0.052121819333747564,0.0
17129,1.0,0.05,0.00014327080781808944,0.0,0.006159702823028527,0.06076123216254315,0.0
17130,1.0,0.05,0.00013522496486160853,0.0,0.006159702823028527,0.029619320696215853,0.0
17131,1.0,0.05,0.00013522496486160853,0.0,0.006159702823028527,0.029619320696215853,0.0
17132,1.0,0.05,0.00013522496486160853,0.0,0.006159702823028527,0.029619320696215853,0.0
17133,1.0,0.05,0.00012890727847998413,0.0,0.006159702823028527,0.030389078403745894,0.0
17134,1.0,0.05,0.00012890727847998413,0.0,0.006159702823028527,0.030690696556740567,0.0
17135,1.0,0.05,0.00012890727847998413,0.0,0.006159702823028527,0.06662615782297801,0.0
17136,1.0,0.05,0.00012890727847998413,0.0,0.006159702823028527,0.06662615782297801,0.0
17137,1.0,0.05,0.00012890727847998413,0.0,0.006159702823028527,0.06662615782297801,0.0
17138,1.0,0.05,0.00012890727847998413,0.0,0.006159702823028527,0.0767605048726733,0.0
17139,1.0,0.05,0.00012890727847998413,0.0,0.007011325923895925,0.0767605048726733,0.0
17140,1.0,0.05,0.00013164597662102567,0.0,0.006968513396483339,0.0767605048726733,0.0
17141,1.0,0.05,0.00013164597662102567,0.0,0.006839787822998954,0.0767605048726733,0.0
17142,1.0,0.05,0.00013164597662102567,0.0,0.006839787822998954,0.08619315373048393,0.0
17143,1.0,0.05,0.00013164597662102567,0.0,0.006839787822998954,0.045900415337963296,0.0
17144,1.0,0.05,0.0001343577331423335,0.0,0.006839787822998954,0.09483112261962962,0.0
17145,1.0,0.05,0.0001343577331423335,0.0,0.006839787822998954,0.09483112261962962,0.0
17146,1.0,0.05,0.0001343577331423335,0.0,0.006839787822998954,0.09483112261962962,0.0
17147,1.0,0.05,0.0001343577331423335,0.0,0.006839787822998954,0.0736736839526398,0.0
17148,1.0,0.05,0.0001343577331423335,0.0,0.005452886860464814,0.10173360070262003,0.0
17149,1.0,0.05,0.0001343577331423335,0.0,0.005452886860464814,0.04570239729769365,0.0
17150,1.0,0.05,0.0001343577331423335,0.0,0.005452886860464814,0.04570239729769365,0.0
17151,1.0,0.05,0.0001343577331423335,0.0,0.005452886860464814,0.04570239729769365,0.0
17152,1.0,0.05,0.0001343577331423335,0.0,0.006067926539182552,0.02385276497951418,0.0
17153,1.0,0.05,0.0001343577331423335,0.0,0.006067926539182552,0.015415070950377759,0.0
17154,1.0,0.05,0.0001343577331423335,0.0,0.005122396064279723,0.04426773743640595,0.0
17155,1.0,0.05,0.000132543152627577,0.0,0.005122396064279723,0.04426773743640595,0.0
17156,1.0,0.05,0.000132543152627577,0.0,0.005122396064279723,0.04426773743640595,0.0
17157,1.0,0.05,0.000132543152627577,0.0,0.005122396064279723,0.04426773743640595,0.0
17158,1.0,0.05,0.000132543152627577,0.0,0.005122396064279723,0.04426773743640595,0.0
17159,1.0,0.05,0.000132543152627577,0.0,0.006497753070909344,0.04426773743640595,0.0
17160,1.0,0.05,0.000132543152627577,0.0,0.006497753070909344,0.04172593053414769,0.0
17161,1.0,0.05,0.000132543152627577,0.0,0.006497753070909344,0.04172593053414769,0.0
17162,1.0,0.05,0.000132543152627577,0.0,0.006497753070909344,0.04683320334452008,0.0
17163,1.0,0.05,0.000132543152627577,0.0,0.006497753070909344,0.04683320334452008,0.0
17164,1.0,0.05,0.000130488308580396,0.0,0.006497753070909344,0.13691915884471018,0.0
17165,1.0,0.05,0.000130488308580396,0.0,0.006497753070909344,0.1123992132936539,0.0
17166,1.0,0.05,0.000130488308580396,0.0,0.006497753070909344,0.054632527168097675,0.0
17167,1.0,0.05,0.000130488308580396,0.0,0.006520035694497894,0.041300434204569594,0.0
17168,1.0,0.05,0.000130488308580396,0.0,0.006520035694497894,0.026731633431982114,0.0
17169,1.0,0.05,0.000130488308580396,0.0,0.006979108150385718,0.03864563805065802,0.0
17170,1.0,0.05,0.00012766852462727752,0.0,0.006979108150385718,0.01331837642598241,0.0
17171,1.0,0.05,0.00012766852462727752,0.0,0.0060260524826106455,0.061386652824842534,0.0
17172,1.0,0.05,0.00012766852462727752,0.0,0.0060260524826106455,0.06340529053935409,0.0
17173,1.0,0.05,0.00012766852462727752,0.0,0.007341666435456627,0.06340529053935409,0.0
17174,1.0,0.05,0.00014234818705902505,0.0,0.006452318731024273,0.06340529053935409,0.0
17175,1.0,0.05,0.00014234818705902505,0.0,0.006452318731024273,0.08284981852777448,0.0
17176,1.0,0.05,0.00014234818705902505,0.0,0.006452318731024273,0.08284981852777448,0.0
17177,1.0,0.05,0.00014234818705902505,0.0,0.0057160402203754925,0.03155367594941929,0.0
17178,1.0,0.05,0.00014234818705902505,0.0,0.0057160402203754925,0.03155367594941929,0.0
17179,1.0,0.05,0.00014234818705902505,0.0,0.0057160402203754925,0.009491146700512801,0.0
17180,1.0,0.05,0.00014234818705902505,0.0,0.0057160402203754925,0.010409362504578329,0.0
17181,1.0,0.05,0.00013203636558557855,0.0,0.005983939616106614,0.014404972729402159,0.0
17182,1.0,0.05,0.00013203636558557855,0.0,0.005983939616106614,0.014404972729402159,0.0
17183,1.0,0.05,0.00013911061146645986,0.0,0.005983939616106614,0.032787734011283445,0.0
17184,1.0,0.05,0.00013911061146645986,0.0,0.005983939616106614,0.032787734011283445,0.0
17185,1.0,0.05,0.00013911061146645986,0.0,0.005983939616106614,0.032787734011283445,0.0
17186,1.0,0.05,0.00013911061146645986,0.0,0.005983939616106614,0.06325140322714753,0.0
17187,1.0,0.05,0.00013911061146645986,0.0,0.005983939616106614,0.06325140322714753,0.0
17188,1.0,0.05,0.00013911061146645986,0.0,0.005983939616106614,0.05011006944338188,0.0
17189,1.0,0.05,0.00013911061146645986,0.0,0.006078485899912648,0.05011006944338188,0.0
17190,1.0,0.05,0.00013911061146645986,0.0,0.006078485899912648,0.05011006944338188,0.0
17191,1.0,0.05,0.00013911061146645986,0.0,0.006078485899912648,0.05011006944338188,0.0
17192,1.0,0.05,0.00013911061146645986,0.0,0.006078485899912648,0.05011006944338188,0.0
17193,1.0,0.05,0.00013911061146645986,0.0,0.006078485899912648,0.05937073048766006,0.0
17194,1.0,0.05,0.00013911061146645986,0.0,0.006078485899912648,0.09342372938690396,0.0
17195,1.0,0.05,0.00013911061146645986,0.0,0.006452745716280754,0.09342372938690396,0.0
17196,1.0,0.05,0.00013911061146645986,0.0,0.006452745716280754,0.0929692128057131,0.0
17197,1.0,0.05,0.00013911061146645986,0.0,0.006452745716280754,0.0929692128057131,0.0
17198,1.0,0.05,0.00013911061146645986,0.0,0.006452745716280754,0.0929692128057131,0.0
17199,1.0,0.05,0.00013911061146645986,0.0,0.006452745716280754,0.0929692128057131,0.0
17200,1.0,0.05,0.00013911061146645986,0.0,0.00774051075203757,0.04856070440005276,0.0
17201,1.0,0.05,0.00013911061146645986,0.0,0.006245799532633969,0.11404765942957709,0.0
17202,1.0,0.05,0.00013911061146645986,0.0,0.005942010175002072,0.07155815805463592,0.0
17203,1.0,0.05,0.00013911061146645986,0.0,0.005942010175002072,0.07155815805463592,0.0
17204,1.0,0.05,0.00013911061146645986,0.0,0.005942010175002072,0.07155815805463592,0.0
17205,1.0,0.05,0.00013911061146645986,0.0,0.005942010175002072,0.0751599110980229,0.0
17206,1.0,0.05,0.00013911061146645986,0.0,0.005942010175002072,0.0751599110980229,0.0
17207,1.0,0.05,0.00013911061146645986,0.0,0.005942010175002072,0.06766113579603543,0.0
17208,1.0,0.05,0.00013911061146645986,0.0,0.005942010175002072,0.06766113579603543,0.0
17209,1.0,0.05,0.00014010683374862133,0.0,0.005942010175002072,0.06766113579603543,0.0
17210,1.0,0.05,0.00014010683374862133,0.0,0.005942010175002072,0.07576711051075896,0.0
17211,1.0,0.05,0.0001354112095954895,0.0,0.005942010175002072,0.07576711051075896,0.0
17212,1.0,0.05,0.0001354112095954895,0.0,0.005942010175002072,0.05495512260004225,0.0
17213,1.0,0.05,0.0001354112095954895,0.0,0.005942010175002072,0.08802363448203483,0.0
17214,1.0,0.05,0.0001354112095954895,0.0,0.005942010175002072,0.08802363448203483,0.0
17215,1.0,0.05,0.0001354112095954895,0.0,0.005942010175002072,0.08802363448203483,0.0
17216,1.0,0.05,0.0001354112095954895,0.0,0.005942010175002072,0.0518684737907037,0.0
17217,1.0,0.05,0.0001354112095954895,0.0,0.005942010175002072,0.07186518379360023,0.0
17218,1.0,0.05,0.0001354112095954895,0.0,0.005942010175002072,0.07186518379360023,0.0
17219,1.0,0.05,0.0001361193429639931,0.0,0.005942010175002072,0.13657887812399602,0.0
17220,1.0,0.05,0.0001361193429639931,0.0,0.006072728046988337,0.09968209578566908,0.0
17221,1.0,0.05,0.0001361193429639931,0.0,0.006072728046988337,0.09968209578566908,0.0
17222,1.0,0.05,0.0001361193429639931,0.0,0.006072728046988337,0.09968209578566908,0.0
17223,1.0,0.05,0.0001361193429639931,0.0,0.006072728046988337,0.03216143631175349,0.0
17224,1.0,0.05,0.0001361193429639931,0.0,0.006072728046988337,0.03216143631175349,0.0
17225,1.0,0.05,0.0001373987607123466,0.0,0.006072728046988337,0.03216143631175349,0.0
17226,1.0,0.05,0.0001373987607123466,0.0,0.006072728046988337,0.03216143631175349,0.0
17227,1.0,0.05,0.0001373987607123466,0.0,0.006072728046988337,0.03216143631175349,0.0
17228,1.0,0.05,0.0001373987607123466,0.0,0.006072728046988337,0.06791435311052098,0.0
17229,1.0,0.05,0.0001373987607123466,0.0,0.006072728046988337,0.029259580582149513,0.0
17230,1.0,0.05,0.0001373987607123466,0.0,0.006072728046988337,0.03655354722399362,0.0
17231,1.0,0.05,0.0001373987607123466,0.0,0.006072728046988337,0.09295031072119568,0.0
17232,1.0,0.05,0.0001373987607123466,0.0,0.006072728046988337,0.07464299751545873,0.0
17233,1.0,0.05,0.0001373987607123466,0.0,0.006072728046988337,0.07464299751545873,0.0
17234,1.0,0.05,0.0001373987607123466,0.0,0.006072728046988337,0.054927167405057375,0.0
17235,1.0,0.05,0.0001373987607123466,0.0,0.006072728046988337,0.03426564320455484,0.0
17236,1.0,0.05,0.0001373987607123466,0.0,0.006072728046988337,0.0486689165382893,0.0
17237,1.0,0.05,0.0001373987607123466,0.0,0.006072728046988337,0.021050216945184407,0.0
17238,1.0,0.05,0.0001373987607123466,0.0,0.006072728046988337,0.021050216945184407,0.0
17239,1.0,0.05,0.0001373987607123466,0.0,0.005573348106983712,0.021050216945184407,0.0
17240,1.0,0.05,0.0001373987607123466,0.0,0.005573348106983712,0.03756148281613909,0.0
17241,1.0,0.05,0.0001373987607123466,0.0,0.005573348106983712,0.03756148281613909,0.0
17242,1.0,0.05,0.0001373987607123466,0.0,0.005573348106983712,0.04567930806698392,0.0
17243,1.0,0.05,0.0001373987607123466,0.0,0.005573348106983712,0.04567930806698392,0.0
17244,1.0,0.05,0.00013804050490830698,0.0,0.005573348106983712,0.04567930806698392,0.0
17245,1.0,0.05,0.00013804050490830698,0.0,0.005573348106983712,0.04567930806698392,0.0
17246,1.0,0.05,0.00013804050490830698,0.0,0.005573348106983712,0.08380794170256967,0.0
17247,1.0,0.05,0.00013804050490830698,0.0,0.005573348106983712,0.08380794170256967,0.0
17248,1.0,0.05,0.00013804050490830698,0.0,0.005573348106983712,0.02757291946860314,0.0
17249,1.0,0.05,0.00013804050490830698,0.0,0.005573348106983712,0.04612302538020406,0.0
17250,1.0,0.05,0.00013804050490830698,0.0,0.005573348106983712,0.07692464052230785,0.0
17251,1.0,0.05,0.00013804050490830698,0.0,0.005573348106983712,0.07692464052230785,0.0
17252,1.0,0.05,0.00013804050490830698,0.0,0.005573348106983712,0.04342037963007507,0.0
17253,1.0,0.05,0.00013804050490830698,0.0,0.005573348106983712,0.04342037963007507,0.0
17254,1.0,0.05,0.00013804050490830698,0.0,0.005573348106983712,0.04342037963007507,0.0
17255,1.0,0.05,0.00013804050490830698,0.0,0.005573348106983712,0.04342037963007507,0.0
17256,1.0,0.05,0.00013804050490830698,0.0,0.005573348106983712,0.04342037963007507,0.0
17257,1.0,0.05,0.00013804050490830698,0.0,0.005573348106983712,0.05759455528481741,0.0
17258,1.0,0.05,0.00013804050490830698,0.0,0.005573348106983712,0.05759455528481741,0.0
17259,1.0,0.05,0.00013804050490830698,0.0,0.005573348106983712,0.05759455528481741,0.0
17260,1.0,0.05,0.00013804050490830698,0.0,0.005573348106983712,0.05759455528481741,0.0
17261,1.0,0.05,0.00013804050490830698,0.0,0.005573348106983712,0.05759455528481741,0.0
17262,1.0,0.05,0.00013804050490830698,0.0,0.005573348106983712,0.05759455528481741,0.0
17263,1.0,0.05,0.00013804050490830698,0.0,0.005573348106983712,0.10014825365171068,0.0
17264,1.0,0.05,0.00013804050490830698,0.0,0.005573348106983712,0.10014825365171068,0.0
17265,1.0,0.05,0.00013804050490830698,0.0,0.005377152990811454,0.10014825365171068,0.0
17266,1.0,0.05,0.00013804050490830698,0.0,0.005377152990811454,0.10014825365171068,0.0
17267,1.0,0.05,0.00013804050490830698,0.0,0.006424590214973431,0.10014825365171068,0.0
17268,1.0,0.05,0.00013804050490830698,0.0,0.006424590214973431,0.10014825365171068,0.0
17269,1.0,0.05,0.00013804050490830698,0.0,0.006424590214973431,0.07813709070141013,0.0
17270,1.0,0.05,0.0001377128266886262,0.0,0.006233496275538365,0.07813709070141013,0.0
17271,1.0,0.05,0.0001377128266886262,0.0,0.006233496275538365,0.08419916192650728,0.0
17272,1.0,0.05,0.0001377128266886262,0.0,0.006233496275538365,0.08419916192650728,0.0
17273,1.0,0.05,0.0001377128266886262,0.0,0.006233496275538365,0.08419916192650728,0.0
17274,1.0,0.05,0.0001377128266886262,0.0,0.006233496275538365,0.08419916192650728,0.0
17275,1.0,0.05,0.0001377128266886262,0.0,0.006233496275538365,0.08419916192650728,0.0
17276,1.0,0.05,0.0001377128266886262,0.0,0.00618313051134211,0.08419916192650728,0.0
17277,1.0,0.05,0.0001377128266886262,0.0,0.00618313051134211,0.08579050384943462,0.0
17278,1.0,0.05,0.0001377128266886262,0.0,0.00618313051134211,0.08579050384943462,0.0
17279,1.0,0.05,0.0001377128266886262,0.0,0.00618313051134211,0.07866980112897781,0.0
17280,1.0,0.05,0.0001377128266886262,0.0,0.00618313051134211,0.029673555788692095,0.0
17281,1.0,0.05,0.0001377128266886262,0.0,0.00618313051134211,0.013443250831812657,0.0
17282,1.0,0.05,0.00013764412899283976,0.0,0.00618313051134211,0.005799396227774102,0.0
17283,1.0,0.05,0.00013764412899283976,0.0,0.00618313051134211,0.004994408637764267,0.0
17284,1.0,0.05,0.00013764412899283976,0.0,0.00618313051134211,0.005699357094802265,0.0
17285,1.0,0.05,0.00013764412899283976,0.0,0.00618313051134211,0.017882061429463532,0.0
17286,1.0,0.05,0.00013764412899283976,0.0,0.00618313051134211,0.049631665216823176,0.0
17287,1.0,0.05,0.00013764412899283976,0.0,0.00618313051134211,0.049631665216823176,0.0
17288,1.0,0.05,0.00013764412899283976,0.0,0.00618313051134211,0.021653216978324567,0.0
17289,1.0,0.05,0.00013764412899283976,0.0,0.00618313051134211,0.0215867360668393,0.0
17290,1.0,0.05,0.00013764412899283976,0.0,0.00618313051134211,0.025362332683933658,0.0
17291,1.0,0.05,0.00013764412899283976,0.0,0.00618313051134211,0.033506885736825295,0.0
17292,1.0,0.05,0.00013764412899283976,0.0,0.00618313051134211,0.033506885736825295,0.0
17293,1.0,0.05,0.00013764412899283976,0.0,0.00618313051134211,0.01317466321342241,0.0
17294,1.0,0.05,0.00013764412899283976,0.0,0.00618313051134211,0.025789146566475022,0.0
17295,1.0,0.05,0.00014160803447961566,0.0,0.00618313051134211,0.08707901270057446,0.0
17296,1.0,0.05,0.00014160803447961566,0.0,0.00618313051134211,0.08707901270057446,0.0
17297,1.0,0.05,0.00014160803447961566,0.0,0.00618313051134211,0.08707901270057446,0.0
17298,1.0,0.05,0.00014160803447961566,0.0,0.00618313051134211,0.08598797943221069,0.0
17299,1.0,0.05,0.00014160803447961566,0.0,0.006065925278450982,0.08598797943221069,0.0
17300,1.0,0.05,0.00014160803447961566,0.0,0.005830449662524477,0.08598797943221069,0.0
17301,1.0,0.05,0.00014160803447961566,0.0,0.005830449662524477,0.08598797943221069,0.0
17302,1.0,0.05,0.00013241010588000768,0.0,0.005830449662524477,0.04651395297192781,0.0
17303,1.0,0.05,0.00013241010588000768,0.0,0.007534817023322749,0.09996239690256883,0.0
17304,1.0,0.05,0.00013241010588000768,0.0,0.007534817023322749,0.09996239690256883,0.0
17305,1.0,0.05,0.00013241010588000768,0.0,0.006717689765039396,0.06838363418872904,0.0
17306,1.0,0.05,0.00013241010588000768,0.0,0.006717689765039396,0.06838363418872904,0.0
17307,1.0,0.05,0.00013241010588000768,0.0,0.006717689765039396,0.06838363418872904,0.0
17308,1.0,0.05,0.00013241010588000768,0.0,0.006717689765039396,0.06942758269485912,0.0
17309,1.0,0.05,0.00013241010588000768,0.0,0.006717689765039396,0.06942758269485912,0.0
17310,1.0,0.05,0.00013241010588000768,0.0,0.006717689765039396,0.13467676018563068,0.0
17311,1.0,0.05,0.00013241010588000768,0.0,0.006717689765039396,0.13467676018563068,0.0
17312,1.0,0.05,0.00013241010588000768,0.0,0.005935599958604316,0.13467676018563068,0.0
17313,1.0,0.05,0.00013241010588000768,0.0,0.006377326026418683,0.1403895875841887,0.0
17314,1.0,0.05,0.00013241010588000768,0.0,0.005622482070959157,0.1403895875841887,0.0
17315,1.0,0.05,0.00013241010588000768,0.0,0.005622482070959157,0.033986476150699774,0.0
17316,1.0,0.05,0.00013241010588000768,0.0,0.006997816229312124,0.11717343952499647,0.0
17317,1.0,0.05,0.00013241010588000768,0.0,0.006997816229312124,0.09456091117926906,0.0
17318,1.0,0.05,0.00013241010588000768,0.0,0.006301411348943076,0.09456091117926906,0.0
17319,1.0,0.05,0.00013241010588000768,0.0,0.006301411348943076,0.05205851923135,0.0
17320,1.0,0.05,0.00013241010588000768,0.0,0.005984448805056727,0.05205851923135,0.0
17321,1.0,0.05,0.00013241010588000768,0.0,0.005984448805056727,0.045419147628189306,0.0
17322,1.0,0.05,0.00013241010588000768,0.0,0.005984448805056727,0.045419147628189306,0.0
17323,1.0,0.05,0.00013963345513871107,0.0,0.005984448805056727,0.045419147628189306,0.0
17324,1.0,0.05,0.00013963345513871107,0.0,0.005984448805056727,0.045419147628189306,0.0
17325,1.0,0.05,0.000133273094250764,0.0,0.005984448805056727,0.07544548063148049,0.0
17326,1.0,0.05,0.0001305879499435756,0.0,0.005984448805056727,0.07544548063148049,0.0
17327,1.0,0.05,0.0001305879499435756,0.0,0.005984448805056727,0.07544548063148049,0.0
17328,1.0,0.05,0.0001305879499435756,0.0,0.005810982383082302,0.07544548063148049,0.0
17329,1.0,0.05,0.0001305879499435756,0.0,0.005810982383082302,0.0532300907100225,0.0
17330,1.0,0.05,0.0001305879499435756,0.0,0.005810982383082302,0.060539428589558075,0.0
17331,1.0,0.05,0.0001305879499435756,0.0,0.005810982383082302,0.04902540840364365,0.0
17332,1.0,0.05,0.0001305879499435756,0.0,0.005810982383082302,0.04902540840364365,0.0
17333,1.0,0.05,0.0001305879499435756,0.0,0.005810982383082302,0.04902540840364365,0.0
17334,1.0,0.05,0.0001305879499435756,0.0,0.005810982383082302,0.03213532569426908,0.0
17335,1.0,0.05,0.0001305879499435756,0.0,0.005810982383082302,0.03213532569426908,0.0
17336,1.0,0.05,0.0001337734450005644,0.0,0.005810982383082302,0.04995598723666145,0.0
17337,1.0,0.05,0.0001337734450005644,0.0,0.005810982383082302,0.05389124000715606,0.0
17338,1.0,0.05,0.00013249285504466051,0.0,0.005810982383082302,0.05389124000715606,0.0
17339,1.0,0.05,0.00013249285504466051,0.0,0.005810982383082302,0.05389124000715606,0.0
17340,1.0,0.05,0.00013249285504466051,0.0,0.005810982383082302,0.03880984048083183,0.0
17341,1.0,0.05,0.00013249285504466051,0.0,0.005810982383082302,0.03880984048083183,0.0
17342,1.0,0.05,0.00013249285504466051,0.0,0.005810982383082302,0.03880984048083183,0.0
17343,1.0,0.05,0.00013275765658133512,0.0,0.005810982383082302,0.03665156289865898,0.0
17344,1.0,0.05,0.00013275765658133512,0.0,0.005810982383082302,0.05354865221018398,0.0
17345,1.0,0.05,0.00013275765658133512,0.0,0.005810982383082302,0.05354865221018398,0.0
17346,1.0,0.05,0.00013275765658133512,0.0,0.005810982383082302,0.05584434275302386,0.0
17347,1.0,0.05,0.00013275765658133512,0.0,0.005810982383082302,0.05584434275302386,0.0
17348,1.0,0.05,0.0001320414747861526,0.0,0.005810982383082302,0.05584434275302386,0.0
17349,1.0,0.05,0.0001320414747861526,0.0,0.005810982383082302,0.05584434275302386,0.0
17350,1.0,0.05,0.0001320414747861526,0.0,0.005810982383082302,0.06862883899536401,0.0
17351,1.0,0.05,0.0001320414747861526,0.0,0.005810982383082302,0.06862883899536401,0.0
17352,1.0,0.05,0.0001320414747861526,0.0,0.005810982383082302,0.06765488758698161,0.0
17353,1.0,0.05,0.0001320414747861526,0.0,0.005810982383082302,0.050756208963009114,0.0
17354,1.0,0.05,0.0001320414747861526,0.0,0.005810982383082302,0.050756208963009114,0.0
17355,1.0,0.05,0.0001320414747861526,0.0,0.005810982383082302,0.050756208963009114,0.0
17356,1.0,0.05,0.0001320414747861526,0.0,0.005810982383082302,0.050756208963009114,0.0
17357,1.0,0.05,0.0001320414747861526,0.0,0.005810982383082302,0.050756208963009114,0.0
17358,1.0,0.05,0.0001320414747861526,0.0,0.005810982383082302,0.03932829641119136,0.0
17359,1.0,0.05,0.0001320414747861526,0.0,0.005810982383082302,0.03932829641119136,0.0
17360,1.0,0.05,0.0001320414747861526,0.0,0.005810982383082302,0.052558857613849735,0.0
17361,1.0,0.05,0.0001320414747861526,0.0,0.005810982383082302,0.12832934317573408,0.0
17362,1.0,0.05,0.0001320414747861526,0.0,0.005810982383082302,0.03099325715859498,0.0
17363,1.0,0.05,0.0001320414747861526,0.0,0.006056932494686839,0.0580172138015505,0.0
17364,1.0,0.05,0.0001320414747861526,0.0,0.006056932494686839,0.0580172138015505,0.0
17365,1.0,0.05,0.0001320414747861526,0.0,0.006056932494686839,0.0580172138015505,0.0
17366,1.0,0.05,0.0001320414747861526,0.0,0.006056932494686839,0.0580172138015505,0.0
17367,1.0,0.05,0.0001320414747861526,0.0,0.006056932494686839,0.0580172138015505,0.0
17368,1.0,0.05,0.0001320414747861526,0.0,0.006056932494686839,0.0580172138015505,0.0
17369,1.0,0.05,0.0001320414747861526,0.0,0.006056932494686839,0.0580172138015505,0.0
17370,1.0,0.05,0.0001320414747861526,0.0,0.006056932494686839,0.0580172138015505,0.0
17371,1.0,0.05,0.0001394002607649896,0.0,0.006056932494686839,0.0580172138015505,0.0
17372,1.0,0.05,0.0001394002607649896,0.0,0.006056932494686839,0.0580172138015505,0.0
17373,1.0,0.05,0.0001394002607649896,0.0,0.006056932494686839,0.0580172138015505,0.0
17374,1.0,0.05,0.0001394002607649896,0.0,0.006056932494686839,0.0580172138015505,0.0
17375,1.0,0.05,0.0001394002607649896,0.0,0.006056932494686839,0.0580172138015505,0.0
17376,1.0,0.05,0.0001394002607649896,0.0,0.006056932494686839,0.0580172138015505,0.0
17377,1.0,0.05,0.0001394002607649896,0.0,0.006056932494686839,0.0580172138015505,0.0
17378,1.0,0.05,0.0001394002607649896,0.0,0.006056932494686839,0.0580172138015505,0.0
17379,1.0,0.05,0.0001394002607649896,0.0,0.006056932494686839,0.0580172138015505,0.0
17380,1.0,0.05,0.0001394002607649896,0.0,0.006056932494686839,0.0580172138015505,0.0
17381,1.0,0.05,0.0001394002607649896,0.0,0.006056932494686839,0.0580172138015505,0.0
17382,1.0,0.05,0.0001394002607649896,0.0,0.005114562281792544,0.0580172138015505,0.0
17383,1.0,0.05,0.0001394002607649896,0.0,0.005114562281792544,0.0580172138015505,0.0
17384,1.0,0.05,0.0001394002607649896,0.0,0.006446185045662792,0.061366419786502216,0.0
17385,1.0,0.05,0.0001394002607649896,0.0,0.006446185045662792,0.061366419786502216,0.0
17386,1.0,0.05,0.0001394002607649896,0.0,0.006446185045662792,0.061366419786502216,0.0
17387,1.0,0.05,0.0001394002607649896,0.0,0.006446185045662792,0.061366419786502216,0.0
17388,1.0,0.05,0.0001394002607649896,0.0,0.005818463544646947,0.061366419786502216,0.0
17389,1.0,0.05,0.00013721373298772826,0.0,0.005818463544646947,0.09161519828756842,0.0
17390,1.0,0.05,0.00013721373298772826,0.0,0.005818463544646947,0.09161519828756842,0.0
17391,1.0,0.05,0.00013721373298772826,0.0,0.005818463544646947,0.09161519828756842,0.0
17392,1.0,0.05,0.00013721373298772826,0.0,0.005818463544646947,0.09161519828756842,0.0
17393,1.0,0.05,0.00013721373298772826,0.0,0.005818463544646947,0.09161519828756842,0.0
17394,1.0,0.05,0.00013721373298772826,0.0,0.005818463544646947,0.09161519828756842,0.0
17395,1.0,0.05,0.00013721373298772826,0.0,0.005818463544646947,0.09161519828756842,0.0
17396,1.0,0.05,0.00013721373298772826,0.0,0.005818463544646947,0.09161519828756842,0.0
17397,1.0,0.05,0.00013721373298772826,0.0,0.005818463544646947,0.04675379566073698,0.0
17398,1.0,0.05,0.00013721373298772826,0.0,0.005818463544646947,0.04675379566073698,0.0
17399,1.0,0.05,0.00013721373298772826,0.0,0.005449492452985354,0.05151377602138939,0.0
17400,1.0,0.05,0.00013721373298772826,0.0,0.005449492452985354,0.05151377602138939,0.0
17401,1.0,0.05,0.00013721373298772826,0.0,0.005449492452985354,0.11304986098155216,0.0
17402,1.0,0.05,0.00013721373298772826,0.0,0.005209819009261667,0.11304986098155216,0.0
17403,1.0,0.05,0.00013721373298772826,0.0,0.005209819009261667,0.11304986098155216,0.0
17404,1.0,0.05,0.00013721373298772826,0.0,0.006151345037700683,0.11304986098155216,0.0
17405,1.0,0.05,0.00013721373298772826,0.0,0.006151345037700683,0.09922696589170886,0.0
17406,1.0,0.05,0.00013721373298772826,0.0,0.006151345037700683,0.051025221356133535,0.0
17407,1.0,0.05,0.00013721373298772826,0.0,0.006151345037700683,0.051025221356133535,0.0
17408,1.0,0.05,0.00013721373298772826,0.0,0.006151345037700683,0.051025221356133535,0.0
17409,1.0,0.05,0.00013721373298772826,0.0,0.006151345037700683,0.051025221356133535,0.0
17410,1.0,0.05,0.00013721373298772826,0.0,0.006151345037700683,0.051025221356133535,0.0
17411,1.0,0.05,0.00013028098291197377,0.0,0.006151345037700683,0.051025221356133535,0.0
17412,1.0,0.05,0.00013028098291197377,0.0,0.006151345037700683,0.051025221356133535,0.0
17413,1.0,0.05,0.00013028098291197377,0.0,0.006151345037700683,0.051025221356133535,0.0
17414,1.0,0.05,0.00013028098291197377,0.0,0.006151345037700683,0.051025221356133535,0.0
17415,1.0,0.05,0.00013028098291197377,0.0,0.006151345037700683,0.051025221356133535,0.0
17416,1.0,0.05,0.00013028098291197377,0.0,0.006151345037700683,0.02515090355946983,0.0
17417,1.0,0.05,0.00013028098291197377,0.0,0.006151345037700683,0.045576026593630456,0.0
17418,1.0,0.05,0.00013028098291197377,0.0,0.006151345037700683,0.06340716307003198,0.0
17419,1.0,0.05,0.00013028098291197377,0.0,0.006151345037700683,0.06340716307003198,0.0
17420,1.0,0.05,0.00013028098291197377,0.0,0.005502403325451263,0.06340716307003198,0.0
17421,1.0,0.05,0.00013028098291197377,0.0,0.005557011905304024,0.06340716307003198,0.0
17422,1.0,0.05,0.00013028098291197377,0.0,0.005557011905304024,0.06340716307003198,0.0
17423,1.0,0.05,0.00013028098291197377,0.0,0.005557011905304024,0.06340716307003198,0.0
17424,1.0,0.05,0.00013028098291197377,0.0,0.005557011905304024,0.10686912829570602,0.0
17425,1.0,0.05,0.00013373411851730932,0.0,0.005557011905304024,0.10686912829570602,0.0
17426,1.0,0.05,0.00013595192977809923,0.0,0.005557011905304024,0.10686912829570602,0.0
17427,1.0,0.05,0.00013595192977809923,0.0,0.005416495593063697,0.09409929228148062,0.0
17428,1.0,0.05,0.00013595192977809923,0.0,0.005416495593063697,0.09409929228148062,0.0
17429,1.0,0.05,0.00013595192977809923,0.0,0.005416495593063697,0.06576171938106322,0.0
17430,1.0,0.05,0.00013595192977809923,0.0,0.005905517143475376,0.06576171938106322,0.0
17431,1.0,0.05,0.00013595192977809923,0.0,0.006250552846539364,0.06576171938106322,0.0
17432,1.0,0.05,0.00013595192977809923,0.0,0.006250552846539364,0.06946625301588102,0.0
17433,1.0,0.05,0.00014302763532940969,0.0,0.006250552846539364,0.06946625301588102,0.0
17434,1.0,0.05,0.00014302763532940969,0.0,0.006250552846539364,0.06946625301588102,0.0
17435,1.0,0.05,0.00014302763532940969,0.0,0.0062065471493576935,0.032686848981957235,0.0
17436,1.0,0.05,0.00014302763532940969,0.0,0.0062065471493576935,0.05048109482003859,0.0
17437,1.0,0.05,0.00014302763532940969,0.0,0.0062065471493576935,0.05048109482003859,0.0
17438,1.0,0.05,0.00014302763532940969,0.0,0.006102862884000479,0.05476760713645411,0.0
17439,1.0,0.05,0.00014302763532940969,0.0,0.006102862884000479,0.05476760713645411,0.0
17440,1.0,0.05,0.00014302763532940969,0.0,0.006102862884000479,0.05476760713645411,0.0
17441,1.0,0.05,0.00014302763532940969,0.0,0.006102862884000479,0.05476760713645411,0.0
17442,1.0,0.05,0.0001369848680847657,0.0,0.006102862884000479,0.07954509775744636,0.0
17443,1.0,0.05,0.0001369848680847657,0.0,0.006102862884000479,0.07954509775744636,0.0
17444,1.0,0.05,0.0001369848680847657,0.0,0.006102862884000479,0.02774536496720647,0.0
17445,1.0,0.05,0.0001369848680847657,0.0,0.006102862884000479,0.030415288023843277,0.0
17446,1.0,0.05,0.0001369848680847657,0.0,0.006102862884000479,0.030415288023843277,0.0
17447,1.0,0.05,0.0001369848680847657,0.0,0.006102862884000479,0.04868243482547456,0.0
17448,1.0,0.05,0.0001369848680847657,0.0,0.006102862884000479,0.04868243482547456,0.0
17449,1.0,0.05,0.0001369848680847657,0.0,0.006102862884000479,0.015656985600450715,0.0
17450,1.0,0.05,0.0001369848680847657,0.0,0.006102862884000479,0.015656985600450715,0.0
17451,1.0,0.05,0.0001369848680847657,0.0,0.006102862884000479,0.015656985600450715,0.0
17452,1.0,0.05,0.0001369848680847657,0.0,0.006102862884000479,0.042956053147661474,0.0
17453,1.0,0.05,0.0001369848680847657,0.0,0.006378634295722392,0.08524122627259893,0.0
17454,1.0,0.05,0.0001369848680847657,0.0,0.006378634295722392,0.08524122627259893,0.0
17455,1.0,0.05,0.00012953923724848713,0.0,0.006167719487584311,0.08524122627259893,0.0
17456,1.0,0.05,0.00013535835471856705,0.0,0.006167719487584311,0.08524122627259893,0.0
17457,1.0,0.05,0.00013535835471856705,0.0,0.006167719487584311,0.08524122627259893,0.0
17458,1.0,0.05,0.00013535835471856705,0.0,0.006167719487584311,0.034949101320079376,0.0
17459,1.0,0.05,0.00013535835471856705,0.0,0.006167719487584311,0.03167937520639004,0.0
17460,1.0,0.05,0.00013535835471856705,0.0,0.006167719487584311,0.03167937520639004,0.0
17461,1.0,0.05,0.00013535835471856705,0.0,0.006167719487584311,0.061287107067719566,0.0
17462,1.0,0.05,0.00013535835471856705,0.0,0.006167719487584311,0.04485010279893857,0.0
17463,1.0,0.05,0.00013535835471856705,0.0,0.006167719487584311,0.04485010279893857,0.0
17464,1.0,0.05,0.00013535835471856705,0.0,0.006167719487584311,0.04485010279893857,0.0
17465,1.0,0.05,0.00013535835471856705,0.0,0.006167719487584311,0.04485010279893857,0.0
17466,1.0,0.05,0.00013535835471856705,0.0,0.006167719487584311,0.04485010279893857,0.0
17467,1.0,0.05,0.00013839760417072843,0.0,0.006167719487584311,0.04485010279893857,0.0
17468,1.0,0.05,0.00013839760417072843,0.0,0.006167719487584311,0.009722797316095395,0.0
17469,1.0,0.05,0.00013839760417072843,0.0,0.006167719487584311,0.0770314034107768,0.0
17470,1.0,0.05,0.00013839760417072843,0.0,0.005460180408144079,0.04764265588256042,0.0
17471,1.0,0.05,0.00013839760417072843,0.0,0.005460180408144079,0.04764265588256042,0.0
17472,1.0,0.05,0.00013839760417072843,0.0,0.005460180408144079,0.04764265588256042,0.0
17473,1.0,0.05,0.00013839760417072843,0.0,0.005460180408144079,0.09549287041084042,0.0
17474,1.0,0.05,0.00013839760417072843,0.0,0.005460180408144079,0.0743665367637572,0.0
17475,1.0,0.05,0.00012466665444907032,0.0,0.005460180408144079,0.0743665367637572,0.0
17476,1.0,0.05,0.00012466665444907032,0.0,0.007505387375048199,0.0743665367637572,0.0
17477,1.0,0.05,0.00012466665444907032,0.0,0.007709463010243306,0.058094793194802506,0.0
17478,1.0,0.05,0.00012466665444907032,0.0,0.007709463010243306,0.14811537471705516,0.0
17479,1.0,0.05,0.00012466665444907032,0.0,0.007709463010243306,0.1643773211586717,0.0
17480,1.0,0.05,0.00012466665444907032,0.0,0.007709463010243306,0.12022681428248266,0.0
17481,1.0,0.05,0.00012466665444907032,0.0,0.010569122368701013,0.06507784208708892,0.0
17482,1.0,0.05,0.00012466665444907032,0.0,0.010569122368701013,0.09372910317939297,0.0
17483,1.0,0.05,0.00012466665444907032,0.0,0.008393964330869572,0.09372910317939297,0.0
17484,1.0,0.05,0.00012466665444907032,0.0,0.008393964330869572,0.09372910317939297,0.0
17485,1.0,0.05,0.00011983386135286131,0.0,0.008532355535482887,0.09372910317939297,0.0
17486,1.0,0.05,0.00011983386135286131,0.0,0.006980376062875884,0.09372910317939297,0.0
17487,1.0,0.05,0.00013050116443426283,0.0,0.006980376062875884,0.09372910317939297,0.0
17488,1.0,0.05,0.00013050116443426283,0.0,0.007477553094534014,0.09372910317939297,0.0
17489,1.0,0.05,0.00013050116443426283,0.0,0.0073282360601508705,0.09372910317939297,0.0
17490,1.0,0.05,0.00013050116443426283,0.0,0.007216881690456142,0.09372910317939297,0.0
17491,1.0,0.05,0.00013050116443426283,0.0,0.007216881690456142,0.06535638364005983,0.0
17492,1.0,0.05,0.00013050116443426283,0.0,0.007216881690456142,0.08819951600846997,0.0
17493,1.0,0.05,0.00013050116443426283,0.0,0.007300259361441629,0.08687009841561547,0.0
17494,1.0,0.05,0.00013050116443426283,0.0,0.007300259361441629,0.06558167500981976,0.0
17495,1.0,0.05,0.00013050116443426283,0.0,0.0057266369129654274,0.035251978951023596,0.0
17496,1.0,0.05,0.00013050116443426283,0.0,0.0057266369129654274,0.035251978951023596,0.0
17497,1.0,0.05,0.00013050116443426283,0.0,0.0057266369129654274,0.07570262817479878,0.0
17498,1.0,0.05,0.00013050116443426283,0.0,0.0057266369129654274,0.07570262817479878,0.0
17499,1.0,0.05,0.00013050116443426283,0.0,0.0057266369129654274,0.07570262817479878,0.0
17500,1.0,0.05,0.00013050116443426283,0.0,0.005751921479361758,0.07570262817479878,0.0
17501,1.0,0.05,0.00013050116443426283,0.0,0.006247554658858467,0.07570262817479878,0.0
17502,1.0,0.05,0.00013050116443426283,0.0,0.006247554658858467,0.07570262817479878,0.0
17503,1.0,0.05,0.00013050116443426283,0.0,0.006317949046117695,0.07570262817479878,0.0
17504,1.0,0.05,0.00013050116443426283,0.0,0.007950559062739539,0.07570262817479878,0.0
17505,1.0,0.05,0.00013050116443426283,0.0,0.007950559062739539,0.06429812079487421,0.0
17506,1.0,0.05,0.00013050116443426283,0.0,0.007950559062739539,0.08529241997673624,0.0
17507,1.0,0.05,0.00013050116443426283,0.0,0.007950559062739539,0.08529241997673624,0.0
17508,1.0,0.05,0.00013236028624929257,0.0,0.007950559062739539,0.12164868709468485,0.0
17509,1.0,0.05,0.0001243478314951933,0.0,0.007950559062739539,0.12164868709468485,0.0
17510,1.0,0.05,0.0001243478314951933,0.0,0.007950559062739539,0.11706186447722333,0.0
17511,1.0,0.05,0.0001161239263346686,0.0,0.007950559062739539,0.1395223078321611,0.0
17512,1.0,0.05,0.00012132824592300711,0.0,0.007950559062739539,0.1395223078321611,0.0
17513,1.0,0.05,0.00012675781020376543,0.0,0.007950559062739539,0.07684359135906127,0.0
17514,1.0,0.05,0.00012675781020376543,0.0,0.008994490377589603,0.07684359135906127,0.0
17515,1.0,0.05,0.00012675781020376543,0.0,0.008994490377589603,0.09901375388313684,0.0
17516,1.0,0.05,0.00012675781020376543,0.0,0.005971396169516095,0.046475396099939725,0.0
17517,1.0,0.05,0.00012675781020376543,0.0,0.005971396169516095,0.014685081409266977,0.0
17518,1.0,0.05,0.00012675781020376543,0.0,0.005971396169516095,0.025000739876916214,0.0
17519,1.0,0.05,0.00012675781020376543,0.0,0.005971396169516095,0.025000739876916214,0.0
17520,1.0,0.05,0.00012675781020376543,0.0,0.005971396169516095,0.01895870883473881,0.0
17521,1.0,0.05,0.00012675781020376543,0.0,0.005971396169516095,0.028518887306610605,0.0
17522,1.0,0.05,0.00012675781020376543,0.0,0.005971396169516095,0.009082118731664673,0.0
17523,1.0,0.05,0.00012675781020376543,0.0,0.005971396169516095,0.009082118731664673,0.0
17524,1.0,0.05,0.00012675781020376543,0.0,0.005971396169516095,0.009082118731664673,0.0
17525,1.0,0.05,0.00012675781020376543,0.0,0.0058755055542504455,0.015469522001652233,0.0
17526,1.0,0.05,0.00012675781020376543,0.0,0.0058755055542504455,0.015961294426963386,0.0
17527,1.0,0.05,0.00012675781020376543,0.0,0.0058755055542504455,0.03595243213041614,0.0
17528,1.0,0.05,0.00012675781020376543,0.0,0.0058755055542504455,0.03595243213041614,0.0
17529,1.0,0.05,0.00012675781020376543,0.0,0.0058755055542504455,0.057207870375337005,0.0
17530,1.0,0.05,0.00012675781020376543,0.0,0.006058061304159313,0.057207870375337005,0.0
17531,1.0,0.05,0.00012675781020376543,0.0,0.006058061304159313,0.057207870375337005,0.0
17532,1.0,0.05,0.00012675781020376543,0.0,0.006058061304159313,0.057207870375337005,0.0
17533,1.0,0.05,0.00012675781020376543,0.0,0.006058061304159313,0.057207870375337005,0.0
17534,1.0,0.05,0.00012675781020376543,0.0,0.006058061304159313,0.057207870375337005,0.0
17535,1.0,0.05,0.00012675781020376543,0.0,0.006058061304159313,0.07339458421048314,0.0
17536,1.0,0.05,0.00012675781020376543,0.0,0.006058061304159313,0.07339458421048314,0.0
17537,1.0,0.05,0.00012675781020376543,0.0,0.006058061304159313,0.07339458421048314,0.0
17538,1.0,0.05,0.00012675781020376543,0.0,0.006058061304159313,0.07339458421048314,0.0
17539,1.0,0.05,0.00012675781020376543,0.0,0.006429278784311658,0.07339458421048314,0.0
17540,1.0,0.05,0.00012675781020376543,0.0,0.006429278784311658,0.07339458421048314,0.0
17541,1.0,0.05,0.00012675781020376543,0.0,0.006429278784311658,0.07339458421048314,0.0
17542,1.0,0.05,0.00012675781020376543,0.0,0.006429278784311658,0.07339458421048314,0.0
17543,1.0,0.05,0.00012675781020376543,0.0,0.006971376333257495,0.07339458421048314,0.0
17544,1.0,0.05,0.00012675781020376543,0.0,0.006971376333257495,0.11193546211026459,0.0
17545,1.0,0.05,0.00012675781020376543,0.0,0.006971376333257495,0.037150622641944915,0.0
17546,1.0,0.05,0.00012675781020376543,0.0,0.006971376333257495,0.06507506859120187,0.0
17547,1.0,0.05,0.00012675781020376543,0.0,0.006971376333257495,0.06507506859120187,0.0
17548,1.0,0.05,0.00012675781020376543,0.0,0.006971376333257495,0.06507506859120187,0.0
17549,1.0,0.05,0.00012675781020376543,0.0,0.006971376333257495,0.06507506859120187,0.0
17550,1.0,0.05,0.00012675781020376543,0.0,0.006971376333257495,0.06507506859120187,0.0
17551,1.0,0.05,0.00012675781020376543,0.0,0.006971376333257495,0.06507506859120187,0.0
17552,1.0,0.05,0.00012675781020376543,0.0,0.006971376333257495,0.06507506859120187,0.0
17553,1.0,0.05,0.00012675781020376543,0.0,0.006971376333257495,0.06507506859120187,0.0
17554,1.0,0.05,0.00012675781020376543,0.0,0.00618205269742621,0.06507506859120187,0.0
17555,1.0,0.05,0.00012675781020376543,0.0,0.00618205269742621,0.06507506859120187,0.0
17556,1.0,0.05,0.00012675781020376543,0.0,0.00618205269742621,0.09471139531255057,0.0
17557,1.0,0.05,0.00012675781020376543,0.0,0.00618205269742621,0.07530417629057384,0.0
17558,1.0,0.05,0.0001315256605185097,0.0,0.00618205269742621,0.07530417629057384,0.0
17559,1.0,0.05,0.00014262434118937595,0.0,0.005185253419272536,0.07530417629057384,0.0
17560,1.0,0.05,0.00014262434118937595,0.0,0.005185253419272536,0.07530417629057384,0.0
17561,1.0,0.05,0.00014262434118937595,0.0,0.005185253419272536,0.07530417629057384,0.0
17562,1.0,0.05,0.00014299036388120898,0.0,0.005185253419272536,0.047275031262201894,0.0
17563,1.0,0.05,0.00014299036388120898,0.0,0.005185253419272536,0.047275031262201894,0.0
17564,1.0,0.05,0.00014299036388120898,0.0,0.005185253419272536,0.047275031262201894,0.0
17565,1.0,0.05,0.00014299036388120898,0.0,0.005185253419272536,0.052871362202322365,0.0
17566,1.0,0.05,0.0001433343913838282,0.0,0.005185253419272536,0.052871362202322365,0.0
17567,1.0,0.05,0.0001433343913838282,0.0,0.005185253419272536,0.052871362202322365,0.0
17568,1.0,0.05,0.00013585372699091976,0.0,0.005185253419272536,0.052871362202322365,0.0
17569,1.0,0.05,0.00013585372699091976,0.0,0.00516248028663538,0.03255504712291836,0.0
17570,1.0,0.05,0.00013585372699091976,0.0,0.006787675019810241,0.03255504712291836,0.0
17571,1.0,0.05,0.00013585372699091976,0.0,0.006900447180495015,0.04498853707748897,0.0
17572,1.0,0.05,0.00013585372699091976,0.0,0.006574135673410884,0.07610081492153867,0.0
17573,1.0,0.05,0.00013585372699091976,0.0,0.006574135673410884,0.07610081492153867,0.0
17574,1.0,0.05,0.00013585372699091976,0.0,0.006574135673410884,0.07610081492153867,0.0
17575,1.0,0.05,0.00012709804095493098,0.0,0.006500802822626357,0.07610081492153867,0.0
17576,1.0,0.05,0.00012709804095493098,0.0,0.007064202133531836,0.07610081492153867,0.0
17577,1.0,0.05,0.00012709804095493098,0.0,0.007064202133531836,0.051889262450069626,0.0
17578,1.0,0.05,0.00012709804095493098,0.0,0.007064202133531836,0.04341639472277171,0.0
17579,1.0,0.05,0.00012709804095493098,0.0,0.007064202133531836,0.04341639472277171,0.0
17580,1.0,0.05,0.00013062937705844862,0.0,0.007064202133531836,0.04341639472277171,0.0
17581,1.0,0.05,0.00013062937705844862,0.0,0.0061281621984179855,0.04341639472277171,0.0
17582,1.0,0.05,0.00013062937705844862,0.0,0.0061281621984179855,0.04341639472277171,0.0
17583,1.0,0.05,0.00013062937705844862,0.0,0.0061281621984179855,0.04341639472277171,0.0
17584,1.0,0.05,0.00013062937705844862,0.0,0.005619292389320947,0.04341639472277171,0.0
17585,1.0,0.05,0.00013062937705844862,0.0,0.005619292389320947,0.04341639472277171,0.0
17586,1.0,0.05,0.00013062937705844862,0.0,0.005619292389320947,0.04341639472277171,0.0
17587,1.0,0.05,0.00013062937705844862,0.0,0.007303335127424433,0.04341639472277171,0.0
17588,1.0,0.05,0.00013062937705844862,0.0,0.00721619060630274,0.05673110248192538,0.0
17589,1.0,0.05,0.00013062937705844862,0.0,0.006031382432922506,0.05673110248192538,0.0
17590,1.0,0.05,0.00013062937705844862,0.0,0.006031382432922506,0.03366994773229438,0.0
17591,1.0,0.05,0.00013794591188596772,0.0,0.006031382432922506,0.02911983354352083,0.0
17592,1.0,0.05,0.00013794591188596772,0.0,0.006031382432922506,0.06898129813299597,0.0
17593,1.0,0.05,0.00013794591188596772,0.0,0.006031382432922506,0.06898129813299597,0.0
17594,1.0,0.05,0.00013794591188596772,0.0,0.006031382432922506,0.04445777661049266,0.0
17595,1.0,0.05,0.00013794591188596772,0.0,0.006031382432922506,0.04445777661049266,0.0
17596,1.0,0.05,0.00013794591188596772,0.0,0.006031382432922506,0.04445777661049266,0.0
17597,1.0,0.05,0.00013794591188596772,0.0,0.006031382432922506,0.08231560202101475,0.0
17598,1.0,0.05,0.00013794591188596772,0.0,0.006031382432922506,0.08231560202101475,0.0
17599,1.0,0.05,0.00013794591188596772,0.0,0.006031382432922506,0.08231560202101475,0.0
17600,1.0,0.05,0.00013794591188596772,0.0,0.006031382432922506,0.08231560202101475,0.0
17601,1.0,0.05,0.00013794591188596772,0.0,0.006031382432922506,0.045049495600178915,0.0
17602,1.0,0.05,0.00013794591188596772,0.0,0.006031382432922506,0.07910840472680732,0.0
17603,1.0,0.05,0.00013794591188596772,0.0,0.006031382432922506,0.07910840472680732,0.0
17604,1.0,0.05,0.00013794591188596772,0.0,0.006031382432922506,0.07910840472680732,0.0
17605,1.0,0.05,0.00013794591188596772,0.0,0.006023323385851788,0.03252644195746766,0.0
17606,1.0,0.05,0.00013794591188596772,0.0,0.006023323385851788,0.07682438488080004,0.0
17607,1.0,0.05,0.00013794591188596772,0.0,0.006063741996182323,0.07682438488080004,0.0
17608,1.0,0.05,0.00013794591188596772,0.0,0.006063741996182323,0.07682438488080004,0.0
17609,1.0,0.05,0.00013794591188596772,0.0,0.006063741996182323,0.044336303096572625,0.0
17610,1.0,0.05,0.00013794591188596772,0.0,0.006063741996182323,0.07409372746172235,0.0
17611,1.0,0.05,0.00013794591188596772,0.0,0.006063741996182323,0.054496283029249255,0.0
17612,1.0,0.05,0.00013794591188596772,0.0,0.006063741996182323,0.033590755215342556,0.0
17613,1.0,0.05,0.00013794591188596772,0.0,0.006063741996182323,0.06966806059966019,0.0
17614,1.0,0.05,0.00013794591188596772,0.0,0.006063741996182323,0.12739583978729846,0.0
17615,1.0,0.05,0.00013794591188596772,0.0,0.0060058465231565515,0.12739583978729846,0.0
17616,1.0,0.05,0.00013794591188596772,0.0,0.0060058465231565515,0.04079514094350465,0.0
17617,1.0,0.05,0.00013794591188596772,0.0,0.005492503448018965,0.020016105011732864,0.0
17618,1.0,0.05,0.00013794591188596772,0.0,0.005492503448018965,0.033802663523453215,0.0
17619,1.0,0.05,0.0001353168968119579,0.0,0.006496419658882526,0.04781145593515782,0.0
17620,1.0,0.05,0.00013632790740938835,0.0,0.006496419658882526,0.12616486685562625,0.0
17621,1.0,0.05,0.00013632790740938835,0.0,0.006496419658882526,0.12616486685562625,0.0
17622,1.0,0.05,0.00013632790740938835,0.0,0.006496419658882526,0.12616486685562625,0.0
17623,1.0,0.05,0.00013632790740938835,0.0,0.006496419658882526,0.08210720372701887,0.0
17624,1.0,0.05,0.00013632790740938835,0.0,0.005493800908962257,0.08210720372701887,0.0
17625,1.0,0.05,0.00013632790740938835,0.0,0.005493800908962257,0.08210720372701887,0.0
17626,1.0,0.05,0.00013632790740938835,0.0,0.005493800908962257,0.06343854613205974,0.0
17627,1.0,0.05,0.00013632790740938835,0.0,0.006015835624902429,0.06343854613205974,0.0
17628,1.0,0.05,0.00013632790740938835,0.0,0.006015835624902429,0.06343854613205974,0.0
17629,1.0,0.05,0.00013632790740938835,0.0,0.006015835624902429,0.06343854613205974,0.0
17630,1.0,0.05,0.00013632790740938835,0.0,0.006015835624902429,0.06343854613205974,0.0
17631,1.0,0.05,0.00013577875373760645,0.0,0.006015835624902429,0.06343854613205974,0.0
17632,1.0,0.05,0.0001369730589493057,0.0,0.006015835624902429,0.06343854613205974,0.0
17633,1.0,0.05,0.0001369730589493057,0.0,0.006015835624902429,0.055189995740323676,0.0
17634,1.0,0.05,0.0001369730589493057,0.0,0.006015835624902429,0.055189995740323676,0.0
17635,1.0,0.05,0.0001369730589493057,0.0,0.006015835624902429,0.055189995740323676,0.0
17636,1.0,0.05,0.0001369730589493057,0.0,0.006015835624902429,0.04423876478430823,0.0
17637,1.0,0.05,0.0001369730589493057,0.0,0.006015835624902429,0.07955501443328529,0.0
17638,1.0,0.05,0.00013317162909846794,0.0,0.006015835624902429,0.07955501443328529,0.0
17639,1.0,0.05,0.00013317162909846794,0.0,0.006261994118626291,0.07955501443328529,0.0
17640,1.0,0.05,0.00013169235631664875,0.0,0.006261994118626291,0.061499521789340754,0.0
17641,1.0,0.05,0.00013169235631664875,0.0,0.006261994118626291,0.061499521789340754,0.0
17642,1.0,0.05,0.00013169235631664875,0.0,0.006261994118626291,0.061499521789340754,0.0
17643,1.0,0.05,0.00013169235631664875,0.0,0.006261994118626291,0.04567568912739925,0.0
17644,1.0,0.05,0.00013169235631664875,0.0,0.006261994118626291,0.06503349603071036,0.0
17645,1.0,0.05,0.00013169235631664875,0.0,0.006261994118626291,0.06172506172025592,0.0
17646,1.0,0.05,0.00013169235631664875,0.0,0.006059613387455444,0.06172506172025592,0.0
17647,1.0,0.05,0.00013169235631664875,0.0,0.006059613387455444,0.06172506172025592,0.0
17648,1.0,0.05,0.00013169235631664875,0.0,0.006059613387455444,0.06172506172025592,0.0
17649,1.0,0.05,0.00013169235631664875,0.0,0.006059613387455444,0.05301185509426391,0.0
17650,1.0,0.05,0.00013169235631664875,0.0,0.006059613387455444,0.05301185509426391,0.0
17651,1.0,0.05,0.00013169235631664875,0.0,0.006059613387455444,0.05301185509426391,0.0
17652,1.0,0.05,0.00013169235631664875,0.0,0.006059613387455444,0.05301185509426391,0.0
17653,1.0,0.05,0.00013169235631664875,0.0,0.0064944818514463595,0.05672952103348731,0.0
17654,1.0,0.05,0.00013169235631664875,0.0,0.0064944818514463595,0.09174278387412062,0.0
17655,1.0,0.05,0.00012454830148545595,0.0,0.0064944818514463595,0.09174278387412062,0.0
17656,1.0,0.05,0.00012454830148545595,0.0,0.008107335006265924,0.09174278387412062,0.0
17657,1.0,0.05,0.00012454830148545595,0.0,0.005953386776620257,0.06775398871693893,0.0
17658,1.0,0.05,0.00012454830148545595,0.0,0.005953386776620257,0.06775398871693893,0.0
17659,1.0,0.05,0.00012454830148545595,0.0,0.005953386776620257,0.07228901697057756,0.0
17660,1.0,0.05,0.00012454830148545595,0.0,0.005953386776620257,0.050022960709941625,0.0
17661,1.0,0.05,0.00012454830148545595,0.0,0.005953386776620257,0.050022960709941625,0.0
17662,1.0,0.05,0.00012454830148545595,0.0,0.007830452565321654,0.06160957599258763,0.0
17663,1.0,0.05,0.00012454830148545595,0.0,0.007830452565321654,0.05642345606186207,0.0
17664,1.0,0.05,0.00012454830148545595,0.0,0.007830452565321654,0.05642345606186207,0.0
17665,1.0,0.05,0.00012454830148545595,0.0,0.006496748465290601,0.15699053333049814,0.0
17666,1.0,0.05,0.00012454830148545595,0.0,0.00713625725527905,0.04152601829239086,0.0
17667,1.0,0.05,0.00012454830148545595,0.0,0.00713625725527905,0.05734677078385794,0.0
17668,1.0,0.05,0.00012454830148545595,0.0,0.007468097794295963,0.08124050729438706,0.0
17669,1.0,0.05,0.00012454830148545595,0.0,0.007468097794295963,0.13572589939005947,0.0
17670,1.0,0.05,0.00012454830148545595,0.0,0.006519384999516748,0.1062483232890136,0.0
17671,1.0,0.05,0.00012454830148545595,0.0,0.006519384999516748,0.1062483232890136,0.0
17672,1.0,0.05,0.00012091575575100068,0.0,0.006519384999516748,0.1062483232890136,0.0
17673,1.0,0.05,0.00012091575575100068,0.0,0.006519384999516748,0.1062483232890136,0.0
17674,1.0,0.05,0.00012091575575100068,0.0,0.008568991439993222,0.1062483232890136,0.0
17675,1.0,0.05,0.00012091575575100068,0.0,0.008568991439993222,0.1062483232890136,0.0
17676,1.0,0.05,0.00012091575575100068,0.0,0.008568991439993222,0.12005388003046485,0.0
17677,1.0,0.05,0.00012091575575100068,0.0,0.006231579777882264,0.12005388003046485,0.0
17678,1.0,0.05,0.00012091575575100068,0.0,0.006231579777882264,0.061215098237401414,0.0
17679,1.0,0.05,0.00012091575575100068,0.0,0.008515091627628724,0.062076202878664305,0.0
17680,1.0,0.05,0.00013813340207053545,0.0,0.008381572512125431,0.062076202878664305,0.0
17681,1.0,0.05,0.00011005921328511774,0.0,0.008452292351806176,0.062076202878664305,0.0
17682,1.0,0.05,0.00011005921328511774,0.0,0.008452292351806176,0.0497113243219812,0.0
17683,1.0,0.05,0.00011477339621238427,0.0,0.008122741010374569,0.129045183191254,0.0
17684,1.0,0.05,0.00011477339621238427,0.0,0.008122741010374569,0.16380050514747085,0.0
17685,1.0,0.05,0.00011477339621238427,0.0,0.008122741010374569,0.16380050514747085,0.0
17686,1.0,0.05,0.00011477339621238427,0.0,0.008122741010374569,0.17061516465617044,0.0
17687,1.0,0.05,0.00011477339621238427,0.0,0.008122741010374569,0.17061516465617044,0.0
17688,1.0,0.05,0.00011477339621238427,0.0,0.008122741010374569,0.09179332144737043,0.0
17689,1.0,0.05,0.00011477339621238427,0.0,0.008122741010374569,0.09179332144737043,0.0
17690,1.0,0.05,0.00011477339621238427,0.0,0.008122741010374569,0.09179332144737043,0.0
17691,1.0,0.05,0.00011477339621238427,0.0,0.008122741010374569,0.09179332144737043,0.0
17692,1.0,0.05,0.00011477339621238427,0.0,0.008122741010374569,0.09179332144737043,0.0
17693,1.0,0.05,0.00011477339621238427,0.0,0.008122741010374569,0.05896112608133142,0.0
17694,1.0,0.05,0.00011477339621238427,0.0,0.008122741010374569,0.09536982680788966,0.0
17695,1.0,0.05,0.00011477339621238427,0.0,0.008122741010374569,0.09536982680788966,0.0
17696,1.0,0.05,0.00011996105691307332,0.0,0.008122741010374569,0.09536982680788966,0.0
17697,1.0,0.05,0.00011996105691307332,0.0,0.0069823938986189014,0.09536982680788966,0.0
17698,1.0,0.05,0.00013261209695558733,0.0,0.0069823938986189014,0.09536982680788966,0.0
17699,1.0,0.05,0.00013261209695558733,0.0,0.006363205520433792,0.09536982680788966,0.0
17700,1.0,0.05,0.00013261209695558733,0.0,0.006363205520433792,0.08188474696880477,0.0
17701,1.0,0.05,0.00013261209695558733,0.0,0.006217099003641405,0.08188474696880477,0.0
17702,1.0,0.05,0.00013261209695558733,0.0,0.006415817895806714,0.08188474696880477,0.0
17703,1.0,0.05,0.00013363653612253,0.0,0.006415817895806714,0.08188474696880477,0.0
17704,1.0,0.05,0.00013363653612253,0.0,0.006415817895806714,0.08188474696880477,0.0
17705,1.0,0.05,0.00013363653612253,0.0,0.006415817895806714,0.08188474696880477,0.0
17706,1.0,0.05,0.00013363653612253,0.0,0.006415817895806714,0.08188474696880477,0.0
17707,1.0,0.05,0.00013363653612253,0.0,0.006415817895806714,0.08188474696880477,0.0
17708,1.0,0.05,0.00013363653612253,0.0,0.006460631170467882,0.08188474696880477,0.0
17709,1.0,0.05,0.00013363653612253,0.0,0.006460631170467882,0.08188474696880477,0.0
17710,1.0,0.05,0.00013363653612253,0.0,0.006460631170467882,0.08188474696880477,0.0
17711,1.0,0.05,0.00013363653612253,0.0,0.006460631170467882,0.08188474696880477,0.0
17712,1.0,0.05,0.00013363653612253,0.0,0.006460631170467882,0.07833613441591898,0.0
17713,1.0,0.05,0.00013363653612253,0.0,0.006460631170467882,0.07833613441591898,0.0
17714,1.0,0.05,0.00013363653612253,0.0,0.006460631170467882,0.07833613441591898,0.0
17715,1.0,0.05,0.00013363653612253,0.0,0.006460631170467882,0.05201852546218559,0.0
17716,1.0,0.05,0.00013363653612253,0.0,0.006460631170467882,0.05201852546218559,0.0
17717,1.0,0.05,0.00013363653612253,0.0,0.007392738876722072,0.08440062001127746,0.0
17718,1.0,0.05,0.00013363653612253,0.0,0.007392738876722072,0.08440062001127746,0.0
17719,1.0,0.05,0.00013363653612253,0.0,0.007392738876722072,0.036554265221629266,0.0
17720,1.0,0.05,0.0001273843189814058,0.0,0.007232417476250373,0.036554265221629266,0.0
17721,1.0,0.05,0.0001273843189814058,0.0,0.007232417476250373,0.1284730769261986,0.0
17722,1.0,0.05,0.0001273843189814058,0.0,0.0071626752377949784,0.06093838270675657,0.0
17723,1.0,0.05,0.0001273843189814058,0.0,0.008973074085956588,0.03637051191327681,0.0
17724,1.0,0.05,0.0001449655464776864,0.0,0.006132921126929041,0.03637051191327681,0.0
17725,1.0,0.05,0.0001449655464776864,0.0,0.006132921126929041,0.03637051191327681,0.0
17726,1.0,0.05,0.0001449655464776864,0.0,0.006132921126929041,0.03637051191327681,0.0
17727,1.0,0.05,0.0001449655464776864,0.0,0.006132921126929041,0.03637051191327681,0.0
17728,1.0,0.05,0.0001449655464776864,0.0,0.006132921126929041,0.0699080468609411,0.0
17729,1.0,0.05,0.0001449655464776864,0.0,0.006132921126929041,0.0699080468609411,0.0
17730,1.0,0.05,0.0001449655464776864,0.0,0.006058198977151068,0.042395429080247723,0.0
17731,1.0,0.05,0.0001449655464776864,0.0,0.006058198977151068,0.06336251383889353,0.0
17732,1.0,0.05,0.0001449655464776864,0.0,0.006058198977151068,0.06336251383889353,0.0
17733,1.0,0.05,0.0001449655464776864,0.0,0.006058198977151068,0.06336251383889353,0.0
17734,1.0,0.05,0.0001449655464776864,0.0,0.006058198977151068,0.03996479060350451,0.0
17735,1.0,0.05,0.0001449655464776864,0.0,0.006058198977151068,0.057164949256197375,0.0
17736,1.0,0.05,0.0001449655464776864,0.0,0.006058198977151068,0.057164949256197375,0.0
17737,1.0,0.05,0.0001449655464776864,0.0,0.006058198977151068,0.019593518372585005,0.0
17738,1.0,0.05,0.00012725423477443333,0.0,0.006058198977151068,0.019593518372585005,0.0
17739,1.0,0.05,0.00012725423477443333,0.0,0.006058198977151068,0.019593518372585005,0.0
17740,1.0,0.05,0.0001246325771701178,0.0,0.006278929495986895,0.15223314500417523,0.0
17741,1.0,0.05,0.0001246325771701178,0.0,0.007069394597263979,0.10927590929624545,0.0
17742,1.0,0.05,0.0001246325771701178,0.0,0.007642218984302813,0.10927590929624545,0.0
17743,1.0,0.05,0.0001246325771701178,0.0,0.007642218984302813,0.10927590929624545,0.0
17744,1.0,0.05,0.0001246325771701178,0.0,0.006654297877023368,0.10927590929624545,0.0
17745,1.0,0.05,0.0001246325771701178,0.0,0.006654297877023368,0.10927590929624545,0.0
17746,1.0,0.05,0.0001246325771701178,0.0,0.007896644913856188,0.10927590929624545,0.0
17747,1.0,0.05,0.00012747341462744072,0.0,0.007896644913856188,0.10927590929624545,0.0
17748,1.0,0.05,0.00012747341462744072,0.0,0.007896644913856188,0.10927590929624545,0.0
17749,1.0,0.05,0.00012747341462744072,0.0,0.007215103507237587,0.08504632924106723,0.0
17750,1.0,0.05,0.00012747341462744072,0.0,0.007215103507237587,0.06432237875737505,0.0
17751,1.0,0.05,0.00012747341462744072,0.0,0.006186871326697299,0.06432237875737505,0.0
17752,1.0,0.05,0.00012747341462744072,0.0,0.006186871326697299,0.08512716339785589,0.0
17753,1.0,0.05,0.00012747341462744072,0.0,0.005778364449706562,0.08512716339785589,0.0
17754,1.0,0.05,0.00012747341462744072,0.0,0.00678647256831316,0.08512716339785589,0.0
17755,1.0,0.05,0.00013266886441487525,0.0,0.00678647256831316,0.08512716339785589,0.0
17756,1.0,0.05,0.00013266886441487525,0.0,0.00678647256831316,0.08512716339785589,0.0
17757,1.0,0.05,0.00013266886441487525,0.0,0.00678647256831316,0.08512716339785589,0.0
17758,1.0,0.05,0.00013266886441487525,0.0,0.00678647256831316,0.08512716339785589,0.0
17759,1.0,0.05,0.00013266886441487525,0.0,0.00678647256831316,0.08512716339785589,0.0
17760,1.0,0.05,0.00013266886441487525,0.0,0.006032839769537028,0.08512716339785589,0.0
17761,1.0,0.05,0.00013266886441487525,0.0,0.006032839769537028,0.084222960087197,0.0
17762,1.0,0.05,0.00013266886441487525,0.0,0.006032839769537028,0.09945192413363518,0.0
17763,1.0,0.05,0.00013266886441487525,0.0,0.006032839769537028,0.06741086519288973,0.0
17764,1.0,0.05,0.00013266886441487525,0.0,0.006032839769537028,0.06741086519288973,0.0
17765,1.0,0.05,0.00013266886441487525,0.0,0.006032839769537028,0.05271653763759948,0.0
17766,1.0,0.05,0.00013266886441487525,0.0,0.006032839769537028,0.023544000412370023,0.0
17767,1.0,0.05,0.00013266886441487525,0.0,0.006032839769537028,0.014445001429588718,0.0
17768,1.0,0.05,0.00013266886441487525,0.0,0.006032839769537028,0.011718382347416598,0.0
17769,1.0,0.05,0.00013266886441487525,0.0,0.006032839769537028,0.01358278928951458,0.0
17770,1.0,0.05,0.00013266886441487525,0.0,0.006032839769537028,0.01358278928951458,0.0
17771,1.0,0.05,0.00013266886441487525,0.0,0.006032839769537028,0.016082999468857526,0.0
17772,1.0,0.05,0.00013266886441487525,0.0,0.006032839769537028,0.014505592517258822,0.0
17773,1.0,0.05,0.00013266886441487525,0.0,0.006032839769537028,0.01220283036687039,0.0
17774,1.0,0.05,0.00013266886441487525,0.0,0.005969110960489508,0.01717830905747067,0.0
17775,1.0,0.05,0.00013266886441487525,0.0,0.006067522837051097,0.01717830905747067,0.0
17776,1.0,0.05,0.00013266886441487525,0.0,0.006067522837051097,0.01793962884412545,0.0
17777,1.0,0.05,0.00013266886441487525,0.0,0.006067522837051097,0.0206496386138518,0.0
17778,1.0,0.05,0.00013266886441487525,0.0,0.006067522837051097,0.0206496386138518,0.0
17779,1.0,0.05,0.00013266886441487525,0.0,0.006067522837051097,0.0206496386138518,0.0
17780,1.0,0.05,0.00013266886441487525,0.0,0.005768787391372545,0.13374360095646892,0.0
17781,1.0,0.05,0.00013266886441487525,0.0,0.005768787391372545,0.0841995193771916,0.0
17782,1.0,0.05,0.00013266886441487525,0.0,0.005768787391372545,0.0841995193771916,0.0
17783,1.0,0.05,0.00013266886441487525,0.0,0.005768787391372545,0.05313684808229202,0.0
17784,1.0,0.05,0.00013266886441487525,0.0,0.005895789925963964,0.0630578308618227,0.0
17785,1.0,0.05,0.00013266886441487525,0.0,0.0062759353003623,0.10424651015060901,0.0
17786,1.0,0.05,0.00013266886441487525,0.0,0.0062759353003623,0.10424651015060901,0.0
17787,1.0,0.05,0.00013266886441487525,0.0,0.006571373055267943,0.10424651015060901,0.0
17788,1.0,0.05,0.00013266886441487525,0.0,0.006635005415783752,0.04685711881685131,0.0
17789,1.0,0.05,0.00013266886441487525,0.0,0.006635005415783752,0.06958818587599258,0.0
17790,1.0,0.05,0.00013266886441487525,0.0,0.006086596096673539,0.06958818587599258,0.0
17791,1.0,0.05,0.00013266886441487525,0.0,0.006086596096673539,0.06996920687056168,0.0
17792,1.0,0.05,0.00013266886441487525,0.0,0.006086596096673539,0.06996920687056168,0.0
17793,1.0,0.05,0.00013266886441487525,0.0,0.006086596096673539,0.03651091202763798,0.0
17794,1.0,0.05,0.00013266886441487525,0.0,0.006140496520577317,0.02761269757604769,0.0
17795,1.0,0.05,0.00013266886441487525,0.0,0.006140496520577317,0.007229588590402318,0.0
17796,1.0,0.05,0.00013266886441487525,0.0,0.006140496520577317,0.005446650776926303,0.0
17797,1.0,0.05,0.00013266886441487525,0.0,0.006140496520577317,0.0074571615099049485,0.0
17798,1.0,0.05,0.00013266886441487525,0.0,0.005738695141070378,0.06920772957468457,0.0
17799,1.0,0.05,0.00013266886441487525,0.0,0.005738695141070378,0.06920772957468457,0.0
17800,1.0,0.05,0.00013266886441487525,0.0,0.005738695141070378,0.06453791564808352,0.0
17801,1.0,0.05,0.00013266886441487525,0.0,0.005738695141070378,0.05976631749864202,0.0
17802,1.0,0.05,0.00013266886441487525,0.0,0.005738695141070378,0.05976631749864202,0.0
17803,1.0,0.05,0.00013266886441487525,0.0,0.005738695141070378,0.06827291863565352,0.0
17804,1.0,0.05,0.00013266886441487525,0.0,0.005738695141070378,0.06827291863565352,0.0
17805,1.0,0.05,0.00013266886441487525,0.0,0.005812081192122655,0.06827291863565352,0.0
17806,1.0,0.05,0.00013266886441487525,0.0,0.005812081192122655,0.06827291863565352,0.0
17807,1.0,0.05,0.00013266886441487525,0.0,0.005812081192122655,0.093894245697321,0.0
17808,1.0,0.05,0.00013266886441487525,0.0,0.005812081192122655,0.093894245697321,0.0
17809,1.0,0.05,0.00013266886441487525,0.0,0.005812081192122655,0.093894245697321,0.0
17810,1.0,0.05,0.00013266886441487525,0.0,0.005812081192122655,0.11030385197314564,0.0
17811,1.0,0.05,0.00013266886441487525,0.0,0.005812081192122655,0.11030385197314564,0.0
17812,1.0,0.05,0.00013266886441487525,0.0,0.005812081192122655,0.026086237575608778,0.0
17813,1.0,0.05,0.00013266886441487525,0.0,0.005812081192122655,0.026086237575608778,0.0
17814,1.0,0.05,0.00013266886441487525,0.0,0.005812081192122655,0.042403223732250334,0.0
17815,1.0,0.05,0.00013266886441487525,0.0,0.005812081192122655,0.1033077180837577,0.0
17816,1.0,0.05,0.0001333677542390466,0.0,0.005812081192122655,0.09853027010281874,0.0
17817,1.0,0.05,0.0001333677542390466,0.0,0.005812081192122655,0.09853027010281874,0.0
17818,1.0,0.05,0.00013653751931606183,0.0,0.005812081192122655,0.09853027010281874,0.0
17819,1.0,0.05,0.00013653751931606183,0.0,0.005812081192122655,0.09853027010281874,0.0
17820,1.0,0.05,0.0001328097861623195,0.0,0.005812081192122655,0.08556277295210848,0.0
17821,1.0,0.05,0.00013301555891573973,0.0,0.005812081192122655,0.055591814303017635,0.0
17822,1.0,0.05,0.00013301555891573973,0.0,0.005812081192122655,0.055591814303017635,0.0
17823,1.0,0.05,0.00013301555891573973,0.0,0.005812081192122655,0.055591814303017635,0.0
17824,1.0,0.05,0.00013301555891573973,0.0,0.005812081192122655,0.055591814303017635,0.0
17825,1.0,0.05,0.00013301555891573973,0.0,0.005812081192122655,0.055591814303017635,0.0
17826,1.0,0.05,0.00013301555891573973,0.0,0.005812081192122655,0.018058890916699807,0.0
17827,1.0,0.05,0.00013301555891573973,0.0,0.005812081192122655,0.01574371070619538,0.0
17828,1.0,0.05,0.00013301555891573973,0.0,0.005812081192122655,0.01760263688326304,0.0
17829,1.0,0.05,0.00013301555891573973,0.0,0.005812081192122655,0.05311746254001712,0.0
17830,1.0,0.05,0.00013301555891573973,0.0,0.005812081192122655,0.07182440767020029,0.0
17831,1.0,0.05,0.00013301555891573973,0.0,0.005812081192122655,0.07182440767020029,0.0
17832,1.0,0.05,0.00013301555891573973,0.0,0.005812081192122655,0.07182440767020029,0.0
17833,1.0,0.05,0.00013301555891573973,0.0,0.005812081192122655,0.07182440767020029,0.0
17834,1.0,0.05,0.00013301555891573973,0.0,0.005812081192122655,0.07182440767020029,0.0
17835,1.0,0.05,0.00013301555891573973,0.0,0.005812081192122655,0.07182440767020029,0.0
17836,1.0,0.05,0.00013301555891573973,0.0,0.005812081192122655,0.08117741289847401,0.0
17837,1.0,0.05,0.00013301555891573973,0.0,0.005812081192122655,0.08117741289847401,0.0
17838,1.0,0.05,0.00013301555891573973,0.0,0.007516957297791057,0.06365397632614364,0.0
17839,1.0,0.05,0.00013301555891573973,0.0,0.007516957297791057,0.12170821040646305,0.0
17840,1.0,0.05,0.00013301555891573973,0.0,0.006511709789094715,0.12170821040646305,0.0
17841,1.0,0.05,0.00013301555891573973,0.0,0.006511709789094715,0.06729698223487464,0.0
17842,1.0,0.05,0.00012754474327200102,0.0,0.005656328999696553,0.06729698223487464,0.0
17843,1.0,0.05,0.00012754474327200102,0.0,0.005656328999696553,0.07749749544093867,0.0
17844,1.0,0.05,0.00012754474327200102,0.0,0.008358233369775113,0.07662174666754525,0.0
17845,1.0,0.05,0.00012754474327200102,0.0,0.007182154207867384,0.034506268118386314,0.0
17846,1.0,0.05,0.00012754474327200102,0.0,0.007182154207867384,0.034506268118386314,0.0
17847,1.0,0.05,0.00012754474327200102,0.0,0.007182154207867384,0.034506268118386314,0.0
17848,1.0,0.05,0.00012754474327200102,0.0,0.006779653653505252,0.06471076166860114,0.0
17849,1.0,0.05,0.00012754474327200102,0.0,0.006779653653505252,0.030697978856344437,0.0
17850,1.0,0.05,0.00012754474327200102,0.0,0.006779653653505252,0.030697978856344437,0.0
17851,1.0,0.05,0.00013026738073044047,0.0,0.0074427599553353275,0.030697978856344437,0.0
17852,1.0,0.05,0.00013026738073044047,0.0,0.0074427599553353275,0.030697978856344437,0.0
17853,1.0,0.05,0.00012671402029057306,0.0,0.0074427599553353275,0.030697978856344437,0.0
17854,1.0,0.05,0.00012671402029057306,0.0,0.0074427599553353275,0.150005849312556,0.0
17855,1.0,0.05,0.00012671402029057306,0.0,0.0074427599553353275,0.150005849312556,0.0
17856,1.0,0.05,0.00012671402029057306,0.0,0.007453189725837312,0.03524736534561224,0.0
17857,1.0,0.05,0.00012671402029057306,0.0,0.0062746484538860675,0.0501958169471592,0.0
17858,1.0,0.05,0.00012577283625502116,0.0,0.0062746484538860675,0.09700478577145558,0.0
17859,1.0,0.05,0.00012577283625502116,0.0,0.0062746484538860675,0.09700478577145558,0.0
17860,1.0,0.05,0.00012577283625502116,0.0,0.0062746484538860675,0.11840742801370154,0.0
17861,1.0,0.05,0.00012577283625502116,0.0,0.0062746484538860675,0.12110295548193928,0.0
17862,1.0,0.05,0.00012577283625502116,0.0,0.0062746484538860675,0.06594864806346892,0.0
17863,1.0,0.05,0.00012577283625502116,0.0,0.0062746484538860675,0.05943941878330208,0.0
17864,1.0,0.05,0.00012577283625502116,0.0,0.0062746484538860675,0.10487934624515345,0.0
17865,1.0,0.05,0.00012577283625502116,0.0,0.0062746484538860675,0.10487934624515345,0.0
17866,1.0,0.05,0.00012577283625502116,0.0,0.0062746484538860675,0.10487934624515345,0.0
17867,1.0,0.05,0.00012577283625502116,0.0,0.0062746484538860675,0.10487934624515345,0.0
17868,1.0,0.05,0.00012577283625502116,0.0,0.0062746484538860675,0.10487934624515345,0.0
17869,1.0,0.05,0.00012577283625502116,0.0,0.0062746484538860675,0.10487934624515345,0.0
17870,1.0,0.05,0.00012577283625502116,0.0,0.006858039792705432,0.0846541334631745,0.0
17871,1.0,0.05,0.00012577283625502116,0.0,0.006858039792705432,0.04107999814986306,0.0
17872,1.0,0.05,0.00012577283625502116,0.0,0.006858039792705432,0.04107999814986306,0.0
17873,1.0,0.05,0.00012577283625502116,0.0,0.006858039792705432,0.03956133152548291,0.0
17874,1.0,0.05,0.00013132355092996886,0.0,0.006858039792705432,0.027572687682552284,0.0
17875,1.0,0.05,0.00013132355092996886,0.0,0.006858039792705432,0.027572687682552284,0.0
17876,1.0,0.05,0.00013132355092996886,0.0,0.007797127285440738,0.01357906318262247,0.0
17877,1.0,0.05,0.00013132355092996886,0.0,0.007797127285440738,0.01357906318262247,0.0
17878,1.0,0.05,0.00013132355092996886,0.0,0.007797127285440738,0.012588836502140743,0.0
17879,1.0,0.05,0.00013132355092996886,0.0,0.007797127285440738,0.07473650101417506,0.0
17880,1.0,0.05,0.00011890797586586603,0.0,0.007797127285440738,0.05907961915709196,0.0
17881,1.0,0.05,0.00011890797586586603,0.0,0.007797127285440738,0.13494764764666475,0.0
17882,1.0,0.05,0.0001259811197679172,0.0,0.007797127285440738,0.04944115088546791,0.0
17883,1.0,0.05,0.0001259811197679172,0.0,0.007797127285440738,0.04944115088546791,0.0
17884,1.0,0.05,0.0001259811197679172,0.0,0.007797127285440738,0.048564150115121524,0.0
17885,1.0,0.05,0.0001259811197679172,0.0,0.007797127285440738,0.04644014395901292,0.0
17886,1.0,0.05,0.0001259811197679172,0.0,0.007466774744102825,0.04644014395901292,0.0
17887,1.0,0.05,0.0001259811197679172,0.0,0.007466774744102825,0.030309486502559643,0.0
17888,1.0,0.05,0.0001259811197679172,0.0,0.007466774744102825,0.0963820289167419,0.0
17889,1.0,0.05,0.0001259811197679172,0.0,0.006168109100702804,0.08622132963251898,0.0
17890,1.0,0.05,0.0001259811197679172,0.0,0.006168109100702804,0.08622132963251898,0.0
17891,1.0,0.05,0.00012857494921270397,0.0,0.006168109100702804,0.08622132963251898,0.0
17892,1.0,0.05,0.00013467502966852052,0.0,0.006168109100702804,0.08622132963251898,0.0
17893,1.0,0.05,0.00013467502966852052,0.0,0.006168109100702804,0.08622132963251898,0.0
17894,1.0,0.05,0.00013467502966852052,0.0,0.006530492463097024,0.08622132963251898,0.0
17895,1.0,0.05,0.00013467502966852052,0.0,0.006530492463097024,0.08174923539551444,0.0
17896,1.0,0.05,0.00013467502966852052,0.0,0.006530492463097024,0.09944559419876693,0.0
17897,1.0,0.05,0.00013217979136432328,0.0,0.006530492463097024,0.08733124722750088,0.0
17898,1.0,0.05,0.00013217979136432328,0.0,0.006530492463097024,0.06609086841689928,0.0
17899,1.0,0.05,0.00013217979136432328,0.0,0.006530492463097024,0.06609086841689928,0.0
17900,1.0,0.05,0.00013217979136432328,0.0,0.006530492463097024,0.10598838586785947,0.0
17901,1.0,0.05,0.00013217979136432328,0.0,0.006530492463097024,0.04596271662476794,0.0
17902,1.0,0.05,0.00013217979136432328,0.0,0.007255254503708306,0.03717518943930567,0.0
17903,1.0,0.05,0.00013205332177734238,0.0,0.007255254503708306,0.037684675600864526,0.0
17904,1.0,0.05,0.00013205332177734238,0.0,0.005793791147488626,0.08212922111091751,0.0
17905,1.0,0.05,0.00013205332177734238,0.0,0.005793791147488626,0.08212922111091751,0.0
17906,1.0,0.05,0.00013205332177734238,0.0,0.005793791147488626,0.08212922111091751,0.0
17907,1.0,0.05,0.00013205332177734238,0.0,0.005793791147488626,0.06666830829279766,0.0
17908,1.0,0.05,0.00013205332177734238,0.0,0.005793791147488626,0.06666830829279766,0.0
17909,1.0,0.05,0.00013205332177734238,0.0,0.0059099861466373,0.04040096762070667,0.0
17910,1.0,0.05,0.00013205332177734238,0.0,0.0059099861466373,0.039977560750894994,0.0
17911,1.0,0.05,0.00013205332177734238,0.0,0.0059099861466373,0.03897937800129274,0.0
17912,1.0,0.05,0.00013205332177734238,0.0,0.0055541465932540555,0.03897937800129274,0.0
17913,1.0,0.05,0.00013205332177734238,0.0,0.0055541465932540555,0.059005728380471446,0.0
17914,1.0,0.05,0.00013205332177734238,0.0,0.005355735861731625,0.059005728380471446,0.0
17915,1.0,0.05,0.00013205332177734238,0.0,0.005355735861731625,0.059005728380471446,0.0
17916,1.0,0.05,0.00013205332177734238,0.0,0.005355735861731625,0.07790964205308765,0.0
17917,1.0,0.05,0.00013205332177734238,0.0,0.005355735861731625,0.060334122098996495,0.0
17918,1.0,0.05,0.00013205332177734238,0.0,0.005355735861731625,0.060334122098996495,0.0
17919,1.0,0.05,0.00013205332177734238,0.0,0.005355735861731625,0.060334122098996495,0.0
17920,1.0,0.05,0.00013205332177734238,0.0,0.005355735861731625,0.060334122098996495,0.0
17921,1.0,0.05,0.00013205332177734238,0.0,0.005355735861731625,0.060334122098996495,0.0
17922,1.0,0.05,0.00013205332177734238,0.0,0.005355735861731625,0.07609126873858817,0.0
17923,1.0,0.05,0.00013205332177734238,0.0,0.005355735861731625,0.07609126873858817,0.0
17924,1.0,0.05,0.00013205332177734238,0.0,0.005355735861731625,0.07609126873858817,0.0
17925,1.0,0.05,0.00013205332177734238,0.0,0.006135697129571219,0.11648579631825849,0.0
17926,1.0,0.05,0.00013169539698431676,0.0,0.006135697129571219,0.11648579631825849,0.0
17927,1.0,0.05,0.00013169539698431676,0.0,0.006135697129571219,0.08156418827278798,0.0
17928,1.0,0.05,0.00013169539698431676,0.0,0.006135697129571219,0.0777523470385671,0.0
17929,1.0,0.05,0.00013169539698431676,0.0,0.006545463948566729,0.0777523470385671,0.0
17930,1.0,0.05,0.00013169539698431676,0.0,0.006545463948566729,0.0787946250648084,0.0
17931,1.0,0.05,0.00013169539698431676,0.0,0.006545463948566729,0.0787946250648084,0.0
17932,1.0,0.05,0.00013169539698431676,0.0,0.006545463948566729,0.0787946250648084,0.0
17933,1.0,0.05,0.00013169539698431676,0.0,0.006545463948566729,0.09976726198294024,0.0
17934,1.0,0.05,0.00013169539698431676,0.0,0.0060610622547072855,0.09976726198294024,0.0
17935,1.0,0.05,0.00013169539698431676,0.0,0.0060610622547072855,0.09976726198294024,0.0
17936,1.0,0.05,0.00013169539698431676,0.0,0.0060610622547072855,0.10428351316880327,0.0
17937,1.0,0.05,0.00013211743311563768,0.0,0.0060610622547072855,0.10428351316880327,0.0
17938,1.0,0.05,0.00013057548520034698,0.0,0.0060610622547072855,0.04660053752414752,0.0
17939,1.0,0.05,0.00013057548520034698,0.0,0.0060610622547072855,0.045896762205252795,0.0
17940,1.0,0.05,0.00013057548520034698,0.0,0.00595261729740456,0.06847747739905015,0.0
17941,1.0,0.05,0.00013057548520034698,0.0,0.00595261729740456,0.015766917550063902,0.0
17942,1.0,0.05,0.00013377083637008844,0.0,0.00595261729740456,0.015683713189288673,0.0
17943,1.0,0.05,0.00013377083637008844,0.0,0.00595261729740456,0.015683713189288673,0.0
17944,1.0,0.05,0.00013377083637008844,0.0,0.00595261729740456,0.015683713189288673,0.0
17945,1.0,0.05,0.00013377083637008844,0.0,0.00595261729740456,0.015683713189288673,0.0
17946,1.0,0.05,0.00013377083637008844,0.0,0.00571462046014613,0.01906417460786833,0.0
17947,1.0,0.05,0.00013377083637008844,0.0,0.00571462046014613,0.09070581598557695,0.0
17948,1.0,0.05,0.00013377083637008844,0.0,0.00571462046014613,0.08299005748182126,0.0
17949,1.0,0.05,0.00013377083637008844,0.0,0.00571462046014613,0.08299005748182126,0.0
17950,1.0,0.05,0.00013377083637008844,0.0,0.0048418983434658225,0.07618612476857517,0.0
17951,1.0,0.05,0.00013377083637008844,0.0,0.0048418983434658225,0.05509215401378859,0.0
17952,1.0,0.05,0.00013377083637008844,0.0,0.004843270315321237,0.05509215401378859,0.0
17953,1.0,0.05,0.00013377083637008844,0.0,0.004843270315321237,0.05509215401378859,0.0
17954,1.0,0.05,0.00013377083637008844,0.0,0.004843270315321237,0.05509215401378859,0.0
17955,1.0,0.05,0.00013377083637008844,0.0,0.0074962380797740005,0.03258901541103841,0.0
17956,1.0,0.05,0.00013377083637008844,0.0,0.0074962380797740005,0.03258901541103841,0.0
17957,1.0,0.05,0.00013377083637008844,0.0,0.0074962380797740005,0.03258901541103841,0.0
17958,1.0,0.05,0.00013377083637008844,0.0,0.0074962380797740005,0.03258901541103841,0.0
17959,1.0,0.05,0.00013377083637008844,0.0,0.005154169121886308,0.03654298634995299,0.0
17960,1.0,0.05,0.00013377083637008844,0.0,0.005193767396029573,0.02640040453636055,0.0
17961,1.0,0.05,0.00013377083637008844,0.0,0.005193767396029573,0.030529010175433496,0.0
17962,1.0,0.05,0.00013377083637008844,0.0,0.0057749547326547525,0.03191129654816794,0.0
17963,1.0,0.05,0.0001313305304532253,0.0,0.0057749547326547525,0.1022063245006592,0.0
17964,1.0,0.05,0.0001313305304532253,0.0,0.0057749547326547525,0.1022063245006592,0.0
17965,1.0,0.05,0.0001313305304532253,0.0,0.0057749547326547525,0.1022063245006592,0.0
17966,1.0,0.05,0.0001313305304532253,0.0,0.0057749547326547525,0.04468897633695735,0.0
17967,1.0,0.05,0.000140284170697266,0.0,0.0057749547326547525,0.09904146525583689,0.0
17968,1.0,0.05,0.00013632605859302213,0.0,0.0057749547326547525,0.09904146525583689,0.0
17969,1.0,0.05,0.00013632605859302213,0.0,0.0057749547326547525,0.06808141224975665,0.0
17970,1.0,0.05,0.00013207642550275533,0.0,0.0057749547326547525,0.049749487083385904,0.0
17971,1.0,0.05,0.00013133268535121985,0.0,0.0057749547326547525,0.03530629212360975,0.0
17972,1.0,0.05,0.00013133268535121985,0.0,0.0057749547326547525,0.03530629212360975,0.0
17973,1.0,0.05,0.00012762193459027576,0.0,0.0057749547326547525,0.03530629212360975,0.0
17974,1.0,0.05,0.00012762193459027576,0.0,0.0057749547326547525,0.12374758910978641,0.0
17975,1.0,0.05,0.00012712888210178938,0.0,0.006664760320222142,0.07791552287203363,0.0
17976,1.0,0.05,0.00012712888210178938,0.0,0.006664760320222142,0.07334166690389562,0.0
17977,1.0,0.05,0.0001299048874686674,0.0,0.006664760320222142,0.061664273043761104,0.0
17978,1.0,0.05,0.0001299048874686674,0.0,0.006664760320222142,0.061664273043761104,0.0
17979,1.0,0.05,0.0001299048874686674,0.0,0.006562555135820883,0.03641083288774747,0.0
17980,1.0,0.05,0.0001299048874686674,0.0,0.0057167332941442306,0.03756976917593155,0.0
17981,1.0,0.05,0.0001299048874686674,0.0,0.005750056746580226,0.03756976917593155,0.0
17982,1.0,0.05,0.00013222190660899571,0.0,0.005750056746580226,0.11824175759987926,0.0
17983,1.0,0.05,0.00013222190660899571,0.0,0.007599873159980388,0.11824175759987926,0.0
17984,1.0,0.05,0.00013222190660899571,0.0,0.007599873159980388,0.10666263472223414,0.0
17985,1.0,0.05,0.00013222190660899571,0.0,0.007599873159980388,0.10666263472223414,0.0
17986,1.0,0.05,0.00013222190660899571,0.0,0.007599873159980388,0.15180906738525046,0.0
17987,1.0,0.05,0.0001257709510559704,0.0,0.006418583213984162,0.16832596041694917,0.0
17988,1.0,0.05,0.0001257709510559704,0.0,0.006418583213984162,0.16832596041694917,0.0
17989,1.0,0.05,0.0001257709510559704,0.0,0.006418583213984162,0.15007567753644002,0.0
17990,1.0,0.05,0.0001257709510559704,0.0,0.008098391474159842,0.049854400747015935,0.0
17991,1.0,0.05,0.0001257709510559704,0.0,0.008098391474159842,0.11271552624445445,0.0
17992,1.0,0.05,0.0001257709510559704,0.0,0.008098391474159842,0.15308650931043785,0.0
17993,1.0,0.05,0.0001257709510559704,0.0,0.008420413994248407,0.15308650931043785,0.0
17994,1.0,0.05,0.0001257709510559704,0.0,0.0063447572752764626,0.11754102292563566,0.0
17995,1.0,0.05,0.0001257709510559704,0.0,0.0063447572752764626,0.11754102292563566,0.0
17996,1.0,0.05,0.0001257709510559704,0.0,0.009245465174694557,0.11754102292563566,0.0
17997,1.0,0.05,0.0001257709510559704,0.0,0.009245465174694557,0.11754102292563566,0.0
17998,1.0,0.05,0.0001257709510559704,0.0,0.009245465174694557,0.05628175360106142,0.0
17999,1.0,0.05,0.0001257709510559704,0.0,0.006138462272252209,0.14037778660910066,0.0
18000,1.0,0.05,0.0001257709510559704,0.0,0.006138462272252209,0.034755133933268546,0.0
18001,1.0,0.05,0.0001257709510559704,0.0,0.006138462272252209,0.034755133933268546,0.0
18002,1.0,0.05,0.0001257709510559704,0.0,0.006138462272252209,0.07681173910327038,0.0
18003,1.0,0.05,0.0001257709510559704,0.0,0.006138462272252209,0.06123173704159299,0.0
18004,1.0,0.05,0.0001257709510559704,0.0,0.007091609989085651,0.09552541911155717,0.0
18005,1.0,0.05,0.0001257709510559704,0.0,0.007091609989085651,0.11838809094035196,0.0
18006,1.0,0.05,0.0001257709510559704,0.0,0.007091609989085651,0.11838809094035196,0.0
18007,1.0,0.05,0.0001257709510559704,0.0,0.007091609989085651,0.0617510892347023,0.0
18008,1.0,0.05,0.00011899245264325513,0.0,0.007091609989085651,0.0617510892347023,0.0
18009,1.0,0.05,0.00012534075684181675,0.0,0.007379884457303563,0.0617510892347023,0.0
18010,1.0,0.05,0.00012534075684181675,0.0,0.007379884457303563,0.11541414066680528,0.0
18011,1.0,0.05,0.00012534075684181675,0.0,0.006529303363882172,0.11541414066680528,0.0
18012,1.0,0.05,0.00012983042722651122,0.0,0.006529303363882172,0.11541414066680528,0.0
18013,1.0,0.05,0.00012983042722651122,0.0,0.006529303363882172,0.12954367551473947,0.0
18014,1.0,0.05,0.00012983042722651122,0.0,0.006529303363882172,0.12954367551473947,0.0
18015,1.0,0.05,0.00012983042722651122,0.0,0.006529303363882172,0.12954367551473947,0.0
18016,1.0,0.05,0.00012983042722651122,0.0,0.006250690930343783,0.06975115039744133,0.0
18017,1.0,0.05,0.00012983042722651122,0.0,0.006250690930343783,0.06975115039744133,0.0
18018,1.0,0.05,0.00012983042722651122,0.0,0.006250690930343783,0.06975115039744133,0.0
18019,1.0,0.05,0.00012983042722651122,0.0,0.006250690930343783,0.05328947282762734,0.0
18020,1.0,0.05,0.00012983042722651122,0.0,0.006250690930343783,0.05328947282762734,0.0
18021,1.0,0.05,0.00012983042722651122,0.0,0.006250690930343783,0.0744330932585947,0.0
18022,1.0,0.05,0.00012994951101062764,0.0,0.006250690930343783,0.0744330932585947,0.0
18023,1.0,0.05,0.00012994951101062764,0.0,0.006803684597174565,0.08900510956400401,0.0
18024,1.0,0.05,0.00012994951101062764,0.0,0.006803684597174565,0.08900510956400401,0.0
18025,1.0,0.05,0.00012994951101062764,0.0,0.006509406030768116,0.08900510956400401,0.0
18026,1.0,0.05,0.00012994951101062764,0.0,0.006509406030768116,0.08900510956400401,0.0
18027,1.0,0.05,0.00012994951101062764,0.0,0.006509406030768116,0.08900510956400401,0.0
18028,1.0,0.05,0.00012994951101062764,0.0,0.006509406030768116,0.08900510956400401,0.0
18029,1.0,0.05,0.00012994951101062764,0.0,0.006509406030768116,0.08900510956400401,0.0
18030,1.0,0.05,0.00012994951101062764,0.0,0.006509406030768116,0.08900510956400401,0.0
18031,1.0,0.05,0.00012994951101062764,0.0,0.006509406030768116,0.08900510956400401,0.0
18032,1.0,0.05,0.00012994951101062764,0.0,0.006509406030768116,0.08900510956400401,0.0
18033,1.0,0.05,0.00012994951101062764,0.0,0.006509406030768116,0.08900510956400401,0.0
18034,1.0,0.05,0.00012994951101062764,0.0,0.006509406030768116,0.08900510956400401,0.0
18035,1.0,0.05,0.00012994951101062764,0.0,0.006509406030768116,0.07592361648642769,0.0
18036,1.0,0.05,0.00012994951101062764,0.0,0.006509406030768116,0.07592361648642769,0.0
18037,1.0,0.05,0.00012994951101062764,0.0,0.006509406030768116,0.07592361648642769,0.0
18038,1.0,0.05,0.00012994951101062764,0.0,0.006509406030768116,0.07592361648642769,0.0
18039,1.0,0.05,0.00012994951101062764,0.0,0.006509406030768116,0.03161012282564041,0.0
18040,1.0,0.05,0.00012994951101062764,0.0,0.006509406030768116,0.03161012282564041,0.0
18041,1.0,0.05,0.00012994951101062764,0.0,0.006509406030768116,0.03161012282564041,0.0
18042,1.0,0.05,0.0001275352386863438,0.0,0.007447579004774333,0.03161012282564041,0.0
18043,1.0,0.05,0.0001275352386863438,0.0,0.007447579004774333,0.09998088815804378,0.0
18044,1.0,0.05,0.0001275352386863438,0.0,0.007300925793719619,0.03685435157442588,0.0
18045,1.0,0.05,0.00011858067363933959,0.0,0.007300925793719619,0.16937754769381505,0.0
18046,1.0,0.05,0.00011858067363933959,0.0,0.007300925793719619,0.04367908043996418,0.0
18047,1.0,0.05,0.00011858067363933959,0.0,0.007300925793719619,0.08338534597507213,0.0
18048,1.0,0.05,0.00011858067363933959,0.0,0.007300925793719619,0.08338534597507213,0.0
18049,1.0,0.05,0.00011858067363933959,0.0,0.007300925793719619,0.08338534597507213,0.0
18050,1.0,0.05,0.00011858067363933959,0.0,0.007300925793719619,0.12045048419128193,0.0
18051,1.0,0.05,0.00011858067363933959,0.0,0.007300925793719619,0.09131176277450737,0.0
18052,1.0,0.05,0.00011858067363933959,0.0,0.007300925793719619,0.16344455084081716,0.0
18053,1.0,0.05,0.00011858067363933959,0.0,0.007300925793719619,0.16344455084081716,0.0
18054,1.0,0.05,0.00011858067363933959,0.0,0.006882231757818186,0.18597938827308091,0.0
18055,1.0,0.05,0.00012885503428984463,0.0,0.006882231757818186,0.18597938827308091,0.0
18056,1.0,0.05,0.00012885503428984463,0.0,0.007480724555226121,0.18597938827308091,0.0
18057,1.0,0.05,0.00012885503428984463,0.0,0.006800969939570388,0.10740955933011871,0.0
18058,1.0,0.05,0.00012885503428984463,0.0,0.006800969939570388,0.041083835880320815,0.0
18059,1.0,0.05,0.00012885503428984463,0.0,0.006800969939570388,0.04929629069294096,0.0
18060,1.0,0.05,0.00012885503428984463,0.0,0.0064557119703821456,0.04929629069294096,0.0
18061,1.0,0.05,0.00012885503428984463,0.0,0.0064557119703821456,0.1409412445837319,0.0
18062,1.0,0.05,0.00012885503428984463,0.0,0.0064557119703821456,0.1409412445837319,0.0
18063,1.0,0.05,0.00012885503428984463,0.0,0.0064557119703821456,0.1409412445837319,0.0
18064,1.0,0.05,0.00012885503428984463,0.0,0.0064557119703821456,0.1409412445837319,0.0
18065,1.0,0.05,0.00012885503428984463,0.0,0.0064557119703821456,0.08491745978515433,0.0
18066,1.0,0.05,0.00012885503428984463,0.0,0.0064557119703821456,0.08491745978515433,0.0
18067,1.0,0.05,0.00012885503428984463,0.0,0.0060082570849442915,0.08491745978515433,0.0
18068,1.0,0.05,0.00012885503428984463,0.0,0.0060082570849442915,0.08491745978515433,0.0
18069,1.0,0.05,0.00012885503428984463,0.0,0.0060082570849442915,0.08491745978515433,0.0
18070,1.0,0.05,0.00012885503428984463,0.0,0.006446816606435464,0.08491745978515433,0.0
18071,1.0,0.05,0.00012885503428984463,0.0,0.006446816606435464,0.09819387844678529,0.0
18072,1.0,0.05,0.00012885503428984463,0.0,0.00762769313179503,0.09819387844678529,0.0
18073,1.0,0.05,0.00012885503428984463,0.0,0.008433742990087622,0.049505329457748534,0.0
18074,1.0,0.05,0.00012885503428984463,0.0,0.008433742990087622,0.049505329457748534,0.0
18075,1.0,0.05,0.00012137337303687312,0.0,0.008433742990087622,0.027913688072289798,0.0
18076,1.0,0.05,0.00012137337303687312,0.0,0.008433742990087622,0.09101393594394282,0.0
18077,1.0,0.05,0.0001287797934229403,0.0,0.008693202145490953,0.07034466006744129,0.0
18078,1.0,0.05,0.0001287797934229403,0.0,0.008693202145490953,0.09536778397662413,0.0
18079,1.0,0.05,0.0001287797934229403,0.0,0.008693202145490953,0.09536778397662413,0.0
18080,1.0,0.05,0.0001287797934229403,0.0,0.00546105482323391,0.09536778397662413,0.0
18081,1.0,0.05,0.00012897355966252748,0.0,0.00546105482323391,0.07985723971804021,0.0
18082,1.0,0.05,0.00012897355966252748,0.0,0.00546105482323391,0.07985723971804021,0.0
18083,1.0,0.05,0.0001292959073815492,0.0,0.00546105482323391,0.07985723971804021,0.0
18084,1.0,0.05,0.0001292959073815492,0.0,0.0073783829482162765,0.0808314499936119,0.0
18085,1.0,0.05,0.0001251487692965232,0.0,0.0073783829482162765,0.0808314499936119,0.0
18086,1.0,0.05,0.0001251487692965232,0.0,0.0073783829482162765,0.0808314499936119,0.0
18087,1.0,0.05,0.0001251487692965232,0.0,0.007616927039962697,0.11533969831550422,0.0
18088,1.0,0.05,0.0001251487692965232,0.0,0.007062402811322609,0.11124203935309558,0.0
18089,1.0,0.05,0.0001251487692965232,0.0,0.007062402811322609,0.11124203935309558,0.0
18090,1.0,0.05,0.0001251487692965232,0.0,0.007087447936555313,0.09890809027535588,0.0
18091,1.0,0.05,0.0001251487692965232,0.0,0.007087447936555313,0.09890809027535588,0.0
18092,1.0,0.05,0.0001251487692965232,0.0,0.007087447936555313,0.13260517271869893,0.0
18093,1.0,0.05,0.0001251487692965232,0.0,0.007087447936555313,0.13260517271869893,0.0
18094,1.0,0.05,0.0001251487692965232,0.0,0.007087447936555313,0.13260517271869893,0.0
18095,1.0,0.05,0.0001251487692965232,0.0,0.007087447936555313,0.09042557881878903,0.0
18096,1.0,0.05,0.0001251487692965232,0.0,0.007087447936555313,0.09042557881878903,0.0
18097,1.0,0.05,0.0001251487692965232,0.0,0.007214486285414285,0.09042557881878903,0.0
18098,1.0,0.05,0.00011607325950074257,0.0,0.007820528885466426,0.09042557881878903,0.0
18099,1.0,0.05,0.00013520355612125102,0.0,0.007820528885466426,0.09042557881878903,0.0
18100,1.0,0.05,0.00013520355612125102,0.0,0.00562934273860004,0.09042557881878903,0.0
18101,1.0,0.05,0.00013520355612125102,0.0,0.00562934273860004,0.09042557881878903,0.0
18102,1.0,0.05,0.00013520355612125102,0.0,0.00562934273860004,0.09042557881878903,0.0
18103,1.0,0.05,0.00013520355612125102,0.0,0.005196111106644162,0.09042557881878903,0.0
18104,1.0,0.05,0.00013520355612125102,0.0,0.005196111106644162,0.09042557881878903,0.0
18105,1.0,0.05,0.00013520355612125102,0.0,0.005196111106644162,0.09042557881878903,0.0
18106,1.0,0.05,0.00013520355612125102,0.0,0.005196111106644162,0.09042557881878903,0.0
18107,1.0,0.05,0.00013520355612125102,0.0,0.005196111106644162,0.09042557881878903,0.0
18108,1.0,0.05,0.00013520355612125102,0.0,0.005196111106644162,0.09042557881878903,0.0
18109,1.0,0.05,0.00013520355612125102,0.0,0.005196111106644162,0.09042557881878903,0.0
18110,1.0,0.05,0.00013520355612125102,0.0,0.005196111106644162,0.0502975252099384,0.0
18111,1.0,0.05,0.00013520355612125102,0.0,0.005196111106644162,0.036660151887387214,0.0
18112,1.0,0.05,0.00013520355612125102,0.0,0.006983608693043079,0.036660151887387214,0.0
18113,1.0,0.05,0.00012791156011856573,0.0,0.0051572071432942086,0.06813216675632132,0.0
18114,1.0,0.05,0.00012791156011856573,0.0,0.0051572071432942086,0.06813216675632132,0.0
18115,1.0,0.05,0.00012791156011856573,0.0,0.0077583673263568916,0.09011114708655407,0.0
18116,1.0,0.05,0.00012791156011856573,0.0,0.0077583673263568916,0.09011114708655407,0.0
18117,1.0,0.05,0.00012791156011856573,0.0,0.0077583673263568916,0.09011114708655407,0.0
18118,1.0,0.05,0.00012791156011856573,0.0,0.0077583673263568916,0.09011114708655407,0.0
18119,1.0,0.05,0.00012791156011856573,0.0,0.0077583673263568916,0.030869110781716932,0.0
18120,1.0,0.05,0.00012791156011856573,0.0,0.006560484676824732,0.01360894881976532,0.0
18121,1.0,0.05,0.00012791156011856573,0.0,0.006560484676824732,0.011507414645850433,0.0
18122,1.0,0.05,0.00012791156011856573,0.0,0.006560484676824732,0.005239618627551301,0.0
18123,1.0,0.05,0.00012791156011856573,0.0,0.006560484676824732,0.005239618627551301,0.0
18124,1.0,0.05,0.00012791156011856573,0.0,0.006560484676824732,0.021485079682355118,0.0
18125,1.0,0.05,0.00012791156011856573,0.0,0.006560484676824732,0.08053729439223703,0.0
18126,1.0,0.05,0.00012791156011856573,0.0,0.006560484676824732,0.08888569173779781,0.0
18127,1.0,0.05,0.00012846331836037457,0.0,0.006560484676824732,0.08888569173779781,0.0
18128,1.0,0.05,0.00012846331836037457,0.0,0.006560484676824732,0.08888569173779781,0.0
18129,1.0,0.05,0.00012846331836037457,0.0,0.007620344838404856,0.08888569173779781,0.0
18130,1.0,0.05,0.00012846331836037457,0.0,0.007620344838404856,0.08888569173779781,0.0
18131,1.0,0.05,0.00012846331836037457,0.0,0.007620344838404856,0.08888569173779781,0.0
18132,1.0,0.05,0.00012846331836037457,0.0,0.00824797545668503,0.08888569173779781,0.0
18133,1.0,0.05,0.00012846331836037457,0.0,0.00824797545668503,0.08888569173779781,0.0
18134,1.0,0.05,0.00012846331836037457,0.0,0.009091043984588848,0.08888569173779781,0.0
18135,1.0,0.05,0.00012846331836037457,0.0,0.007790111058466152,0.08888569173779781,0.0
18136,1.0,0.05,0.00012846331836037457,0.0,0.007790111058466152,0.08888569173779781,0.0
18137,1.0,0.05,0.00012846331836037457,0.0,0.006845004487228025,0.08888569173779781,0.0
18138,1.0,0.05,0.00012846331836037457,0.0,0.006845004487228025,0.08888569173779781,0.0
18139,1.0,0.05,0.00012846331836037457,0.0,0.007040441192926096,0.06706518709226855,0.0
18140,1.0,0.05,0.00012846331836037457,0.0,0.007040441192926096,0.06706518709226855,0.0
18141,1.0,0.05,0.00012846331836037457,0.0,0.006971786888706073,0.06706518709226855,0.0
18142,1.0,0.05,0.00012846331836037457,0.0,0.007415351417465775,0.06706518709226855,0.0
18143,1.0,0.05,0.00012846331836037457,0.0,0.006640125443011044,0.12496290060208692,0.0
18144,1.0,0.05,0.00012846331836037457,0.0,0.006640125443011044,0.12787564804199772,0.0
18145,1.0,0.05,0.00012846331836037457,0.0,0.006640125443011044,0.059287442947965445,0.0
18146,1.0,0.05,0.00012846331836037457,0.0,0.006640125443011044,0.059287442947965445,0.0
18147,1.0,0.05,0.00012846331836037457,0.0,0.006640125443011044,0.059287442947965445,0.0
18148,1.0,0.05,0.00012846331836037457,0.0,0.006640125443011044,0.059287442947965445,0.0
18149,1.0,0.05,0.00012846331836037457,0.0,0.006640125443011044,0.059287442947965445,0.0
18150,1.0,0.05,0.00012846331836037457,0.0,0.006640125443011044,0.08590842887383515,0.0
18151,1.0,0.05,0.00012846331836037457,0.0,0.006640125443011044,0.08590842887383515,0.0
18152,1.0,0.05,0.00012846331836037457,0.0,0.006640125443011044,0.08590842887383515,0.0
18153,1.0,0.05,0.00012846331836037457,0.0,0.006640125443011044,0.08590842887383515,0.0
18154,1.0,0.05,0.00012846331836037457,0.0,0.006640125443011044,0.08590842887383515,0.0
18155,1.0,0.05,0.00012846331836037457,0.0,0.006640125443011044,0.08590842887383515,0.0
18156,1.0,0.05,0.00012846331836037457,0.0,0.006640125443011044,0.08590842887383515,0.0
18157,1.0,0.05,0.00012846331836037457,0.0,0.006640125443011044,0.09349232306058713,0.0
18158,1.0,0.05,0.00012846331836037457,0.0,0.006640125443011044,0.09349232306058713,0.0
18159,1.0,0.05,0.00012846331836037457,0.0,0.005940172595549602,0.09349232306058713,0.0
18160,1.0,0.05,0.00012846331836037457,0.0,0.005940172595549602,0.06180537114646661,0.0
18161,1.0,0.05,0.00012846331836037457,0.0,0.00588796608370948,0.05921545843605499,0.0
18162,1.0,0.05,0.00012846331836037457,0.0,0.00588796608370948,0.05921545843605499,0.0
18163,1.0,0.05,0.00012846331836037457,0.0,0.00588796608370948,0.05921545843605499,0.0
18164,1.0,0.05,0.00012846331836037457,0.0,0.00588796608370948,0.06478240817353224,0.0
18165,1.0,0.05,0.00012846331836037457,0.0,0.00588796608370948,0.06831955296995108,0.0
18166,1.0,0.05,0.00012846331836037457,0.0,0.00588796608370948,0.06831955296995108,0.0
18167,1.0,0.05,0.00012846331836037457,0.0,0.00588796608370948,0.06831955296995108,0.0
18168,1.0,0.05,0.00012930019654328753,0.0,0.005674054980630013,0.06831955296995108,0.0
18169,1.0,0.05,0.00012930019654328753,0.0,0.006250540253010397,0.06831955296995108,0.0
18170,1.0,0.05,0.00012930019654328753,0.0,0.006250540253010397,0.06831955296995108,0.0
18171,1.0,0.05,0.00012930019654328753,0.0,0.006250540253010397,0.06831955296995108,0.0
18172,1.0,0.05,0.00012930019654328753,0.0,0.006250540253010397,0.09673710845831844,0.0
18173,1.0,0.05,0.00012930019654328753,0.0,0.006250540253010397,0.09673710845831844,0.0
18174,1.0,0.05,0.00012930019654328753,0.0,0.006250540253010397,0.05847191394374725,0.0
18175,1.0,0.05,0.00012930019654328753,0.0,0.006250540253010397,0.05847191394374725,0.0
18176,1.0,0.05,0.00012930019654328753,0.0,0.006250540253010397,0.11482056677029395,0.0
18177,1.0,0.05,0.00012930019654328753,0.0,0.0056682745516072885,0.08624281620982706,0.0
18178,1.0,0.05,0.00012930019654328753,0.0,0.0056682745516072885,0.08624281620982706,0.0
18179,1.0,0.05,0.00012930019654328753,0.0,0.005718483744240021,0.08624281620982706,0.0
18180,1.0,0.05,0.00012930019654328753,0.0,0.0056591800845812975,0.08624281620982706,0.0
18181,1.0,0.05,0.00012760402013527837,0.0,0.0056591800845812975,0.054816841176119124,0.0
18182,1.0,0.05,0.00012760402013527837,0.0,0.005773276435792212,0.054816841176119124,0.0
18183,1.0,0.05,0.00012760402013527837,0.0,0.005773276435792212,0.02995687382782397,0.0
18184,1.0,0.05,0.00012760402013527837,0.0,0.005773276435792212,0.02995687382782397,0.0
18185,1.0,0.05,0.00012760402013527837,0.0,0.005773276435792212,0.09094933070824682,0.0
18186,1.0,0.05,0.00012760402013527837,0.0,0.006614255339093009,0.06128727910506972,0.0
18187,1.0,0.05,0.00012760402013527837,0.0,0.0064706137689056155,0.06128727910506972,0.0
18188,1.0,0.05,0.00012760402013527837,0.0,0.0064706137689056155,0.06128727910506972,0.0
18189,1.0,0.05,0.00012760402013527837,0.0,0.0064706137689056155,0.06128727910506972,0.0
18190,1.0,0.05,0.00012760402013527837,0.0,0.006418850108208612,0.10317929018209092,0.0
18191,1.0,0.05,0.00012955997742408737,0.0,0.006418850108208612,0.07674542820826713,0.0
18192,1.0,0.05,0.00012955997742408737,0.0,0.006418850108208612,0.07378098374671098,0.0
18193,1.0,0.05,0.00012955997742408737,0.0,0.006418850108208612,0.07114939038544829,0.0
18194,1.0,0.05,0.00012955997742408737,0.0,0.006418850108208612,0.10433281040725273,0.0
18195,1.0,0.05,0.00012955997742408737,0.0,0.006418850108208612,0.07510213700921295,0.0
18196,1.0,0.05,0.00012955997742408737,0.0,0.006418850108208612,0.10347120250671804,0.0
18197,1.0,0.05,0.00012955997742408737,0.0,0.006418850108208612,0.10347120250671804,0.0
18198,1.0,0.05,0.00012955997742408737,0.0,0.006418850108208612,0.10347120250671804,0.0
18199,1.0,0.05,0.00012955997742408737,0.0,0.006778699775792243,0.08376885699963602,0.0
18200,1.0,0.05,0.00012955997742408737,0.0,0.006778699775792243,0.08376885699963602,0.0
18201,1.0,0.05,0.00012955997742408737,0.0,0.006778699775792243,0.08376885699963602,0.0
18202,1.0,0.05,0.00012955997742408737,0.0,0.006778699775792243,0.06179289743378508,0.0
18203,1.0,0.05,0.00012955997742408737,0.0,0.006778699775792243,0.06179289743378508,0.0
18204,1.0,0.05,0.00012955997742408737,0.0,0.006778699775792243,0.06179289743378508,0.0
18205,1.0,0.05,0.000129500093653611,0.0,0.007052823134869687,0.06179289743378508,0.0
18206,1.0,0.05,0.0001266973204750061,0.0,0.007052823134869687,0.06179289743378508,0.0
18207,1.0,0.05,0.0001266973204750061,0.0,0.007052823134869687,0.12250935082569406,0.0
18208,1.0,0.05,0.0001266973204750061,0.0,0.007052823134869687,0.05189001242409563,0.0
18209,1.0,0.05,0.0001266973204750061,0.0,0.007052823134869687,0.04720900322238596,0.0
18210,1.0,0.05,0.0001266973204750061,0.0,0.007052823134869687,0.04064836801221326,0.0
18211,1.0,0.05,0.0001266973204750061,0.0,0.007052823134869687,0.03994273972019075,0.0
18212,1.0,0.05,0.0001266973204750061,0.0,0.007052823134869687,0.09232805405990337,0.0
18213,1.0,0.05,0.0001266973204750061,0.0,0.007052823134869687,0.09232805405990337,0.0
18214,1.0,0.05,0.0001266973204750061,0.0,0.007052823134869687,0.09232805405990337,0.0
18215,1.0,0.05,0.0001266973204750061,0.0,0.007228678355928226,0.05916095949226899,0.0
18216,1.0,0.05,0.0001266973204750061,0.0,0.007228678355928226,0.05916095949226899,0.0
18217,1.0,0.05,0.0001266973204750061,0.0,0.005562075451925224,0.06848756640086028,0.0
18218,1.0,0.05,0.0001266973204750061,0.0,0.005562075451925224,0.06848756640086028,0.0
18219,1.0,0.05,0.0001266973204750061,0.0,0.005562075451925224,0.06848756640086028,0.0
18220,1.0,0.05,0.0001266973204750061,0.0,0.005562075451925224,0.06848756640086028,0.0
18221,1.0,0.05,0.0001266973204750061,0.0,0.005562075451925224,0.06848756640086028,0.0
18222,1.0,0.05,0.0001266973204750061,0.0,0.005562075451925224,0.06848756640086028,0.0
18223,1.0,0.05,0.0001266973204750061,0.0,0.005562075451925224,0.06848756640086028,0.0
18224,1.0,0.05,0.0001266973204750061,0.0,0.005291208814860594,0.06848756640086028,0.0
18225,1.0,0.05,0.00013668620370940783,0.0,0.005291208814860594,0.0270986397606803,0.0
18226,1.0,0.05,0.00013668620370940783,0.0,0.00511460100383926,0.08715086940700484,0.0
18227,1.0,0.05,0.00013668620370940783,0.0,0.00511460100383926,0.08715086940700484,0.0
18228,1.0,0.05,0.00013668620370940783,0.0,0.00511460100383926,0.08715086940700484,0.0
18229,1.0,0.05,0.00013668620370940783,0.0,0.00511460100383926,0.08544311758989881,0.0
18230,1.0,0.05,0.00013668620370940783,0.0,0.00511460100383926,0.04495467340374662,0.0
18231,1.0,0.05,0.00013668620370940783,0.0,0.00511460100383926,0.01760712025905211,0.0
18232,1.0,0.05,0.00013668620370940783,0.0,0.00511460100383926,0.057828413099483736,0.0
18233,1.0,0.05,0.00013668620370940783,0.0,0.00511460100383926,0.057828413099483736,0.0
18234,1.0,0.05,0.00013668620370940783,0.0,0.00511460100383926,0.057828413099483736,0.0
18235,1.0,0.05,0.00013668620370940783,0.0,0.00511460100383926,0.057828413099483736,0.0
18236,1.0,0.05,0.00013668620370940783,0.0,0.00511460100383926,0.08296019431681756,0.0
18237,1.0,0.05,0.00013668620370940783,0.0,0.00511460100383926,0.08296019431681756,0.0
18238,1.0,0.05,0.00013586600152783583,0.0,0.00511460100383926,0.05826709892378068,0.0
18239,1.0,0.05,0.00013586600152783583,0.0,0.00511460100383926,0.05826709892378068,0.0
18240,1.0,0.05,0.00013586600152783583,0.0,0.00511460100383926,0.05826709892378068,0.0
18241,1.0,0.05,0.00013586600152783583,0.0,0.006634323070612305,0.05826709892378068,0.0
18242,1.0,0.05,0.00013586600152783583,0.0,0.006177932921884225,0.05826709892378068,0.0
18243,1.0,0.05,0.00013586600152783583,0.0,0.006177932921884225,0.05826709892378068,0.0
18244,1.0,0.05,0.00013586600152783583,0.0,0.006177932921884225,0.05826709892378068,0.0
18245,1.0,0.05,0.00013586600152783583,0.0,0.006177932921884225,0.06949175834750392,0.0
18246,1.0,0.05,0.00013586600152783583,0.0,0.006177932921884225,0.022016509605272076,0.0
18247,1.0,0.05,0.00013586600152783583,0.0,0.0059376653216869435,0.018984576659189466,0.0
18248,1.0,0.05,0.00013586600152783583,0.0,0.005356585852971551,0.018984576659189466,0.0
18249,1.0,0.05,0.00013586600152783583,0.0,0.0071511841644303865,0.047558098507788506,0.0
18250,1.0,0.05,0.00012566188976987247,0.0,0.0071511841644303865,0.047558098507788506,0.0
18251,1.0,0.05,0.00012566188976987247,0.0,0.0071511841644303865,0.030806521939277458,0.0
18252,1.0,0.05,0.00012566188976987247,0.0,0.0071511841644303865,0.030806521939277458,0.0
18253,1.0,0.05,0.00012566188976987247,0.0,0.0071511841644303865,0.16760093246239233,0.0
18254,1.0,0.05,0.00012566188976987247,0.0,0.0071511841644303865,0.07497241002600812,0.0
18255,1.0,0.05,0.00012566188976987247,0.0,0.0071511841644303865,0.07497241002600812,0.0
18256,1.0,0.05,0.00012566188976987247,0.0,0.0071511841644303865,0.07497241002600812,0.0
18257,1.0,0.05,0.00012860098030384053,0.0,0.006678303042908587,0.07497241002600812,0.0
18258,1.0,0.05,0.00012860098030384053,0.0,0.006879589953228769,0.07497241002600812,0.0
18259,1.0,0.05,0.00012860098030384053,0.0,0.006879589953228769,0.07497241002600812,0.0
18260,1.0,0.05,0.00012860098030384053,0.0,0.006879589953228769,0.07497241002600812,0.0
18261,1.0,0.05,0.00012860098030384053,0.0,0.006879589953228769,0.07497241002600812,0.0
18262,1.0,0.05,0.00012860098030384053,0.0,0.006879589953228769,0.11193175189803228,0.0
18263,1.0,0.05,0.00012860098030384053,0.0,0.006879589953228769,0.07001289793979784,0.0
18264,1.0,0.05,0.00012860098030384053,0.0,0.006879589953228769,0.07001289793979784,0.0
18265,1.0,0.05,0.00012860098030384053,0.0,0.006879589953228769,0.07001289793979784,0.0
18266,1.0,0.05,0.00012860098030384053,0.0,0.006879589953228769,0.07724743324300515,0.0
18267,1.0,0.05,0.00012860098030384053,0.0,0.006879589953228769,0.07724743324300515,0.0
18268,1.0,0.05,0.00012860098030384053,0.0,0.006879589953228769,0.08010546239560525,0.0
18269,1.0,0.05,0.00012860098030384053,0.0,0.007328005625167752,0.08010546239560525,0.0
18270,1.0,0.05,0.00012860098030384053,0.0,0.007328005625167752,0.08010546239560525,0.0
18271,1.0,0.05,0.00012860098030384053,0.0,0.006407974161011758,0.08010546239560525,0.0
18272,1.0,0.05,0.00012860098030384053,0.0,0.006407974161011758,0.08010546239560525,0.0
18273,1.0,0.05,0.00012860098030384053,0.0,0.006407974161011758,0.08010546239560525,0.0
18274,1.0,0.05,0.00012860098030384053,0.0,0.006455076958982545,0.08010546239560525,0.0
18275,1.0,0.05,0.00012860098030384053,0.0,0.006455076958982545,0.13145726645068934,0.0
18276,1.0,0.05,0.00012860098030384053,0.0,0.006455076958982545,0.11566138155933917,0.0
18277,1.0,0.05,0.00012860098030384053,0.0,0.006455076958982545,0.11566138155933917,0.0
18278,1.0,0.05,0.00012860098030384053,0.0,0.006455076958982545,0.11566138155933917,0.0
18279,1.0,0.05,0.00012860098030384053,0.0,0.006896616515463951,0.15614819200964514,0.0
18280,1.0,0.05,0.00012860098030384053,0.0,0.006108654653416977,0.15614819200964514,0.0
18281,1.0,0.05,0.00013495409727414797,0.0,0.006108654653416977,0.14554692653154652,0.0
18282,1.0,0.05,0.00013495409727414797,0.0,0.006108654653416977,0.14554692653154652,0.0
18283,1.0,0.05,0.00013495409727414797,0.0,0.006108654653416977,0.028208636035847116,0.0
18284,1.0,0.05,0.00013495409727414797,0.0,0.006108654653416977,0.07226272911669354,0.0
18285,1.0,0.05,0.00013495409727414797,0.0,0.006108654653416977,0.017614853763524924,0.0
18286,1.0,0.05,0.00013495409727414797,0.0,0.006108654653416977,0.017614853763524924,0.0
18287,1.0,0.05,0.00013495409727414797,0.0,0.006108654653416977,0.019921957742633018,0.0
18288,1.0,0.05,0.00013495409727414797,0.0,0.005962433233410665,0.019921957742633018,0.0
18289,1.0,0.05,0.00014180838973442994,0.0,0.005962433233410665,0.03371106948660405,0.0
18290,1.0,0.05,0.0001406053228704045,0.0,0.005962433233410665,0.03371106948660405,0.0
18291,1.0,0.05,0.0001406053228704045,0.0,0.005962433233410665,0.060444524866186115,0.0
18292,1.0,0.05,0.0001406053228704045,0.0,0.005962433233410665,0.060444524866186115,0.0
18293,1.0,0.05,0.0001406053228704045,0.0,0.005962433233410665,0.02013409456922592,0.0
18294,1.0,0.05,0.00014390465358840045,0.0,0.005962433233410665,0.012261743677046744,0.0
18295,1.0,0.05,0.00014390465358840045,0.0,0.005962433233410665,0.030589397864280474,0.0
18296,1.0,0.05,0.00014390465358840045,0.0,0.005962433233410665,0.030589397864280474,0.0
18297,1.0,0.05,0.00014457809096729402,0.0,0.005962433233410665,0.023715446726803355,0.0
18298,1.0,0.05,0.0001296719042062473,0.0,0.005962433233410665,0.024947496061088117,0.0
18299,1.0,0.05,0.0001296719042062473,0.0,0.005962433233410665,0.024616701720520502,0.0
18300,1.0,0.05,0.0001296719042062473,0.0,0.005962433233410665,0.09218726620228918,0.0
18301,1.0,0.05,0.0001296719042062473,0.0,0.005962433233410665,0.09218726620228918,0.0
18302,1.0,0.05,0.0001296719042062473,0.0,0.005962433233410665,0.04976951366015234,0.0
18303,1.0,0.05,0.0001296719042062473,0.0,0.005966359999124323,0.04976951366015234,0.0
18304,1.0,0.05,0.0001296719042062473,0.0,0.005966359999124323,0.10787563497638203,0.0
18305,1.0,0.05,0.0001296719042062473,0.0,0.005966359999124323,0.05800510212144212,0.0
18306,1.0,0.05,0.0001296719042062473,0.0,0.005966359999124323,0.05800510212144212,0.0
18307,1.0,0.05,0.0001296719042062473,0.0,0.005966359999124323,0.05800510212144212,0.0
18308,1.0,0.05,0.0001296719042062473,0.0,0.005966359999124323,0.05555962933092829,0.0
18309,1.0,0.05,0.0001296719042062473,0.0,0.005966359999124323,0.05555962933092829,0.0
18310,1.0,0.05,0.0001296719042062473,0.0,0.005966359999124323,0.06535041836977028,0.0
18311,1.0,0.05,0.0001296719042062473,0.0,0.005966359999124323,0.00966454976813908,0.0
18312,1.0,0.05,0.0001296719042062473,0.0,0.00568759186565741,0.040487172194675486,0.0
18313,1.0,0.05,0.0001296719042062473,0.0,0.00568759186565741,0.10443710499171129,0.0
18314,1.0,0.05,0.0001296719042062473,0.0,0.00568759186565741,0.10443710499171129,0.0
18315,1.0,0.05,0.0001296719042062473,0.0,0.00568759186565741,0.0726461074134286,0.0
18316,1.0,0.05,0.0001296719042062473,0.0,0.006362826564321566,0.07029392201448491,0.0
18317,1.0,0.05,0.0001296719042062473,0.0,0.006362826564321566,0.07029392201448491,0.0
18318,1.0,0.05,0.0001296719042062473,0.0,0.006362826564321566,0.07029392201448491,0.0
18319,1.0,0.05,0.0001296719042062473,0.0,0.006362826564321566,0.06867811951392148,0.0
18320,1.0,0.05,0.0001296719042062473,0.0,0.006214088681364299,0.09961912287443511,0.0
18321,1.0,0.05,0.0001296719042062473,0.0,0.006214088681364299,0.09961912287443511,0.0
18322,1.0,0.05,0.0001296719042062473,0.0,0.00584963807328314,0.09961912287443511,0.0
18323,1.0,0.05,0.0001296719042062473,0.0,0.00584963807328314,0.09961912287443511,0.0
18324,1.0,0.05,0.00013466736065671406,0.0,0.00584963807328314,0.09961912287443511,0.0
18325,1.0,0.05,0.00013466736065671406,0.0,0.00584963807328314,0.09961912287443511,0.0
18326,1.0,0.05,0.00013354412384154453,0.0,0.00584963807328314,0.09961912287443511,0.0
18327,1.0,0.05,0.00013354412384154453,0.0,0.0066246960590236525,0.01913126988272456,0.0
18328,1.0,0.05,0.00013354412384154453,0.0,0.0066246960590236525,0.015270951958420074,0.0
18329,1.0,0.05,0.00013354412384154453,0.0,0.0066246960590236525,0.015270951958420074,0.0
18330,1.0,0.05,0.00013354412384154453,0.0,0.0066246960590236525,0.01679233967663656,0.0
18331,1.0,0.05,0.00013354412384154453,0.0,0.0066246960590236525,0.01679233967663656,0.0
18332,1.0,0.05,0.00013354412384154453,0.0,0.0066246960590236525,0.030112027124662936,0.0
18333,1.0,0.05,0.00013354412384154453,0.0,0.0066246960590236525,0.030112027124662936,0.0
18334,1.0,0.05,0.00013354412384154453,0.0,0.0066246960590236525,0.0776526593477113,0.0
18335,1.0,0.05,0.00013354412384154453,0.0,0.007455167624384149,0.0776526593477113,0.0
18336,1.0,0.05,0.00013354412384154453,0.0,0.007455167624384149,0.10724819637089858,0.0
18337,1.0,0.05,0.0001266586462587821,0.0,0.007455167624384149,0.032343973051562044,0.0
18338,1.0,0.05,0.0001266586462587821,0.0,0.007455167624384149,0.04984561295397187,0.0
18339,1.0,0.05,0.0001266586462587821,0.0,0.007455167624384149,0.04984561295397187,0.0
18340,1.0,0.05,0.0001266586462587821,0.0,0.007455167624384149,0.04984561295397187,0.0
18341,1.0,0.05,0.0001266586462587821,0.0,0.007455167624384149,0.08563226761646259,0.0
18342,1.0,0.05,0.0001266586462587821,0.0,0.007455167624384149,0.08563226761646259,0.0
18343,1.0,0.05,0.00011702084301142388,0.0,0.008580860645718263,0.08563226761646259,0.0
18344,1.0,0.05,0.00011702084301142388,0.0,0.008580860645718263,0.08563226761646259,0.0
18345,1.0,0.05,0.00011702084301142388,0.0,0.008580860645718263,0.09491455730565744,0.0
18346,1.0,0.05,0.00011702084301142388,0.0,0.008580860645718263,0.09491455730565744,0.0
18347,1.0,0.05,0.00011702084301142388,0.0,0.008580860645718263,0.18451688033287464,0.0
18348,1.0,0.05,0.00013312784051618283,0.0,0.008580860645718263,0.05035054478294472,0.0
18349,1.0,0.05,0.00013312784051618283,0.0,0.007123217178415336,0.062563167589334,0.0
18350,1.0,0.05,0.00013312784051618283,0.0,0.007123217178415336,0.048355066037574085,0.0
18351,1.0,0.05,0.00011205821724151302,0.0,0.007123217178415336,0.048355066037574085,0.0
18352,1.0,0.05,0.00011205821724151302,0.0,0.007123217178415336,0.025633953974539603,0.0
18353,1.0,0.05,0.00011205821724151302,0.0,0.007123217178415336,0.03890244832405657,0.0
18354,1.0,0.05,0.00011205821724151302,0.0,0.007123217178415336,0.03890244832405657,0.0
18355,1.0,0.05,0.00011205821724151302,0.0,0.007123217178415336,0.03890244832405657,0.0
18356,1.0,0.05,0.00011205821724151302,0.0,0.007123217178415336,0.03890244832405657,0.0
18357,1.0,0.05,0.00012061723709761686,0.0,0.009811907797170222,0.023254613321131427,0.0
18358,1.0,0.05,0.00012061723709761686,0.0,0.008619768535734748,0.023254613321131427,0.0
18359,1.0,0.05,0.00012061723709761686,0.0,0.008619768535734748,0.036374688610445995,0.0
18360,1.0,0.05,0.00012061723709761686,0.0,0.007672915764140323,0.06732341099204302,0.0
18361,1.0,0.05,0.00012061723709761686,0.0,0.007672915764140323,0.06732341099204302,0.0
18362,1.0,0.05,0.00012061723709761686,0.0,0.007672915764140323,0.06732341099204302,0.0
18363,1.0,0.05,0.00012061723709761686,0.0,0.007672915764140323,0.06732341099204302,0.0
18364,1.0,0.05,0.00012061723709761686,0.0,0.007672915764140323,0.06732341099204302,0.0
18365,1.0,0.05,0.00012061723709761686,0.0,0.007672915764140323,0.06732341099204302,0.0
18366,1.0,0.05,0.00012061723709761686,0.0,0.007672915764140323,0.06732341099204302,0.0
18367,1.0,0.05,0.00012061723709761686,0.0,0.007672915764140323,0.11632633857318458,0.0
18368,1.0,0.05,0.00012061723709761686,0.0,0.007264575976430551,0.11632633857318458,0.0
18369,1.0,0.05,0.00012061723709761686,0.0,0.007264575976430551,0.11632633857318458,0.0
18370,1.0,0.05,0.00012061723709761686,0.0,0.007264575976430551,0.04372652215674213,0.0
18371,1.0,0.05,0.00012061723709761686,0.0,0.007264575976430551,0.04372652215674213,0.0
18372,1.0,0.05,0.00012061723709761686,0.0,0.007264575976430551,0.04372652215674213,0.0
18373,1.0,0.05,0.00012061723709761686,0.0,0.007264575976430551,0.04372652215674213,0.0
18374,1.0,0.05,0.00012061723709761686,0.0,0.007264575976430551,0.15422110084508095,0.0
18375,1.0,0.05,0.00012061723709761686,0.0,0.007264575976430551,0.0532829658348717,0.0
18376,1.0,0.05,0.00012061723709761686,0.0,0.007264575976430551,0.0532829658348717,0.0
18377,1.0,0.05,0.00012061723709761686,0.0,0.007264575976430551,0.0532829658348717,0.0
18378,1.0,0.05,0.00012061723709761686,0.0,0.007264575976430551,0.0532829658348717,0.0
18379,1.0,0.05,0.00012278917267825133,0.0,0.007264575976430551,0.0532829658348717,0.0
18380,1.0,0.05,0.0001297457839104398,0.0,0.007264575976430551,0.0539051713395213,0.0
18381,1.0,0.05,0.0001297457839104398,0.0,0.006215046718606556,0.0539051713395213,0.0
18382,1.0,0.05,0.0001297457839104398,0.0,0.006215046718606556,0.0539051713395213,0.0
18383,1.0,0.05,0.00013675200939350046,0.0,0.006215046718606556,0.0539051713395213,0.0
18384,1.0,0.05,0.00013675200939350046,0.0,0.006215046718606556,0.0539051713395213,0.0
18385,1.0,0.05,0.00013675200939350046,0.0,0.006215046718606556,0.0539051713395213,0.0
18386,1.0,0.05,0.00013675200939350046,0.0,0.006215046718606556,0.0539051713395213,0.0
18387,1.0,0.05,0.00013675200939350046,0.0,0.0061625653863873146,0.013636990749322845,0.0
18388,1.0,0.05,0.00013675200939350046,0.0,0.0061625653863873146,0.016672947563043293,0.0
18389,1.0,0.05,0.00013675200939350046,0.0,0.0061625653863873146,0.029285142859994562,0.0
18390,1.0,0.05,0.00013675200939350046,0.0,0.0057478372353256075,0.029285142859994562,0.0
18391,1.0,0.05,0.00013427895719114204,0.0,0.0057478372353256075,0.0879635188806571,0.0
18392,1.0,0.05,0.00013427895719114204,0.0,0.0057478372353256075,0.0879635188806571,0.0
18393,1.0,0.05,0.00013427895719114204,0.0,0.0057478372353256075,0.04195402474195289,0.0
18394,1.0,0.05,0.00013427895719114204,0.0,0.0057478372353256075,0.025647986227246296,0.0
18395,1.0,0.05,0.00014289417133115707,0.0,0.0057478372353256075,0.02007895268394022,0.0
18396,1.0,0.05,0.00014289417133115707,0.0,0.0057478372353256075,0.02007895268394022,0.0
18397,1.0,0.05,0.00014289417133115707,0.0,0.0057478372353256075,0.014090997473821167,0.0
18398,1.0,0.05,0.00014289417133115707,0.0,0.0057478372353256075,0.022681798246574007,0.0
18399,1.0,0.05,0.00014289417133115707,0.0,0.0057478372353256075,0.019961831906770332,0.0
18400,1.0,0.05,0.00014289417133115707,0.0,0.0056848030532444405,0.02010185153370335,0.0
18401,1.0,0.05,0.00014289417133115707,0.0,0.0059131926185846985,0.12139812690250633,0.0
18402,1.0,0.05,0.00014289417133115707,0.0,0.0059131926185846985,0.12139812690250633,0.0
18403,1.0,0.05,0.00014289417133115707,0.0,0.0059131926185846985,0.12139812690250633,0.0
18404,1.0,0.05,0.0001278510780042921,0.0,0.0059131926185846985,0.04341151236046004,0.0
18405,1.0,0.05,0.0001278510780042921,0.0,0.0059131926185846985,0.08447964404025238,0.0
18406,1.0,0.05,0.0001278510780042921,0.0,0.0059131926185846985,0.07531069148867334,0.0
18407,1.0,0.05,0.0001278510780042921,0.0,0.0059131926185846985,0.07531069148867334,0.0
18408,1.0,0.05,0.0001278510780042921,0.0,0.0059131926185846985,0.07531069148867334,0.0
18409,1.0,0.05,0.0001278510780042921,0.0,0.006105132335174424,0.08420793834169028,0.0
18410,1.0,0.05,0.0001278510780042921,0.0,0.006105132335174424,0.08420793834169028,0.0
18411,1.0,0.05,0.0001278510780042921,0.0,0.006209155521919011,0.059060415441740156,0.0
18412,1.0,0.05,0.0001278510780042921,0.0,0.006209155521919011,0.059060415441740156,0.0
18413,1.0,0.05,0.000126796005161036,0.0,0.00727154977515145,0.031371526561568525,0.0
18414,1.0,0.05,0.000126796005161036,0.0,0.005956516159827479,0.031371526561568525,0.0
18415,1.0,0.05,0.00012996189282623688,0.0,0.005956516159827479,0.025265640146269513,0.0
18416,1.0,0.05,0.00013788696641458783,0.0,0.005956516159827479,0.025265640146269513,0.0
18417,1.0,0.05,0.00013788696641458783,0.0,0.005956516159827479,0.03334092915100108,0.0
18418,1.0,0.05,0.00013788696641458783,0.0,0.005956516159827479,0.03334092915100108,0.0
18419,1.0,0.05,0.00013788696641458783,0.0,0.005956516159827479,0.05007071280535069,0.0
18420,1.0,0.05,0.00013788696641458783,0.0,0.005956516159827479,0.04396409586049318,0.0
18421,1.0,0.05,0.00013788696641458783,0.0,0.005956516159827479,0.04396409586049318,0.0
18422,1.0,0.05,0.00013788696641458783,0.0,0.005956516159827479,0.04396409586049318,0.0
18423,1.0,0.05,0.00013788696641458783,0.0,0.005956516159827479,0.04396409586049318,0.0
18424,1.0,0.05,0.00013788696641458783,0.0,0.006721196518843011,0.04396409586049318,0.0
18425,1.0,0.05,0.00013788696641458783,0.0,0.006721196518843011,0.04396409586049318,0.0
18426,1.0,0.05,0.00013788696641458783,0.0,0.006721196518843011,0.04396409586049318,0.0
18427,1.0,0.05,0.00013788696641458783,0.0,0.006721196518843011,0.09296899027885394,0.0
18428,1.0,0.05,0.00013788696641458783,0.0,0.006721196518843011,0.09296899027885394,0.0
18429,1.0,0.05,0.00013788696641458783,0.0,0.006721196518843011,0.09296899027885394,0.0
18430,1.0,0.05,0.00013788696641458783,0.0,0.006721196518843011,0.10085728689384502,0.0
18431,1.0,0.05,0.00013788696641458783,0.0,0.006721196518843011,0.10085728689384502,0.0
18432,1.0,0.05,0.00013788696641458783,0.0,0.007726910623596013,0.10085728689384502,0.0
18433,1.0,0.05,0.00013788696641458783,0.0,0.006529853930027229,0.07992812853484564,0.0
18434,1.0,0.05,0.00013788696641458783,0.0,0.006529853930027229,0.12226519758773544,0.0
18435,1.0,0.05,0.00013788696641458783,0.0,0.006529853930027229,0.12348169398925193,0.0
18436,1.0,0.05,0.0001264253273094641,0.0,0.006529853930027229,0.12348169398925193,0.0
18437,1.0,0.05,0.0001264253273094641,0.0,0.006529853930027229,0.12348169398925193,0.0
18438,1.0,0.05,0.0001264253273094641,0.0,0.006146260817706679,0.0974419896150605,0.0
18439,1.0,0.05,0.0001264253273094641,0.0,0.00580392661266038,0.053548822835711454,0.0
18440,1.0,0.05,0.00014188719941649923,0.0,0.00580392661266038,0.04545901739292857,0.0
18441,1.0,0.05,0.00014188719941649923,0.0,0.005290828763410532,0.04545901739292857,0.0
18442,1.0,0.05,0.00014188719941649923,0.0,0.005290828763410532,0.04545901739292857,0.0
18443,1.0,0.05,0.00014188719941649923,0.0,0.005340448223651362,0.024717261428974752,0.0
18444,1.0,0.05,0.00014188719941649923,0.0,0.005340448223651362,0.0222147849461903,0.0
18445,1.0,0.05,0.00014188719941649923,0.0,0.005340448223651362,0.081085340328194,0.0
18446,1.0,0.05,0.00013520314527999195,0.0,0.005340448223651362,0.014486913104487856,0.0
18447,1.0,0.05,0.00013520314527999195,0.0,0.005838812120995123,0.014486913104487856,0.0
18448,1.0,0.05,0.00013520314527999195,0.0,0.005838812120995123,0.014486913104487856,0.0
18449,1.0,0.05,0.00013718950350254114,0.0,0.005838812120995123,0.011371109629289493,0.0
18450,1.0,0.05,0.00013718950350254114,0.0,0.006052028397174484,0.022410038531112862,0.0
18451,1.0,0.05,0.00013718950350254114,0.0,0.006052028397174484,0.11130587592467324,0.0
18452,1.0,0.05,0.00013718950350254114,0.0,0.006052028397174484,0.025507463766931342,0.0
18453,1.0,0.05,0.00013718950350254114,0.0,0.006052028397174484,0.04135481700823337,0.0
18454,1.0,0.05,0.00013718950350254114,0.0,0.006052028397174484,0.04135481700823337,0.0
18455,1.0,0.05,0.00013718950350254114,0.0,0.006052028397174484,0.035533777658804666,0.0
18456,1.0,0.05,0.00013718950350254114,0.0,0.006052028397174484,0.035533777658804666,0.0
18457,1.0,0.05,0.00013718950350254114,0.0,0.006052028397174484,0.035533777658804666,0.0
18458,1.0,0.05,0.00013718950350254114,0.0,0.006052028397174484,0.03142229280370196,0.0
18459,1.0,0.05,0.00013718950350254114,0.0,0.006052028397174484,0.05929937814110563,0.0
18460,1.0,0.05,0.00013718950350254114,0.0,0.006052028397174484,0.037349156954501625,0.0
18461,1.0,0.05,0.00013718950350254114,0.0,0.006052028397174484,0.02962410533466086,0.0
18462,1.0,0.05,0.00013718950350254114,0.0,0.006052028397174484,0.020891220246695916,0.0
18463,1.0,0.05,0.00012676615599581436,0.0,0.006052028397174484,0.020891220246695916,0.0
18464,1.0,0.05,0.00012676615599581436,0.0,0.006052028397174484,0.08671405141680733,0.0
18465,1.0,0.05,0.00012676615599581436,0.0,0.006052028397174484,0.09502894338042087,0.0
18466,1.0,0.05,0.00012676615599581436,0.0,0.006052028397174484,0.07919198445945719,0.0
18467,1.0,0.05,0.00012676615599581436,0.0,0.006052028397174484,0.07439823180969021,0.0
18468,1.0,0.05,0.00012676615599581436,0.0,0.006052028397174484,0.07439823180969021,0.0
18469,1.0,0.05,0.00012676615599581436,0.0,0.006052028397174484,0.07439823180969021,0.0
18470,1.0,0.05,0.00012676615599581436,0.0,0.006052028397174484,0.09248281761589457,0.0
18471,1.0,0.05,0.00013393559936233638,0.0,0.006052028397174484,0.09248281761589457,0.0
18472,1.0,0.05,0.00013393559936233638,0.0,0.006052028397174484,0.09248281761589457,0.0
18473,1.0,0.05,0.00013393559936233638,0.0,0.006052028397174484,0.08613385122253048,0.0
18474,1.0,0.05,0.00013393559936233638,0.0,0.006052028397174484,0.08613385122253048,0.0
18475,1.0,0.05,0.00013393559936233638,0.0,0.006052028397174484,0.08613385122253048,0.0
18476,1.0,0.05,0.00013393559936233638,0.0,0.006052028397174484,0.08613385122253048,0.0
18477,1.0,0.05,0.00013393559936233638,0.0,0.007071456655996987,0.08613385122253048,0.0
18478,1.0,0.05,0.00013393559936233638,0.0,0.007071456655996987,0.07992331429041113,0.0
18479,1.0,0.05,0.00013393559936233638,0.0,0.005456684900108039,0.07992331429041113,0.0
18480,1.0,0.05,0.00013393559936233638,0.0,0.005456684900108039,0.07992331429041113,0.0
18481,1.0,0.05,0.00013393559936233638,0.0,0.005456684900108039,0.060571370183341466,0.0
18482,1.0,0.05,0.00013393559936233638,0.0,0.005699902824443719,0.060571370183341466,0.0
18483,1.0,0.05,0.00013393559936233638,0.0,0.005699902824443719,0.060571370183341466,0.0
18484,1.0,0.05,0.00013393559936233638,0.0,0.005699902824443719,0.09691664618165141,0.0
18485,1.0,0.05,0.00013393559936233638,0.0,0.005699902824443719,0.09691664618165141,0.0
18486,1.0,0.05,0.00013393559936233638,0.0,0.005699902824443719,0.09691664618165141,0.0
18487,1.0,0.05,0.00013393559936233638,0.0,0.005699902824443719,0.0828505760684372,0.0
18488,1.0,0.05,0.00013393559936233638,0.0,0.00583910835447972,0.0828505760684372,0.0
18489,1.0,0.05,0.00013393559936233638,0.0,0.00583910835447972,0.0828505760684372,0.0
18490,1.0,0.05,0.00013393559936233638,0.0,0.00583910835447972,0.0828505760684372,0.0
18491,1.0,0.05,0.00013393559936233638,0.0,0.00583910835447972,0.0828505760684372,0.0
18492,1.0,0.05,0.00013393559936233638,0.0,0.006240981569507648,0.07108463156061977,0.0
18493,1.0,0.05,0.00013393559936233638,0.0,0.006240981569507648,0.02187959882738086,0.0
18494,1.0,0.05,0.00013393559936233638,0.0,0.006120306405754356,0.06472623785132912,0.0
18495,1.0,0.05,0.00013393559936233638,0.0,0.006120306405754356,0.06472623785132912,0.0
18496,1.0,0.05,0.00013393559936233638,0.0,0.006120306405754356,0.0651945801075853,0.0
18497,1.0,0.05,0.00013393559936233638,0.0,0.006357795336412814,0.05631889538773833,0.0
18498,1.0,0.05,0.00013393559936233638,0.0,0.006357795336412814,0.05631889538773833,0.0
18499,1.0,0.05,0.00013393559936233638,0.0,0.006357795336412814,0.05631889538773833,0.0
18500,1.0,0.05,0.00013393559936233638,0.0,0.006357795336412814,0.05631889538773833,0.0
18501,1.0,0.05,0.00013316639620468784,0.0,0.006357795336412814,0.05631889538773833,0.0
18502,1.0,0.05,0.00013316639620468784,0.0,0.006357795336412814,0.10220113694986926,0.0
18503,1.0,0.05,0.00013316639620468784,0.0,0.006357795336412814,0.04651648741250994,0.0
18504,1.0,0.05,0.00013316639620468784,0.0,0.006357795336412814,0.04651648741250994,0.0
18505,1.0,0.05,0.00013316639620468784,0.0,0.006357795336412814,0.06496190164711267,0.0
18506,1.0,0.05,0.00013316639620468784,0.0,0.006357795336412814,0.06496190164711267,0.0
18507,1.0,0.05,0.00013316639620468784,0.0,0.006357795336412814,0.08049891586495486,0.0
18508,1.0,0.05,0.00013316639620468784,0.0,0.006357795336412814,0.08049891586495486,0.0
18509,1.0,0.05,0.00013316639620468784,0.0,0.006013273618997734,0.08049891586495486,0.0
18510,1.0,0.05,0.00013316639620468784,0.0,0.006013273618997734,0.017421562322229696,0.0
18511,1.0,0.05,0.0001331095699172202,0.0,0.006013273618997734,0.13319410437540918,0.0
18512,1.0,0.05,0.00013085002494926245,0.0,0.006013273618997734,0.13319410437540918,0.0
18513,1.0,0.05,0.00013257333708189338,0.0,0.006098866323038719,0.13319410437540918,0.0
18514,1.0,0.05,0.00013257333708189338,0.0,0.006098866323038719,0.07910264043790742,0.0
18515,1.0,0.05,0.00013257333708189338,0.0,0.006098866323038719,0.07910264043790742,0.0
18516,1.0,0.05,0.00013257333708189338,0.0,0.006098866323038719,0.026377206329641027,0.0
18517,1.0,0.05,0.00013257333708189338,0.0,0.006264493724336374,0.06832615794734026,0.0
18518,1.0,0.05,0.00013257333708189338,0.0,0.006264493724336374,0.07522554840646159,0.0
18519,1.0,0.05,0.00013257333708189338,0.0,0.006264493724336374,0.07522554840646159,0.0
18520,1.0,0.05,0.00013257333708189338,0.0,0.006264493724336374,0.07522554840646159,0.0
18521,1.0,0.05,0.00013257333708189338,0.0,0.006264493724336374,0.08941005797782853,0.0
18522,1.0,0.05,0.00013257333708189338,0.0,0.006264493724336374,0.06938426463896244,0.0
18523,1.0,0.05,0.00013257333708189338,0.0,0.006264493724336374,0.06938426463896244,0.0
18524,1.0,0.05,0.00013257333708189338,0.0,0.006264493724336374,0.06938426463896244,0.0
18525,1.0,0.05,0.00013257333708189338,0.0,0.006264493724336374,0.06938426463896244,0.0
18526,1.0,0.05,0.00013257333708189338,0.0,0.006264493724336374,0.06938426463896244,0.0
18527,1.0,0.05,0.00013257333708189338,0.0,0.006264493724336374,0.05724451911579678,0.0
18528,1.0,0.05,0.00013045504207229007,0.0,0.005427156026010491,0.05724451911579678,0.0
18529,1.0,0.05,0.00013045504207229007,0.0,0.005427156026010491,0.05724451911579678,0.0
18530,1.0,0.05,0.0001339963968454545,0.0,0.006517225477712622,0.05724451911579678,0.0
18531,1.0,0.05,0.0001339963968454545,0.0,0.006517225477712622,0.11972877237417179,0.0
18532,1.0,0.05,0.0001339963968454545,0.0,0.006517225477712622,0.11972877237417179,0.0
18533,1.0,0.05,0.0001339963968454545,0.0,0.006517225477712622,0.05056649459473908,0.0
18534,1.0,0.05,0.0001339963968454545,0.0,0.006517225477712622,0.11997522179892327,0.0
18535,1.0,0.05,0.0001339963968454545,0.0,0.006517225477712622,0.11997522179892327,0.0
18536,1.0,0.05,0.0001339963968454545,0.0,0.006517225477712622,0.11997522179892327,0.0
18537,1.0,0.05,0.0001339963968454545,0.0,0.006517225477712622,0.11997522179892327,0.0
18538,1.0,0.05,0.0001339963968454545,0.0,0.006517225477712622,0.11263626097714564,0.0
18539,1.0,0.05,0.0001339963968454545,0.0,0.006517225477712622,0.11263626097714564,0.0
18540,1.0,0.05,0.0001339963968454545,0.0,0.006517225477712622,0.10683630822619172,0.0
18541,1.0,0.05,0.0001339963968454545,0.0,0.006517225477712622,0.09613041960471823,0.0
18542,1.0,0.05,0.0001339963968454545,0.0,0.005990403661039786,0.09613041960471823,0.0
18543,1.0,0.05,0.0001339963968454545,0.0,0.005990403661039786,0.09613041960471823,0.0
18544,1.0,0.05,0.0001339963968454545,0.0,0.005990403661039786,0.09613041960471823,0.0
18545,1.0,0.05,0.0001339963968454545,0.0,0.005990403661039786,0.09613041960471823,0.0
18546,1.0,0.05,0.0001339963968454545,0.0,0.005990403661039786,0.09613041960471823,0.0
18547,1.0,0.05,0.0001339963968454545,0.0,0.005990403661039786,0.07865074811822798,0.0
18548,1.0,0.05,0.0001339963968454545,0.0,0.005990403661039786,0.07865074811822798,0.0
18549,1.0,0.05,0.00013487535824499705,0.0,0.005990403661039786,0.07865074811822798,0.0
18550,1.0,0.05,0.00013487535824499705,0.0,0.005990403661039786,0.051555582403346865,0.0
18551,1.0,0.05,0.00013487535824499705,0.0,0.0066388254882699775,0.050946665362052515,0.0
18552,1.0,0.05,0.00013487535824499705,0.0,0.0066388254882699775,0.050946665362052515,0.0
18553,1.0,0.05,0.00013487535824499705,0.0,0.006915265116160804,0.03716944550699492,0.0
18554,1.0,0.05,0.00012398267384394204,0.0,0.006915265116160804,0.11844999032107416,0.0
18555,1.0,0.05,0.00012398267384394204,0.0,0.006915265116160804,0.11844999032107416,0.0
18556,1.0,0.05,0.00012398267384394204,0.0,0.006915265116160804,0.1508620305292226,0.0
18557,1.0,0.05,0.00012398267384394204,0.0,0.006915265116160804,0.13410770356987992,0.0
18558,1.0,0.05,0.00012398267384394204,0.0,0.0063665642492529975,0.13410770356987992,0.0
18559,1.0,0.05,0.00012398267384394204,0.0,0.0063665642492529975,0.13410770356987992,0.0
18560,1.0,0.05,0.00012398267384394204,0.0,0.0063665642492529975,0.13410770356987992,0.0
18561,1.0,0.05,0.00012398267384394204,0.0,0.0063665642492529975,0.11815310279338476,0.0
18562,1.0,0.05,0.00012398267384394204,0.0,0.006335899519776763,0.11815310279338476,0.0
18563,1.0,0.05,0.00012398267384394204,0.0,0.00660623530251359,0.12090497712605433,0.0
18564,1.0,0.05,0.0001369489497005127,0.0,0.006114750677830619,0.12090497712605433,0.0
18565,1.0,0.05,0.0001369489497005127,0.0,0.006114750677830619,0.03726287689396922,0.0
18566,1.0,0.05,0.0001369489497005127,0.0,0.006114750677830619,0.09101644673604153,0.0
18567,1.0,0.05,0.0001369489497005127,0.0,0.006114750677830619,0.07947348678961696,0.0
18568,1.0,0.05,0.0001369489497005127,0.0,0.006114750677830619,0.09368892326352478,0.0
18569,1.0,0.05,0.0001369489497005127,0.0,0.006114750677830619,0.061430262735334404,0.0
18570,1.0,0.05,0.0001369489497005127,0.0,0.006114750677830619,0.059474580919016966,0.0
18571,1.0,0.05,0.0001369489497005127,0.0,0.006114750677830619,0.06379611718136906,0.0
18572,1.0,0.05,0.0001369489497005127,0.0,0.006114750677830619,0.07288772616255909,0.0
18573,1.0,0.05,0.0001369489497005127,0.0,0.006114750677830619,0.07288772616255909,0.0
18574,1.0,0.05,0.0001369489497005127,0.0,0.006114750677830619,0.07288772616255909,0.0
18575,1.0,0.05,0.0001369489497005127,0.0,0.006114750677830619,0.07288772616255909,0.0
18576,1.0,0.05,0.00013424902285231742,0.0,0.006114750677830619,0.024987290867841835,0.0
18577,1.0,0.05,0.00013424902285231742,0.0,0.006114750677830619,0.06616008440203368,0.0
18578,1.0,0.05,0.00013424902285231742,0.0,0.006114750677830619,0.06616008440203368,0.0
18579,1.0,0.05,0.00013424902285231742,0.0,0.006114750677830619,0.06616008440203368,0.0
18580,1.0,0.05,0.00013424902285231742,0.0,0.006114750677830619,0.06616008440203368,0.0
18581,1.0,0.05,0.00013424902285231742,0.0,0.006114750677830619,0.06616008440203368,0.0
18582,1.0,0.05,0.00013424902285231742,0.0,0.006114750677830619,0.06616008440203368,0.0
18583,1.0,0.05,0.00013424902285231742,0.0,0.006114750677830619,0.09002913102930359,0.0
18584,1.0,0.05,0.00013424902285231742,0.0,0.006114750677830619,0.09002913102930359,0.0
18585,1.0,0.05,0.00013424902285231742,0.0,0.006114750677830619,0.09002913102930359,0.0
18586,1.0,0.05,0.00013424902285231742,0.0,0.006114750677830619,0.09002913102930359,0.0
18587,1.0,0.05,0.00013424902285231742,0.0,0.006114750677830619,0.09002913102930359,0.0
18588,1.0,0.05,0.00013424902285231742,0.0,0.006114750677830619,0.09002913102930359,0.0
18589,1.0,0.05,0.00013424902285231742,0.0,0.006398531595204557,0.06068040100902773,0.0
18590,1.0,0.05,0.00013424902285231742,0.0,0.006398531595204557,0.06068040100902773,0.0
18591,1.0,0.05,0.00013424902285231742,0.0,0.006398531595204557,0.06068040100902773,0.0
18592,1.0,0.05,0.00013424902285231742,0.0,0.006159060408460573,0.07345386828957141,0.0
18593,1.0,0.05,0.00013424902285231742,0.0,0.006159060408460573,0.07345386828957141,0.0
18594,1.0,0.05,0.00013424902285231742,0.0,0.006159060408460573,0.07345386828957141,0.0
18595,1.0,0.05,0.00013424902285231742,0.0,0.006159060408460573,0.07345386828957141,0.0
18596,1.0,0.05,0.00013424902285231742,0.0,0.006159060408460573,0.07345386828957141,0.0
18597,1.0,0.05,0.00013424902285231742,0.0,0.006159060408460573,0.07345386828957141,0.0
18598,1.0,0.05,0.00013424902285231742,0.0,0.006159060408460573,0.06721588209811935,0.0
18599,1.0,0.05,0.00013688997709563803,0.0,0.006159060408460573,0.06721588209811935,0.0
18600,1.0,0.05,0.00013688997709563803,0.0,0.005553491103429653,0.06721588209811935,0.0
18601,1.0,0.05,0.00013688997709563803,0.0,0.005553491103429653,0.056128730587319625,0.0
18602,1.0,0.05,0.00013688997709563803,0.0,0.005553491103429653,0.056128730587319625,0.0
18603,1.0,0.05,0.00013688997709563803,0.0,0.007152851766540543,0.09135732180135483,0.0
18604,1.0,0.05,0.00013688997709563803,0.0,0.005416091890770992,0.09090029853226995,0.0
18605,1.0,0.05,0.00013688997709563803,0.0,0.005755789113828341,0.09090029853226995,0.0
18606,1.0,0.05,0.00013551249891752848,0.0,0.005755789113828341,0.09090029853226995,0.0
18607,1.0,0.05,0.00013551249891752848,0.0,0.005755789113828341,0.09090029853226995,0.0
18608,1.0,0.05,0.00013551249891752848,0.0,0.005755789113828341,0.06252408489444916,0.0
18609,1.0,0.05,0.00013551249891752848,0.0,0.005755789113828341,0.08460609383447174,0.0
18610,1.0,0.05,0.00013551249891752848,0.0,0.005755789113828341,0.08460609383447174,0.0
18611,1.0,0.05,0.00013551249891752848,0.0,0.005755789113828341,0.0465878680063979,0.0
18612,1.0,0.05,0.00013551249891752848,0.0,0.005755789113828341,0.07853414873415984,0.0
18613,1.0,0.05,0.00013551249891752848,0.0,0.005755789113828341,0.07853414873415984,0.0
18614,1.0,0.05,0.00013551249891752848,0.0,0.005629857695974934,0.07853414873415984,0.0
18615,1.0,0.05,0.00013551249891752848,0.0,0.00765732816957099,0.07853414873415984,0.0
18616,1.0,0.05,0.00013551249891752848,0.0,0.005113501714634175,0.08614084096738342,0.0
18617,1.0,0.05,0.00013551249891752848,0.0,0.007820985132306352,0.08614084096738342,0.0
18618,1.0,0.05,0.00013551249891752848,0.0,0.007820985132306352,0.08154545084039758,0.0
18619,1.0,0.05,0.00013551249891752848,0.0,0.007820985132306352,0.02455582741242213,0.0
18620,1.0,0.05,0.00012688173026258222,0.0,0.007820985132306352,0.0828550791493414,0.0
18621,1.0,0.05,0.00012688173026258222,0.0,0.006087749491460623,0.08507280636875911,0.0
18622,1.0,0.05,0.00012688173026258222,0.0,0.006087749491460623,0.08833692466086471,0.0
18623,1.0,0.05,0.00012688173026258222,0.0,0.006087749491460623,0.08833692466086471,0.0
18624,1.0,0.05,0.00012688173026258222,0.0,0.009100898712826423,0.08833692466086471,0.0
18625,1.0,0.05,0.00012688173026258222,0.0,0.009100898712826423,0.07626760176874628,0.0
18626,1.0,0.05,0.00012688173026258222,0.0,0.009100898712826423,0.07626760176874628,0.0
18627,1.0,0.05,0.00012688173026258222,0.0,0.00644054777565957,0.07626760176874628,0.0
18628,1.0,0.05,0.00012688173026258222,0.0,0.00644054777565957,0.05596518633234428,0.0
18629,1.0,0.05,0.00012688173026258222,0.0,0.00644054777565957,0.09426630995856478,0.0
18630,1.0,0.05,0.00012688173026258222,0.0,0.00644054777565957,0.09426630995856478,0.0
18631,1.0,0.05,0.00012688173026258222,0.0,0.00644054777565957,0.09426630995856478,0.0
18632,1.0,0.05,0.00012688173026258222,0.0,0.00644054777565957,0.0653072155431017,0.0
18633,1.0,0.05,0.00012688173026258222,0.0,0.00644054777565957,0.0653072155431017,0.0
18634,1.0,0.05,0.00013901826176370455,0.0,0.00644054777565957,0.0653072155431017,0.0
18635,1.0,0.05,0.00013901826176370455,0.0,0.005317898695250535,0.06699561059473372,0.0
18636,1.0,0.05,0.00013901826176370455,0.0,0.005317898695250535,0.030888074065027277,0.0
18637,1.0,0.05,0.00013901826176370455,0.0,0.005317898695250535,0.030888074065027277,0.0
18638,1.0,0.05,0.00013901826176370455,0.0,0.005317898695250535,0.07967067551914364,0.0
18639,1.0,0.05,0.00013901826176370455,0.0,0.005317898695250535,0.07967067551914364,0.0
18640,1.0,0.05,0.00013901826176370455,0.0,0.006131446841800145,0.03466267687621366,0.0
18641,1.0,0.05,0.00013901826176370455,0.0,0.006131446841800145,0.07265410579818428,0.0
18642,1.0,0.05,0.00013901826176370455,0.0,0.006131446841800145,0.07328078861118001,0.0
18643,1.0,0.05,0.00013901826176370455,0.0,0.006131446841800145,0.07328078861118001,0.0
18644,1.0,0.05,0.00013548526468794633,0.0,0.006131446841800145,0.07328078861118001,0.0
18645,1.0,0.05,0.00013468451537952092,0.0,0.006131446841800145,0.07328078861118001,0.0
18646,1.0,0.05,0.00013468451537952092,0.0,0.006131446841800145,0.07328078861118001,0.0
18647,1.0,0.05,0.00013468451537952092,0.0,0.006131446841800145,0.07328078861118001,0.0
18648,1.0,0.05,0.00013468451537952092,0.0,0.006131446841800145,0.06568234218293582,0.0
18649,1.0,0.05,0.00013468451537952092,0.0,0.006131446841800145,0.06568234218293582,0.0
18650,1.0,0.05,0.00013468451537952092,0.0,0.006131446841800145,0.06568234218293582,0.0
18651,1.0,0.05,0.00013468451537952092,0.0,0.006131446841800145,0.06568234218293582,0.0
18652,1.0,0.05,0.00013468451537952092,0.0,0.006131446841800145,0.05783494908397813,0.0
18653,1.0,0.05,0.00013079617290634777,0.0,0.006131446841800145,0.02426104295740854,0.0
18654,1.0,0.05,0.00013079617290634777,0.0,0.006894723768393718,0.029639906429384688,0.0
18655,1.0,0.05,0.00013079617290634777,0.0,0.006894723768393718,0.05729130911497873,0.0
18656,1.0,0.05,0.00013079617290634777,0.0,0.006894723768393718,0.058110614854304216,0.0
18657,1.0,0.05,0.00013079617290634777,0.0,0.006894723768393718,0.02819107558798712,0.0
18658,1.0,0.05,0.00013079617290634777,0.0,0.007181533954910749,0.008137326877217297,0.0
18659,1.0,0.05,0.00013079617290634777,0.0,0.007181533954910749,0.029687678040932225,0.0
18660,1.0,0.05,0.00013063354539134781,0.0,0.007181533954910749,0.034983277755063276,0.0
18661,1.0,0.05,0.00013063354539134781,0.0,0.006682187773250581,0.0750314010696952,0.0
18662,1.0,0.05,0.00013063354539134781,0.0,0.006682187773250581,0.0750314010696952,0.0
18663,1.0,0.05,0.00013063354539134781,0.0,0.006682187773250581,0.06597104270124324,0.0
18664,1.0,0.05,0.00013063354539134781,0.0,0.006682187773250581,0.06597104270124324,0.0
18665,1.0,0.05,0.00013063354539134781,0.0,0.006682187773250581,0.06597104270124324,0.0
18666,1.0,0.05,0.00013063354539134781,0.0,0.006682187773250581,0.05023034636315138,0.0
18667,1.0,0.05,0.00013063354539134781,0.0,0.008573921590202897,0.05023034636315138,0.0
18668,1.0,0.05,0.00013063354539134781,0.0,0.008573921590202897,0.07680275463717577,0.0
18669,1.0,0.05,0.00013063354539134781,0.0,0.00751385127957512,0.15430496705691657,0.0
18670,1.0,0.05,0.00013063354539134781,0.0,0.006612928785926016,0.13562674135008312,0.0
18671,1.0,0.05,0.00013063354539134781,0.0,0.006612928785926016,0.030904442643486706,0.0
18672,1.0,0.05,0.00013063354539134781,0.0,0.006612928785926016,0.01930405891225887,0.0
18673,1.0,0.05,0.00013063354539134781,0.0,0.007517688945281105,0.036788377426213506,0.0
18674,1.0,0.05,0.00013063354539134781,0.0,0.007517688945281105,0.036788377426213506,0.0
18675,1.0,0.05,0.00013063354539134781,0.0,0.004978583664832867,0.0446311809911231,0.0
18676,1.0,0.05,0.00013063354539134781,0.0,0.007143981852136445,0.021434914179173183,0.0
18677,1.0,0.05,0.00013063354539134781,0.0,0.007143981852136445,0.05063034112739894,0.0
18678,1.0,0.05,0.00013063354539134781,0.0,0.005405713589326003,0.028702512672805044,0.0
18679,1.0,0.05,0.00013063354539134781,0.0,0.005405713589326003,0.025371063594978194,0.0
18680,1.0,0.05,0.00013063354539134781,0.0,0.006572332028275697,0.024528793022248446,0.0
18681,1.0,0.05,0.00013063354539134781,0.0,0.005544321076483781,0.031166323381134464,0.0
18682,1.0,0.05,0.00013063354539134781,0.0,0.005544321076483781,0.041957322724406,0.0
18683,1.0,0.05,0.00013063354539134781,0.0,0.005544321076483781,0.10433416789203788,0.0
18684,1.0,0.05,0.00013063354539134781,0.0,0.005544321076483781,0.10433416789203788,0.0
18685,1.0,0.05,0.00013063354539134781,0.0,0.005544321076483781,0.10433416789203788,0.0
18686,1.0,0.05,0.00013063354539134781,0.0,0.005544321076483781,0.10433416789203788,0.0
18687,1.0,0.05,0.00013063354539134781,0.0,0.005544321076483781,0.06807717963999532,0.0
18688,1.0,0.05,0.00013063354539134781,0.0,0.005792780511125509,0.06807717963999532,0.0
18689,1.0,0.05,0.00012947922310210322,0.0,0.006990590303290858,0.06807717963999532,0.0
18690,1.0,0.05,0.00012947922310210322,0.0,0.006990590303290858,0.07492838933223722,0.0
18691,1.0,0.05,0.00012947922310210322,0.0,0.005479736360802517,0.07492838933223722,0.0
18692,1.0,0.05,0.00012947922310210322,0.0,0.005479736360802517,0.07492838933223722,0.0
18693,1.0,0.05,0.00012947922310210322,0.0,0.005479736360802517,0.07492838933223722,0.0
18694,1.0,0.05,0.00012947922310210322,0.0,0.005479736360802517,0.07492838933223722,0.0
18695,1.0,0.05,0.00012947922310210322,0.0,0.005479736360802517,0.013970481202675153,0.0
18696,1.0,0.05,0.00012947922310210322,0.0,0.005479736360802517,0.04427231627294302,0.0
18697,1.0,0.05,0.00012947922310210322,0.0,0.005479736360802517,0.04427231627294302,0.0
18698,1.0,0.05,0.00012947922310210322,0.0,0.005479736360802517,0.031058957267505443,0.0
18699,1.0,0.05,0.00012947922310210322,0.0,0.005479736360802517,0.1130580585711123,0.0
18700,1.0,0.05,0.00012947922310210322,0.0,0.007132584994522146,0.1130580585711123,0.0
18701,1.0,0.05,0.00012746892424719575,0.0,0.007132584994522146,0.1130580585711123,0.0
18702,1.0,0.05,0.00012746892424719575,0.0,0.007132584994522146,0.1130580585711123,0.0
18703,1.0,0.05,0.00012746892424719575,0.0,0.007500494585392658,0.1130580585711123,0.0
18704,1.0,0.05,0.00012800049899887043,0.0,0.007500494585392658,0.1130580585711123,0.0
18705,1.0,0.05,0.00012800049899887043,0.0,0.0067533551558127,0.1130580585711123,0.0
18706,1.0,0.05,0.00012800049899887043,0.0,0.0067533551558127,0.1130580585711123,0.0
18707,1.0,0.05,0.00012800049899887043,0.0,0.0067533551558127,0.1130580585711123,0.0
18708,1.0,0.05,0.00012800049899887043,0.0,0.0067533551558127,0.09474794011869873,0.0
18709,1.0,0.05,0.00012800049899887043,0.0,0.006184700413592616,0.11972239391047851,0.0
18710,1.0,0.05,0.00012800049899887043,0.0,0.006184700413592616,0.10465797646537353,0.0
18711,1.0,0.05,0.00012800049899887043,0.0,0.006184700413592616,0.10465797646537353,0.0
18712,1.0,0.05,0.00012800049899887043,0.0,0.006184700413592616,0.10465797646537353,0.0
18713,1.0,0.05,0.00012800049899887043,0.0,0.006184700413592616,0.11495000627195512,0.0
18714,1.0,0.05,0.00012800049899887043,0.0,0.006184700413592616,0.08924015650374065,0.0
18715,1.0,0.05,0.00012800049899887043,0.0,0.006231598453202791,0.08924015650374065,0.0
18716,1.0,0.05,0.00012800049899887043,0.0,0.006231598453202791,0.08924015650374065,0.0
18717,1.0,0.05,0.0001350980732150508,0.0,0.005848505462052036,0.08924015650374065,0.0
18718,1.0,0.05,0.0001350980732150508,0.0,0.005848505462052036,0.08924015650374065,0.0
18719,1.0,0.05,0.0001350980732150508,0.0,0.005848505462052036,0.08924015650374065,0.0
18720,1.0,0.05,0.0001350980732150508,0.0,0.0062818989587271655,0.08924015650374065,0.0
18721,1.0,0.05,0.0001350980732150508,0.0,0.00640317506487094,0.06036396463440216,0.0
18722,1.0,0.05,0.0001350980732150508,0.0,0.0057835891056820625,0.08524892797260099,0.0
18723,1.0,0.05,0.0001350980732150508,0.0,0.0057835891056820625,0.08524892797260099,0.0
18724,1.0,0.05,0.0001350980732150508,0.0,0.006333111447851661,0.0635635441868053,0.0
18725,1.0,0.05,0.0001350980732150508,0.0,0.005501401818766122,0.07428383721722143,0.0
18726,1.0,0.05,0.0001350980732150508,0.0,0.005501401818766122,0.04057977924175449,0.0
18727,1.0,0.05,0.0001350980732150508,0.0,0.005501401818766122,0.044384476665779535,0.0
18728,1.0,0.05,0.0001350980732150508,0.0,0.005501401818766122,0.044384476665779535,0.0
18729,1.0,0.05,0.0001350980732150508,0.0,0.006184754863945329,0.044384476665779535,0.0
18730,1.0,0.05,0.00013849615187749495,0.0,0.006184754863945329,0.044384476665779535,0.0
18731,1.0,0.05,0.00013849615187749495,0.0,0.006184754863945329,0.044384476665779535,0.0
18732,1.0,0.05,0.00013849615187749495,0.0,0.005733083609135464,0.08584962806308168,0.0
18733,1.0,0.05,0.00012879479526577104,0.0,0.005733083609135464,0.08584962806308168,0.0
18734,1.0,0.05,0.00012879479526577104,0.0,0.005397311509565799,0.08584962806308168,0.0
18735,1.0,0.05,0.00012879479526577104,0.0,0.005397311509565799,0.09418475114007482,0.0
18736,1.0,0.05,0.00012879479526577104,0.0,0.006874605832945519,0.041437566048796,0.0
18737,1.0,0.05,0.00012879479526577104,0.0,0.006874605832945519,0.041437566048796,0.0
18738,1.0,0.05,0.00012879479526577104,0.0,0.0058836096681402,0.041437566048796,0.0
18739,1.0,0.05,0.00012879479526577104,0.0,0.0058836096681402,0.03027226536419895,0.0
18740,1.0,0.05,0.00012879479526577104,0.0,0.0058836096681402,0.03027226536419895,0.0
18741,1.0,0.05,0.00012879479526577104,0.0,0.0058836096681402,0.03027226536419895,0.0
18742,1.0,0.05,0.00012879479526577104,0.0,0.0058836096681402,0.04460907874701164,0.0
18743,1.0,0.05,0.00012879479526577104,0.0,0.0058836096681402,0.07352471728681255,0.0
18744,1.0,0.05,0.00012879479526577104,0.0,0.0058836096681402,0.07352471728681255,0.0
18745,1.0,0.05,0.00012879479526577104,0.0,0.0058836096681402,0.07352471728681255,0.0
18746,1.0,0.05,0.00012879479526577104,0.0,0.0058836096681402,0.0814701326293763,0.0
18747,1.0,0.05,0.00012879479526577104,0.0,0.006119327360542799,0.0814701326293763,0.0
18748,1.0,0.05,0.00012879479526577104,0.0,0.006383190638453622,0.0650208196718274,0.0
18749,1.0,0.05,0.00012879479526577104,0.0,0.007780615097696531,0.0650208196718274,0.0
18750,1.0,0.05,0.00012879479526577104,0.0,0.007780615097696531,0.0650208196718274,0.0
18751,1.0,0.05,0.00012879479526577104,0.0,0.007780615097696531,0.08912876386537373,0.0
18752,1.0,0.05,0.00012879479526577104,0.0,0.007780615097696531,0.12739386210338818,0.0
18753,1.0,0.05,0.00012879479526577104,0.0,0.007780615097696531,0.057804446652955914,0.0
18754,1.0,0.05,0.00012879479526577104,0.0,0.007780615097696531,0.057804446652955914,0.0
18755,1.0,0.05,0.00012879479526577104,0.0,0.007780615097696531,0.041251559633175915,0.0
18756,1.0,0.05,0.00012879479526577104,0.0,0.006000462502540615,0.03708717045852608,0.0
18757,1.0,0.05,0.00012879479526577104,0.0,0.006000462502540615,0.04529151428091055,0.0
18758,1.0,0.05,0.00012879479526577104,0.0,0.006000462502540615,0.08002234563036917,0.0
18759,1.0,0.05,0.00012879479526577104,0.0,0.006000462502540615,0.12469548947780033,0.0
18760,1.0,0.05,0.00012879479526577104,0.0,0.006000462502540615,0.1015599900824889,0.0
18761,1.0,0.05,0.00012879479526577104,0.0,0.006000462502540615,0.03138642965503037,0.0
18762,1.0,0.05,0.00012879479526577104,0.0,0.006000462502540615,0.03138642965503037,0.0
18763,1.0,0.05,0.00012879479526577104,0.0,0.006000462502540615,0.04120765080700979,0.0
18764,1.0,0.05,0.00012879479526577104,0.0,0.006000462502540615,0.10853383641816888,0.0
18765,1.0,0.05,0.00012879479526577104,0.0,0.006000462502540615,0.10853383641816888,0.0
18766,1.0,0.05,0.00012879479526577104,0.0,0.005387545965016656,0.051833427998625906,0.0
18767,1.0,0.05,0.00012879479526577104,0.0,0.005387545965016656,0.051833427998625906,0.0
18768,1.0,0.05,0.00012879479526577104,0.0,0.005387545965016656,0.10259590876497872,0.0
18769,1.0,0.05,0.00011936519153491944,0.0,0.008769958998664364,0.15651466808858538,0.0
18770,1.0,0.05,0.00011936519153491944,0.0,0.008769958998664364,0.1794539996773743,0.0
18771,1.0,0.05,0.00011936519153491944,0.0,0.008769958998664364,0.15067929037669076,0.0
18772,1.0,0.05,0.00011936519153491944,0.0,0.008769958998664364,0.07368143838481538,0.0
18773,1.0,0.05,0.00011936519153491944,0.0,0.008970803609390064,0.04830605691016159,0.0
18774,1.0,0.05,0.00011936519153491944,0.0,0.008970803609390064,0.050708655471781924,0.0
18775,1.0,0.05,0.00011936519153491944,0.0,0.008970803609390064,0.043782427401238895,0.0
18776,1.0,0.05,0.00011936519153491944,0.0,0.008970803609390064,0.043782427401238895,0.0
18777,1.0,0.05,0.00011936519153491944,0.0,0.007396830526799353,0.043782427401238895,0.0
18778,1.0,0.05,0.00011936519153491944,0.0,0.007396830526799353,0.08376233128785598,0.0
18779,1.0,0.05,0.00011936519153491944,0.0,0.007396830526799353,0.08376233128785598,0.0
18780,1.0,0.05,0.00011936519153491944,0.0,0.007396830526799353,0.08376233128785598,0.0
18781,1.0,0.05,0.00011861053683187522,0.0,0.007396830526799353,0.08376233128785598,0.0
18782,1.0,0.05,0.00011861053683187522,0.0,0.007396830526799353,0.09181594601574027,0.0
18783,1.0,0.05,0.00011348899648576086,0.0,0.008653410467660647,0.09181594601574027,0.0
18784,1.0,0.05,0.00011348899648576086,0.0,0.008653410467660647,0.07055437103065387,0.0
18785,1.0,0.05,0.00011348899648576086,0.0,0.008653410467660647,0.15055338724799103,0.0
18786,1.0,0.05,0.00011865651398639644,0.0,0.008653410467660647,0.10356343570887452,0.0
18787,1.0,0.05,0.00011865651398639644,0.0,0.007831868979527349,0.15178304769540243,0.0
18788,1.0,0.05,0.00011865651398639644,0.0,0.007831868979527349,0.07705735667722494,0.0
18789,1.0,0.05,0.00011865651398639644,0.0,0.007831868979527349,0.07705735667722494,0.0
18790,1.0,0.05,0.00011865651398639644,0.0,0.007831868979527349,0.12730672366424034,0.0
18791,1.0,0.05,0.00011865651398639644,0.0,0.007831868979527349,0.06572032374528519,0.0
18792,1.0,0.05,0.00011865651398639644,0.0,0.007831868979527349,0.06572032374528519,0.0
18793,1.0,0.05,0.00011865651398639644,0.0,0.007831868979527349,0.06653100889684463,0.0
18794,1.0,0.05,0.00011865651398639644,0.0,0.007831868979527349,0.15926208607714454,0.0
18795,1.0,0.05,0.00011865651398639644,0.0,0.007831868979527349,0.15926208607714454,0.0
18796,1.0,0.05,0.00011865651398639644,0.0,0.007831868979527349,0.15926208607714454,0.0
18797,1.0,0.05,0.00011865651398639644,0.0,0.007831868979527349,0.15926208607714454,0.0
18798,1.0,0.05,0.00011865651398639644,0.0,0.007831868979527349,0.09344406916989945,0.0
18799,1.0,0.05,0.00011865651398639644,0.0,0.007831868979527349,0.11975129737125204,0.0
18800,1.0,0.05,0.00011865651398639644,0.0,0.008553892664317553,0.11975129737125204,0.0
18801,1.0,0.05,0.00011865651398639644,0.0,0.008553892664317553,0.11975129737125204,0.0
18802,1.0,0.05,0.00011865651398639644,0.0,0.008553892664317553,0.11975129737125204,0.0
18803,1.0,0.05,0.00011664857353021351,0.0,0.007998908740073007,0.11975129737125204,0.0
18804,1.0,0.05,0.00011664857353021351,0.0,0.007998908740073007,0.12471163028647779,0.0
18805,1.0,0.05,0.00013112708089555496,0.0,0.008063246470662241,0.13372976191262728,0.0
18806,1.0,0.05,0.00013112708089555496,0.0,0.008063246470662241,0.12340789905255485,0.0
18807,1.0,0.05,0.00012906462703367986,0.0,0.008063246470662241,0.12340789905255485,0.0
18808,1.0,0.05,0.00012906462703367986,0.0,0.008063246470662241,0.12340789905255485,0.0
18809,1.0,0.05,0.00012906462703367986,0.0,0.007674018072120854,0.09421558686152902,0.0
18810,1.0,0.05,0.00012906462703367986,0.0,0.007674018072120854,0.09421558686152902,0.0
18811,1.0,0.05,0.00012906462703367986,0.0,0.005622185983427764,0.09421558686152902,0.0
18812,1.0,0.05,0.00012906462703367986,0.0,0.005622185983427764,0.09421558686152902,0.0
18813,1.0,0.05,0.00012906462703367986,0.0,0.006323119468302729,0.09421558686152902,0.0
18814,1.0,0.05,0.00012906462703367986,0.0,0.007342126454594484,0.13554449690982276,0.0
18815,1.0,0.05,0.00012906462703367986,0.0,0.006279024931357505,0.13020891665664497,0.0
18816,1.0,0.05,0.00012906462703367986,0.0,0.006884604459296092,0.13020891665664497,0.0
18817,1.0,0.05,0.00012906462703367986,0.0,0.006884604459296092,0.11458197808086877,0.0
18818,1.0,0.05,0.00012681905781248732,0.0,0.006884604459296092,0.07824977839598944,0.0
18819,1.0,0.05,0.00012681905781248732,0.0,0.006884604459296092,0.09213514278376815,0.0
18820,1.0,0.05,0.0001175627968139885,0.0,0.006884604459296092,0.09213514278376815,0.0
18821,1.0,0.05,0.0001175627968139885,0.0,0.00693694559916806,0.12126888853594543,0.0
18822,1.0,0.05,0.0001175627968139885,0.0,0.007268968881588625,0.1880479588146666,0.0
18823,1.0,0.05,0.00012010261025969916,0.0,0.006803685440629386,0.1880479588146666,0.0
18824,1.0,0.05,0.00012010261025969916,0.0,0.006803685440629386,0.07697009392032583,0.0
18825,1.0,0.05,0.00012010261025969916,0.0,0.006398683492904475,0.07697009392032583,0.0
18826,1.0,0.05,0.00012010261025969916,0.0,0.006398683492904475,0.09921109620932536,0.0
18827,1.0,0.05,0.00012010261025969916,0.0,0.006398683492904475,0.13731976425189166,0.0
18828,1.0,0.05,0.00012010261025969916,0.0,0.006273037441453164,0.13731976425189166,0.0
18829,1.0,0.05,0.00012010261025969916,0.0,0.006273037441453164,0.0833407745566491,0.0
18830,1.0,0.05,0.00012010261025969916,0.0,0.008252871853636523,0.0833407745566491,0.0
18831,1.0,0.05,0.00012010261025969916,0.0,0.008252871853636523,0.0833407745566491,0.0
18832,1.0,0.05,0.00012010261025969916,0.0,0.007841032372263109,0.0833407745566491,0.0
18833,1.0,0.05,0.00012010261025969916,0.0,0.007841032372263109,0.0833407745566491,0.0
18834,1.0,0.05,0.00012010261025969916,0.0,0.007841032372263109,0.0833407745566491,0.0
18835,1.0,0.05,0.00012010261025969916,0.0,0.007841032372263109,0.0833407745566491,0.0
18836,1.0,0.05,0.00012010261025969916,0.0,0.007841032372263109,0.0833407745566491,0.0
18837,1.0,0.05,0.0001205113772777974,0.0,0.007841032372263109,0.0833407745566491,0.0
18838,1.0,0.05,0.0001205113772777974,0.0,0.006875368909324291,0.0833407745566491,0.0
18839,1.0,0.05,0.0001205113772777974,0.0,0.006875368909324291,0.0833407745566491,0.0
18840,1.0,0.05,0.0001205113772777974,0.0,0.0060661853347572766,0.10723852479976433,0.0
18841,1.0,0.05,0.0001205113772777974,0.0,0.0060661853347572766,0.0601968309531429,0.0
18842,1.0,0.05,0.00014150507864551596,0.0,0.006073961089978565,0.06420165973756391,0.0
18843,1.0,0.05,0.00014150507864551596,0.0,0.006073961089978565,0.06420165973756391,0.0
18844,1.0,0.05,0.00014150507864551596,0.0,0.006073961089978565,0.03523919076383227,0.0
18845,1.0,0.05,0.00014150507864551596,0.0,0.006073961089978565,0.03523919076383227,0.0
18846,1.0,0.05,0.00014150507864551596,0.0,0.006073961089978565,0.03523919076383227,0.0
18847,1.0,0.05,0.00014150507864551596,0.0,0.006073961089978565,0.07665033580741938,0.0
18848,1.0,0.05,0.00014150507864551596,0.0,0.006073961089978565,0.05553490649575853,0.0
18849,1.0,0.05,0.00014150507864551596,0.0,0.006073961089978565,0.05553490649575853,0.0
18850,1.0,0.05,0.00014150507864551596,0.0,0.006073961089978565,0.05553490649575853,0.0
18851,1.0,0.05,0.00014150507864551596,0.0,0.006073961089978565,0.04928682905729547,0.0
18852,1.0,0.05,0.00014150507864551596,0.0,0.006073961089978565,0.04928682905729547,0.0
18853,1.0,0.05,0.00014150507864551596,0.0,0.006073961089978565,0.09437500440219115,0.0
18854,1.0,0.05,0.00014150507864551596,0.0,0.006073961089978565,0.09437500440219115,0.0
18855,1.0,0.05,0.00014150507864551596,0.0,0.006073961089978565,0.09437500440219115,0.0
18856,1.0,0.05,0.00014150507864551596,0.0,0.006073961089978565,0.09437500440219115,0.0
18857,1.0,0.05,0.00014150507864551596,0.0,0.006073961089978565,0.09437500440219115,0.0
18858,1.0,0.05,0.00014150507864551596,0.0,0.006073961089978565,0.09437500440219115,0.0
18859,1.0,0.05,0.00012752244689851703,0.0,0.006073961089978565,0.03762180239378361,0.0
18860,1.0,0.05,0.00012752244689851703,0.0,0.006212508807680183,0.037143763259002885,0.0
18861,1.0,0.05,0.00012752244689851703,0.0,0.006212508807680183,0.037143763259002885,0.0
18862,1.0,0.05,0.00012752244689851703,0.0,0.006179315980309253,0.037143763259002885,0.0
18863,1.0,0.05,0.00012752244689851703,0.0,0.006179315980309253,0.0756206194437879,0.0
18864,1.0,0.05,0.00012752244689851703,0.0,0.006179315980309253,0.0756206194437879,0.0
18865,1.0,0.05,0.00012752244689851703,0.0,0.006179315980309253,0.0756206194437879,0.0
18866,1.0,0.05,0.00012752244689851703,0.0,0.006179315980309253,0.07647297841628613,0.0
18867,1.0,0.05,0.00012752244689851703,0.0,0.006179315980309253,0.07647297841628613,0.0
18868,1.0,0.05,0.00012752244689851703,0.0,0.006179315980309253,0.10455095851544424,0.0
18869,1.0,0.05,0.00012752244689851703,0.0,0.006179315980309253,0.10455095851544424,0.0
18870,1.0,0.05,0.00012752244689851703,0.0,0.006179315980309253,0.10455095851544424,0.0
18871,1.0,0.05,0.00012752244689851703,0.0,0.006179315980309253,0.10617027271011971,0.0
18872,1.0,0.05,0.00012752244689851703,0.0,0.006179315980309253,0.10617027271011971,0.0
18873,1.0,0.05,0.0001296781126533102,0.0,0.006179315980309253,0.10617027271011971,0.0
18874,1.0,0.05,0.00013488025027891848,0.0,0.006179315980309253,0.09869965891239288,0.0
18875,1.0,0.05,0.00013488025027891848,0.0,0.008000324875848893,0.10373819063491613,0.0
18876,1.0,0.05,0.00013488025027891848,0.0,0.008000324875848893,0.047751724854398846,0.0
18877,1.0,0.05,0.00013488025027891848,0.0,0.008000324875848893,0.16266582026257972,0.0
18878,1.0,0.05,0.00013488025027891848,0.0,0.008000324875848893,0.17124930883844133,0.0
18879,1.0,0.05,0.00013488025027891848,0.0,0.008000324875848893,0.025958687021516918,0.0
18880,1.0,0.05,0.00013488025027891848,0.0,0.007186904885260769,0.03151694381399312,0.0
18881,1.0,0.05,0.0001237845689623312,0.0,0.007186904885260769,0.03151694381399312,0.0
18882,1.0,0.05,0.0001237845689623312,0.0,0.007186904885260769,0.08938533873536313,0.0
18883,1.0,0.05,0.0001237845689623312,0.0,0.007186904885260769,0.08938533873536313,0.0
18884,1.0,0.05,0.0001237845689623312,0.0,0.0070298099528387226,0.08938533873536313,0.0
18885,1.0,0.05,0.0001237845689623312,0.0,0.006596441637673926,0.11503912630820279,0.0
18886,1.0,0.05,0.0001237845689623312,0.0,0.006596441637673926,0.11503912630820279,0.0
18887,1.0,0.05,0.0001237845689623312,0.0,0.006596441637673926,0.11503912630820279,0.0
18888,1.0,0.05,0.0001237845689623312,0.0,0.006596441637673926,0.11503912630820279,0.0
18889,1.0,0.05,0.0001237845689623312,0.0,0.006596441637673926,0.11503912630820279,0.0
18890,1.0,0.05,0.0001237845689623312,0.0,0.006596441637673926,0.0942642843974918,0.0
18891,1.0,0.05,0.0001237845689623312,0.0,0.006596441637673926,0.14419632462357346,0.0
18892,1.0,0.05,0.0001237845689623312,0.0,0.006596441637673926,0.1059377475432695,0.0
18893,1.0,0.05,0.0001237845689623312,0.0,0.008980802779713686,0.0368526812518774,0.0
18894,1.0,0.05,0.0001237845689623312,0.0,0.008980802779713686,0.07589612758208905,0.0
18895,1.0,0.05,0.0001237845689623312,0.0,0.008980802779713686,0.16971269251843765,0.0
18896,1.0,0.05,0.00011350630885223743,0.0,0.008980802779713686,0.13539590410029834,0.0
18897,1.0,0.05,0.00011350630885223743,0.0,0.008980802779713686,0.13539590410029834,0.0
18898,1.0,0.05,0.00011273508214137657,0.0,0.008980802779713686,0.13539590410029834,0.0
18899,1.0,0.05,0.00011273508214137657,0.0,0.008980802779713686,0.13539590410029834,0.0
18900,1.0,0.05,0.00011273508214137657,0.0,0.008980802779713686,0.13539590410029834,0.0
18901,1.0,0.05,0.00012046691742624739,0.0,0.008980802779713686,0.13539590410029834,0.0
18902,1.0,0.05,0.00012046691742624739,0.0,0.008980802779713686,0.16508309256125153,0.0
18903,1.0,0.05,0.00012046691742624739,0.0,0.0073765724866622796,0.08153727972724129,0.0
18904,1.0,0.05,0.00012046691742624739,0.0,0.0073765724866622796,0.08153727972724129,0.0
18905,1.0,0.05,0.00012046691742624739,0.0,0.0073765724866622796,0.09636217844511595,0.0
18906,1.0,0.05,0.00013907743395172488,0.0,0.0073765724866622796,0.06102407760446675,0.0
18907,1.0,0.05,0.00013907743395172488,0.0,0.007680604985846017,0.06102407760446675,0.0
18908,1.0,0.05,0.00013907743395172488,0.0,0.007680604985846017,0.05656619688788679,0.0
18909,1.0,0.05,0.00013907743395172488,0.0,0.007680604985846017,0.08620518037731963,0.0
18910,1.0,0.05,0.00013907743395172488,0.0,0.007680604985846017,0.08620518037731963,0.0
18911,1.0,0.05,0.00011553579064258706,0.0,0.007680604985846017,0.08620518037731963,0.0
18912,1.0,0.05,0.00011553579064258706,0.0,0.007680604985846017,0.16067746094070068,0.0
18913,1.0,0.05,0.00011553579064258706,0.0,0.010203270198455993,0.16067746094070068,0.0
18914,1.0,0.05,0.00011553579064258706,0.0,0.006919607099574489,0.16067746094070068,0.0
18915,1.0,0.05,0.00011553579064258706,0.0,0.006919607099574489,0.16067746094070068,0.0
18916,1.0,0.05,0.00011553579064258706,0.0,0.006919607099574489,0.16067746094070068,0.0
18917,1.0,0.05,0.00011553579064258706,0.0,0.006919607099574489,0.09146095571349827,0.0
18918,1.0,0.05,0.00011553579064258706,0.0,0.0067704063156472415,0.10513521177901439,0.0
18919,1.0,0.05,0.00011553579064258706,0.0,0.0067704063156472415,0.10513521177901439,0.0
18920,1.0,0.05,0.00011553579064258706,0.0,0.0067704063156472415,0.10114305524923427,0.0
18921,1.0,0.05,0.00011553579064258706,0.0,0.0067704063156472415,0.10114305524923427,0.0
18922,1.0,0.05,0.00011553579064258706,0.0,0.0067704063156472415,0.107347454015401,0.0
18923,1.0,0.05,0.00011553579064258706,0.0,0.0067704063156472415,0.107347454015401,0.0
18924,1.0,0.05,0.00011553579064258706,0.0,0.0067704063156472415,0.1296610850152854,0.0
18925,1.0,0.05,0.00011553579064258706,0.0,0.0088694413123061,0.1296610850152854,0.0
18926,1.0,0.05,0.00011584516732208457,0.0,0.0088694413123061,0.11862130896915345,0.0
18927,1.0,0.05,0.00011584516732208457,0.0,0.008339355957149696,0.12810353269905705,0.0
18928,1.0,0.05,0.00011584516732208457,0.0,0.008339355957149696,0.12810353269905705,0.0
18929,1.0,0.05,0.00011584516732208457,0.0,0.008339355957149696,0.12659255384923604,0.0
18930,1.0,0.05,0.00011584516732208457,0.0,0.008339355957149696,0.12659255384923604,0.0
18931,1.0,0.05,0.00011584516732208457,0.0,0.008339355957149696,0.16065311499255636,0.0
18932,1.0,0.05,0.00011584516732208457,0.0,0.008339355957149696,0.1177728250492225,0.0
18933,1.0,0.05,0.00011584516732208457,0.0,0.008339355957149696,0.08816964000523515,0.0
18934,1.0,0.05,0.00011584516732208457,0.0,0.00826417341692788,0.09444000171966595,0.0
18935,1.0,0.05,0.00011584516732208457,0.0,0.00826417341692788,0.09444000171966595,0.0
18936,1.0,0.05,0.00011584516732208457,0.0,0.00826417341692788,0.09444000171966595,0.0
18937,1.0,0.05,0.00011584516732208457,0.0,0.0073355014148334665,0.030738139965580308,0.0
18938,1.0,0.05,0.00011584516732208457,0.0,0.0073355014148334665,0.030738139965580308,0.0
18939,1.0,0.05,0.00011584516732208457,0.0,0.0073355014148334665,0.017802844159597427,0.0
18940,1.0,0.05,0.00011584516732208457,0.0,0.0073355014148334665,0.041338320672376264,0.0
18941,1.0,0.05,0.00011584516732208457,0.0,0.0073355014148334665,0.041338320672376264,0.0
18942,1.0,0.05,0.00011584516732208457,0.0,0.0073355014148334665,0.0883380519431406,0.0
18943,1.0,0.05,0.00011584516732208457,0.0,0.0073355014148334665,0.1274292716852207,0.0
18944,1.0,0.05,0.00011584516732208457,0.0,0.008097506677366835,0.09134264630847244,0.0
18945,1.0,0.05,0.00011584516732208457,0.0,0.008097506677366835,0.09134264630847244,0.0
18946,1.0,0.05,0.00011921058894934164,0.0,0.008318033164016178,0.09134264630847244,0.0
18947,1.0,0.05,0.00011921058894934164,0.0,0.008318033164016178,0.09134264630847244,0.0
18948,1.0,0.05,0.00011921058894934164,0.0,0.008318033164016178,0.09134264630847244,0.0
18949,1.0,0.05,0.00011921058894934164,0.0,0.008318033164016178,0.12518198386648996,0.0
18950,1.0,0.05,0.00011728380144925017,0.0,0.00832204618419358,0.15498430676773534,0.0
18951,1.0,0.05,0.00011728380144925017,0.0,0.007449768669025405,0.1419614467665951,0.0
18952,1.0,0.05,0.00011728380144925017,0.0,0.007449768669025405,0.1419614467665951,0.0
18953,1.0,0.05,0.00011728380144925017,0.0,0.007449768669025405,0.1419614467665951,0.0
18954,1.0,0.05,0.00011728380144925017,0.0,0.008194042011603378,0.14188330016812173,0.0
18955,1.0,0.05,0.0001236172637445817,0.0,0.008194042011603378,0.14188330016812173,0.0
18956,1.0,0.05,0.0001236172637445817,0.0,0.008194042011603378,0.14188330016812173,0.0
18957,1.0,0.05,0.0001236172637445817,0.0,0.008194042011603378,0.14188330016812173,0.0
18958,1.0,0.05,0.0001236172637445817,0.0,0.008194042011603378,0.0777330146574889,0.0
18959,1.0,0.05,0.0001236172637445817,0.0,0.008194042011603378,0.05882172718664958,0.0
18960,1.0,0.05,0.0001236172637445817,0.0,0.006197677038544422,0.04629713655312692,0.0
18961,1.0,0.05,0.0001236172637445817,0.0,0.008502851656258277,0.04629713655312692,0.0
18962,1.0,0.05,0.0001236172637445817,0.0,0.008502851656258277,0.04629713655312692,0.0
18963,1.0,0.05,0.0001236172637445817,0.0,0.008502851656258277,0.026185662804185977,0.0
18964,1.0,0.05,0.0001236172637445817,0.0,0.008502851656258277,0.026185662804185977,0.0
18965,1.0,0.05,0.0001236172637445817,0.0,0.008502851656258277,0.05337393889803098,0.0
18966,1.0,0.05,0.0001236172637445817,0.0,0.008502851656258277,0.06432661757763598,0.0
18967,1.0,0.05,0.0001236172637445817,0.0,0.006090393342791115,0.06432661757763598,0.0
18968,1.0,0.05,0.0001236172637445817,0.0,0.006090393342791115,0.0597461083244583,0.0
18969,1.0,0.05,0.0001236172637445817,0.0,0.006090393342791115,0.0597461083244583,0.0
18970,1.0,0.05,0.0001470474782750139,0.0,0.006090393342791115,0.09305262522962753,0.0
18971,1.0,0.05,0.0001470474782750139,0.0,0.006090393342791115,0.09305262522962753,0.0
18972,1.0,0.05,0.0001470474782750139,0.0,0.006090393342791115,0.09305262522962753,0.0
18973,1.0,0.05,0.0001470474782750139,0.0,0.006090393342791115,0.05581611855474021,0.0
18974,1.0,0.05,0.0001470474782750139,0.0,0.006090393342791115,0.05581611855474021,0.0
18975,1.0,0.05,0.0001470474782750139,0.0,0.006090393342791115,0.05581611855474021,0.0
18976,1.0,0.05,0.0001470474782750139,0.0,0.006090393342791115,0.05581611855474021,0.0
18977,1.0,0.05,0.0001470474782750139,0.0,0.006090393342791115,0.08780543378921676,0.0
18978,1.0,0.05,0.0001470474782750139,0.0,0.005776486911469559,0.08540654139974588,0.0
18979,1.0,0.05,0.0001470474782750139,0.0,0.005776486911469559,0.06375913826633788,0.0
18980,1.0,0.05,0.0001470474782750139,0.0,0.005776486911469559,0.06375913826633788,0.0
18981,1.0,0.05,0.0001470474782750139,0.0,0.005776486911469559,0.06392248369094576,0.0
18982,1.0,0.05,0.000139851968082036,0.0,0.005776486911469559,0.05114732447710506,0.0
18983,1.0,0.05,0.000139851968082036,0.0,0.005776486911469559,0.05114732447710506,0.0
18984,1.0,0.05,0.000139851968082036,0.0,0.005776486911469559,0.05114732447710506,0.0
18985,1.0,0.05,0.000139851968082036,0.0,0.005776486911469559,0.05114732447710506,0.0
18986,1.0,0.05,0.000139851968082036,0.0,0.005721774399866148,0.11357301545342827,0.0
18987,1.0,0.05,0.0001342087109165844,0.0,0.005721774399866148,0.057243514118989064,0.0
18988,1.0,0.05,0.0001342087109165844,0.0,0.005721774399866148,0.057243514118989064,0.0
18989,1.0,0.05,0.0001342087109165844,0.0,0.005721774399866148,0.057243514118989064,0.0
18990,1.0,0.05,0.0001342087109165844,0.0,0.005721774399866148,0.014584569120511526,0.0
18991,1.0,0.05,0.0001342087109165844,0.0,0.005894283002168803,0.01286330153922363,0.0
18992,1.0,0.05,0.0001342087109165844,0.0,0.005894283002168803,0.019802358098583946,0.0
18993,1.0,0.05,0.0001342087109165844,0.0,0.005894283002168803,0.04593540630153539,0.0
18994,1.0,0.05,0.0001342087109165844,0.0,0.005894283002168803,0.03796457098411822,0.0
18995,1.0,0.05,0.0001342087109165844,0.0,0.005894283002168803,0.03796457098411822,0.0
18996,1.0,0.05,0.0001331745694924698,0.0,0.005894283002168803,0.02259860031991787,0.0
18997,1.0,0.05,0.0001325035570276735,0.0,0.006037827889123336,0.03146237059603533,0.0
18998,1.0,0.05,0.0001325035570276735,0.0,0.006037827889123336,0.03146237059603533,0.0
18999,1.0,0.05,0.0001325035570276735,0.0,0.006037827889123336,0.04797659367046203,0.0
19000,1.0,0.05,0.0001325035570276735,0.0,0.006037827889123336,0.04797659367046203,0.0
19001,1.0,0.05,0.0001325035570276735,0.0,0.006037827889123336,0.08502292044083287,0.0
19002,1.0,0.05,0.0001325035570276735,0.0,0.006037827889123336,0.07788779651186256,0.0
19003,1.0,0.05,0.0001325035570276735,0.0,0.006037827889123336,0.04814516555448706,0.0
19004,1.0,0.05,0.0001325035570276735,0.0,0.006037827889123336,0.0646711738642893,0.0
19005,1.0,0.05,0.0001325035570276735,0.0,0.006037827889123336,0.0646711738642893,0.0
19006,1.0,0.05,0.0001325035570276735,0.0,0.006037827889123336,0.0646711738642893,0.0
19007,1.0,0.05,0.00012436338333761353,0.0,0.006037827889123336,0.06986214090951352,0.0
19008,1.0,0.05,0.00012436338333761353,0.0,0.005877194113343693,0.06986214090951352,0.0
19009,1.0,0.05,0.00012436338333761353,0.0,0.005877194113343693,0.06986214090951352,0.0
19010,1.0,0.05,0.00012436338333761353,0.0,0.008124443373900576,0.06986214090951352,0.0
19011,1.0,0.05,0.00012436338333761353,0.0,0.006644854919566971,0.06986214090951352,0.0
19012,1.0,0.05,0.00012497350628070216,0.0,0.0076810180316957775,0.06986214090951352,0.0
19013,1.0,0.05,0.00012497350628070216,0.0,0.0076810180316957775,0.06986214090951352,0.0
19014,1.0,0.05,0.00012497350628070216,0.0,0.0076810180316957775,0.06986214090951352,0.0
19015,1.0,0.05,0.00012497350628070216,0.0,0.0076810180316957775,0.07491239889294274,0.0
19016,1.0,0.05,0.00012497350628070216,0.0,0.006688735310022893,0.07491239889294274,0.0
19017,1.0,0.05,0.00012497350628070216,0.0,0.006688735310022893,0.07491239889294274,0.0
19018,1.0,0.05,0.00012497350628070216,0.0,0.006688735310022893,0.048924657473926506,0.0
19019,1.0,0.05,0.00012497350628070216,0.0,0.006688735310022893,0.048924657473926506,0.0
19020,1.0,0.05,0.00012497350628070216,0.0,0.006688735310022893,0.10487529940361037,0.0
19021,1.0,0.05,0.00013262484795079375,0.0,0.006688735310022893,0.10487529940361037,0.0
19022,1.0,0.05,0.00013262484795079375,0.0,0.006631788634998549,0.10487529940361037,0.0
19023,1.0,0.05,0.00013262484795079375,0.0,0.006631788634998549,0.10487529940361037,0.0
19024,1.0,0.05,0.00013262484795079375,0.0,0.006631788634998549,0.10487529940361037,0.0
19025,1.0,0.05,0.00013262484795079375,0.0,0.006631788634998549,0.10487529940361037,0.0
19026,1.0,0.05,0.00013262484795079375,0.0,0.006631788634998549,0.10487529940361037,0.0
19027,1.0,0.05,0.00013262484795079375,0.0,0.006631788634998549,0.10487529940361037,0.0
19028,1.0,0.05,0.00013262484795079375,0.0,0.005947724737402347,0.10015196599148665,0.0
19029,1.0,0.05,0.00013262484795079375,0.0,0.005947724737402347,0.10015196599148665,0.0
19030,1.0,0.05,0.00013262484795079375,0.0,0.005947724737402347,0.02584632286778843,0.0
19031,1.0,0.05,0.00013262484795079375,0.0,0.005947724737402347,0.012290416443335589,0.0
19032,1.0,0.05,0.00013262484795079375,0.0,0.005947724737402347,0.012290416443335589,0.0
19033,1.0,0.05,0.00013262484795079375,0.0,0.005947724737402347,0.01813781607176263,0.0
19034,1.0,0.05,0.00013262484795079375,0.0,0.005947724737402347,0.01375140166537845,0.0
19035,1.0,0.05,0.00013262484795079375,0.0,0.005947724737402347,0.01375140166537845,0.0
19036,1.0,0.05,0.00013262484795079375,0.0,0.005947724737402347,0.029625294099713866,0.0
19037,1.0,0.05,0.000137588589341254,0.0,0.005947724737402347,0.029625294099713866,0.0
19038,1.0,0.05,0.000137588589341254,0.0,0.005947724737402347,0.026266692919713445,0.0
19039,1.0,0.05,0.000137588589341254,0.0,0.005947724737402347,0.028601440027681897,0.0
19040,1.0,0.05,0.000137588589341254,0.0,0.005947724737402347,0.04026452665601025,0.0
19041,1.0,0.05,0.000137588589341254,0.0,0.005947724737402347,0.04026452665601025,0.0
19042,1.0,0.05,0.00014430945448649533,0.0,0.005947724737402347,0.05886044493713141,0.0
19043,1.0,0.05,0.00014430945448649533,0.0,0.005947724737402347,0.05886044493713141,0.0
19044,1.0,0.05,0.00014430945448649533,0.0,0.005947724737402347,0.05886044493713141,0.0
19045,1.0,0.05,0.00014430945448649533,0.0,0.005947724737402347,0.02829411632875288,0.0
19046,1.0,0.05,0.0001382629829919193,0.0,0.005947724737402347,0.017902690851279348,0.0
19047,1.0,0.05,0.0001382629829919193,0.0,0.005947724737402347,0.019128564368262876,0.0
19048,1.0,0.05,0.0001382629829919193,0.0,0.005947724737402347,0.019128564368262876,0.0
19049,1.0,0.05,0.0001382629829919193,0.0,0.005049535584419235,0.019128564368262876,0.0
19050,1.0,0.05,0.0001382629829919193,0.0,0.005878505022476667,0.009958658798803763,0.0
19051,1.0,0.05,0.0001382629829919193,0.0,0.005878505022476667,0.07637696747288547,0.0
19052,1.0,0.05,0.0001382629829919193,0.0,0.005878505022476667,0.07637696747288547,0.0
19053,1.0,0.05,0.0001382629829919193,0.0,0.005878505022476667,0.07637696747288547,0.0
19054,1.0,0.05,0.0001382629829919193,0.0,0.006501680124753053,0.06153961944572682,0.0
19055,1.0,0.05,0.0001382629829919193,0.0,0.006501680124753053,0.08102796436525916,0.0
19056,1.0,0.05,0.0001382629829919193,0.0,0.006501680124753053,0.08102796436525916,0.0
19057,1.0,0.05,0.0001382629829919193,0.0,0.006501680124753053,0.08639107242809826,0.0
19058,1.0,0.05,0.0001382629829919193,0.0,0.0057958255101164145,0.08639107242809826,0.0
19059,1.0,0.05,0.0001382629829919193,0.0,0.0057958255101164145,0.038547283633933616,0.0
19060,1.0,0.05,0.0001382629829919193,0.0,0.0057958255101164145,0.038547283633933616,0.0
19061,1.0,0.05,0.0001382629829919193,0.0,0.0057958255101164145,0.038547283633933616,0.0
19062,1.0,0.05,0.0001382629829919193,0.0,0.0057958255101164145,0.038547283633933616,0.0
19063,1.0,0.05,0.0001382629829919193,0.0,0.0057958255101164145,0.023533411245749248,0.0
19064,1.0,0.05,0.0001382629829919193,0.0,0.0057958255101164145,0.044158634506104584,0.0
19065,1.0,0.05,0.0001382629829919193,0.0,0.0057958255101164145,0.08005374771645667,0.0
19066,1.0,0.05,0.0001382629829919193,0.0,0.0057958255101164145,0.08005374771645667,0.0
19067,1.0,0.05,0.0001382629829919193,0.0,0.0057958255101164145,0.08005374771645667,0.0
19068,1.0,0.05,0.0001382629829919193,0.0,0.0057958255101164145,0.08005374771645667,0.0
19069,1.0,0.05,0.0001382629829919193,0.0,0.0057958255101164145,0.08005374771645667,0.0
19070,1.0,0.05,0.0001382629829919193,0.0,0.0057958255101164145,0.02052571543664995,0.0
19071,1.0,0.05,0.0001382629829919193,0.0,0.0057958255101164145,0.08294586778824482,0.0
19072,1.0,0.05,0.0001325940193577349,0.0,0.0057958255101164145,0.08294586778824482,0.0
19073,1.0,0.05,0.0001325940193577349,0.0,0.0057958255101164145,0.08294586778824482,0.0
19074,1.0,0.05,0.0001325940193577349,0.0,0.0057958255101164145,0.02752524383814528,0.0
19075,1.0,0.05,0.0001325940193577349,0.0,0.0057958255101164145,0.02752524383814528,0.0
19076,1.0,0.05,0.0001325940193577349,0.0,0.0057958255101164145,0.07172993041520373,0.0
19077,1.0,0.05,0.0001325940193577349,0.0,0.0057958255101164145,0.07172993041520373,0.0
19078,1.0,0.05,0.0001325940193577349,0.0,0.0057958255101164145,0.04179010362731554,0.0
19079,1.0,0.05,0.0001325940193577349,0.0,0.0057958255101164145,0.029841386524759334,0.0
19080,1.0,0.05,0.0001325940193577349,0.0,0.0057958255101164145,0.11642035123809669,0.0
19081,1.0,0.05,0.0001325940193577349,0.0,0.0057958255101164145,0.04164378094572349,0.0
19082,1.0,0.05,0.00013217433920474167,0.0,0.0057958255101164145,0.04164378094572349,0.0
19083,1.0,0.05,0.00013217433920474167,0.0,0.0057958255101164145,0.03438680324192739,0.0
19084,1.0,0.05,0.00013217433920474167,0.0,0.0057958255101164145,0.0656728208876142,0.0
19085,1.0,0.05,0.00013217433920474167,0.0,0.0057958255101164145,0.06360521043923903,0.0
19086,1.0,0.05,0.00013217433920474167,0.0,0.0057958255101164145,0.06360521043923903,0.0
19087,1.0,0.05,0.00013217433920474167,0.0,0.0057958255101164145,0.06360521043923903,0.0
19088,1.0,0.05,0.00013217433920474167,0.0,0.0057958255101164145,0.06360521043923903,0.0
19089,1.0,0.05,0.00013217433920474167,0.0,0.0058613478648535805,0.06360521043923903,0.0
19090,1.0,0.05,0.00013217433920474167,0.0,0.0058613478648535805,0.06360521043923903,0.0
19091,1.0,0.05,0.00013217433920474167,0.0,0.0058613478648535805,0.037072654294406426,0.0
19092,1.0,0.05,0.00013217433920474167,0.0,0.0058613478648535805,0.037072654294406426,0.0
19093,1.0,0.05,0.00013217433920474167,0.0,0.0058613478648535805,0.037072654294406426,0.0
19094,1.0,0.05,0.00013217433920474167,0.0,0.0058613478648535805,0.037072654294406426,0.0
19095,1.0,0.05,0.00013217433920474167,0.0,0.0058613478648535805,0.07079998962876857,0.0
19096,1.0,0.05,0.00013217433920474167,0.0,0.0058613478648535805,0.07079998962876857,0.0
19097,1.0,0.05,0.00013217433920474167,0.0,0.0058613478648535805,0.07079998962876857,0.0
19098,1.0,0.05,0.00013217433920474167,0.0,0.0058613478648535805,0.07079998962876857,0.0
19099,1.0,0.05,0.00013217433920474167,0.0,0.0058613478648535805,0.08568414990166981,0.0
19100,1.0,0.05,0.00013217433920474167,0.0,0.0058613478648535805,0.03265390128839513,0.0
19101,1.0,0.05,0.00013217433920474167,0.0,0.0058613478648535805,0.03265390128839513,0.0
19102,1.0,0.05,0.00013217433920474167,0.0,0.0058613478648535805,0.08605095433784143,0.0
19103,1.0,0.05,0.00013217433920474167,0.0,0.0058613478648535805,0.08605095433784143,0.0
19104,1.0,0.05,0.00013217433920474167,0.0,0.0058613478648535805,0.08206335599472292,0.0
19105,1.0,0.05,0.00013217433920474167,0.0,0.0058613478648535805,0.08206335599472292,0.0
19106,1.0,0.05,0.00013217433920474167,0.0,0.0058613478648535805,0.05443857797251311,0.0
19107,1.0,0.05,0.00013217433920474167,0.0,0.0058613478648535805,0.0445909441166997,0.0
19108,1.0,0.05,0.00013217433920474167,0.0,0.0058613478648535805,0.03753253328528542,0.0
19109,1.0,0.05,0.00013217433920474167,0.0,0.0060146247190219085,0.03753253328528542,0.0
19110,1.0,0.05,0.00013217433920474167,0.0,0.0060146247190219085,0.035981168393780676,0.0
19111,1.0,0.05,0.00013217433920474167,0.0,0.0060146247190219085,0.036933255560562574,0.0
19112,1.0,0.05,0.00013217433920474167,0.0,0.0060146247190219085,0.04346533516950844,0.0
19113,1.0,0.05,0.00013137874571854998,0.0,0.0060146247190219085,0.04300216120069909,0.0
19114,1.0,0.05,0.00013498434999713077,0.0,0.0060146247190219085,0.06588456076188587,0.0
19115,1.0,0.05,0.00013498434999713077,0.0,0.0060146247190219085,0.06588456076188587,0.0
19116,1.0,0.05,0.00013498434999713077,0.0,0.0060146247190219085,0.06588456076188587,0.0
19117,1.0,0.05,0.00013294700614002115,0.0,0.0060146247190219085,0.06588456076188587,0.0
19118,1.0,0.05,0.00013294700614002115,0.0,0.0060146247190219085,0.06588456076188587,0.0
19119,1.0,0.05,0.00013294700614002115,0.0,0.0060146247190219085,0.07207158300069723,0.0
19120,1.0,0.05,0.00013294700614002115,0.0,0.006323708967556589,0.12041766857698322,0.0
19121,1.0,0.05,0.00013294700614002115,0.0,0.006323708967556589,0.12041766857698322,0.0
19122,1.0,0.05,0.00013294700614002115,0.0,0.006034389367674283,0.12041766857698322,0.0
19123,1.0,0.05,0.00013294700614002115,0.0,0.006034389367674283,0.04824718018918748,0.0
19124,1.0,0.05,0.00013294700614002115,0.0,0.006034389367674283,0.04824718018918748,0.0
19125,1.0,0.05,0.00013562330754246984,0.0,0.006034389367674283,0.08690072878521868,0.0
19126,1.0,0.05,0.00013562330754246984,0.0,0.006034389367674283,0.03807893186842403,0.0
19127,1.0,0.05,0.00013562330754246984,0.0,0.005104759221273708,0.05429848116789381,0.0
19128,1.0,0.05,0.00013562330754246984,0.0,0.006689821425224229,0.05429848116789381,0.0
19129,1.0,0.05,0.00013562330754246984,0.0,0.006689821425224229,0.059856910525917476,0.0
19130,1.0,0.05,0.00013562330754246984,0.0,0.006689821425224229,0.034056354751946016,0.0
19131,1.0,0.05,0.00013562330754246984,0.0,0.005139180590397946,0.034056354751946016,0.0
19132,1.0,0.05,0.00013562330754246984,0.0,0.005139180590397946,0.06630994702805665,0.0
19133,1.0,0.05,0.00013319610300523894,0.0,0.005139180590397946,0.06630994702805665,0.0
19134,1.0,0.05,0.00013319610300523894,0.0,0.005139180590397946,0.06630994702805665,0.0
19135,1.0,0.05,0.00013319610300523894,0.0,0.005139180590397946,0.06848979601120125,0.0
19136,1.0,0.05,0.00013319610300523894,0.0,0.005139180590397946,0.037047499195218984,0.0
19137,1.0,0.05,0.00013319610300523894,0.0,0.0049992271264158285,0.01999381243380331,0.0
19138,1.0,0.05,0.00013319610300523894,0.0,0.0049992271264158285,0.033285928546733415,0.0
19139,1.0,0.05,0.00013319610300523894,0.0,0.0049992271264158285,0.1127951451295601,0.0
19140,1.0,0.05,0.00013319610300523894,0.0,0.0049992271264158285,0.029537323054207833,0.0
19141,1.0,0.05,0.00013319610300523894,0.0,0.006300699964616452,0.02754311803305977,0.0
19142,1.0,0.05,0.00013319610300523894,0.0,0.006300699964616452,0.022593575081451236,0.0
19143,1.0,0.05,0.00013319610300523894,0.0,0.006300699964616452,0.022593575081451236,0.0
19144,1.0,0.05,0.00013319610300523894,0.0,0.006300699964616452,0.0328323497964664,0.0
19145,1.0,0.05,0.00013319610300523894,0.0,0.006300699964616452,0.10149184629753026,0.0
19146,1.0,0.05,0.00013319610300523894,0.0,0.006300699964616452,0.10149184629753026,0.0
19147,1.0,0.05,0.00013319610300523894,0.0,0.006300699964616452,0.10149184629753026,0.0
19148,1.0,0.05,0.00013319610300523894,0.0,0.006300699964616452,0.10149184629753026,0.0
19149,1.0,0.05,0.00013319610300523894,0.0,0.005433031513707517,0.0979343247680902,0.0
19150,1.0,0.05,0.00013319610300523894,0.0,0.005433031513707517,0.08954500537219401,0.0
19151,1.0,0.05,0.00013319610300523894,0.0,0.005433031513707517,0.08954500537219401,0.0
19152,1.0,0.05,0.00013319610300523894,0.0,0.005433031513707517,0.08954500537219401,0.0
19153,1.0,0.05,0.00013319610300523894,0.0,0.00557507354196228,0.08954500537219401,0.0
19154,1.0,0.05,0.00013319610300523894,0.0,0.00557507354196228,0.10836355720437038,0.0
19155,1.0,0.05,0.00013319610300523894,0.0,0.00557507354196228,0.07798370565535648,0.0
19156,1.0,0.05,0.00013319610300523894,0.0,0.00557507354196228,0.07798370565535648,0.0
19157,1.0,0.05,0.00013562761891451055,0.0,0.00557507354196228,0.07798370565535648,0.0
19158,1.0,0.05,0.00013562761891451055,0.0,0.005869937624993343,0.07798370565535648,0.0
19159,1.0,0.05,0.00013562761891451055,0.0,0.005869937624993343,0.02925409251983714,0.0
19160,1.0,0.05,0.00013562761891451055,0.0,0.005869937624993343,0.054718177934259433,0.0
19161,1.0,0.05,0.00013721249720553916,0.0,0.005869937624993343,0.06294354975440992,0.0
19162,1.0,0.05,0.00013792513652431215,0.0,0.005869937624993343,0.06294354975440992,0.0
19163,1.0,0.05,0.00013792513652431215,0.0,0.005869937624993343,0.06294354975440992,0.0
19164,1.0,0.05,0.00012845333215667548,0.0,0.005869937624993343,0.09474600573745862,0.0
19165,1.0,0.05,0.00012845333215667548,0.0,0.005958983073922999,0.09474600573745862,0.0
19166,1.0,0.05,0.00012845333215667548,0.0,0.005958983073922999,0.09474600573745862,0.0
19167,1.0,0.05,0.00013796624478212374,0.0,0.005958983073922999,0.028322784869916788,0.0
19168,1.0,0.05,0.00013796624478212374,0.0,0.005958983073922999,0.02947581627599919,0.0
19169,1.0,0.05,0.00013796624478212374,0.0,0.005958983073922999,0.03511905813797034,0.0
19170,1.0,0.05,0.00013796624478212374,0.0,0.005958983073922999,0.03511905813797034,0.0
19171,1.0,0.05,0.00013796624478212374,0.0,0.005958983073922999,0.09712418132792128,0.0
19172,1.0,0.05,0.00013796624478212374,0.0,0.005958983073922999,0.04437066457426805,0.0
19173,1.0,0.05,0.00013796624478212374,0.0,0.005958983073922999,0.1055589955031621,0.0
19174,1.0,0.05,0.00013796624478212374,0.0,0.005958983073922999,0.1055589955031621,0.0
19175,1.0,0.05,0.00013796624478212374,0.0,0.005958983073922999,0.1055589955031621,0.0
19176,1.0,0.05,0.00014295475496101575,0.0,0.005958983073922999,0.1055589955031621,0.0
19177,1.0,0.05,0.00014295475496101575,0.0,0.005958983073922999,0.08430419974473054,0.0
19178,1.0,0.05,0.00014295475496101575,0.0,0.006219339359407142,0.03787543668558238,0.0
19179,1.0,0.05,0.00014295475496101575,0.0,0.006219339359407142,0.03787543668558238,0.0
19180,1.0,0.05,0.00014295475496101575,0.0,0.006219339359407142,0.03787543668558238,0.0
19181,1.0,0.05,0.00014295475496101575,0.0,0.006219339359407142,0.03939158616220544,0.0
19182,1.0,0.05,0.00014295475496101575,0.0,0.006219339359407142,0.03939158616220544,0.0
19183,1.0,0.05,0.00014514099119558103,0.0,0.006219339359407142,0.03939158616220544,0.0
19184,1.0,0.05,0.00014514099119558103,0.0,0.006219339359407142,0.03363255896884464,0.0
19185,1.0,0.05,0.00014514099119558103,0.0,0.006219339359407142,0.10404309012670696,0.0
19186,1.0,0.05,0.00014514099119558103,0.0,0.006219339359407142,0.026677855531132534,0.0
19187,1.0,0.05,0.00014514099119558103,0.0,0.006219339359407142,0.026677855531132534,0.0
19188,1.0,0.05,0.00011423926352867801,0.0,0.006177861107754833,0.10952514404136929,0.0
19189,1.0,0.05,0.00012129522374509372,0.0,0.009295049924964974,0.10952514404136929,0.0
19190,1.0,0.05,0.00012129522374509372,0.0,0.009295049924964974,0.10952514404136929,0.0
19191,1.0,0.05,0.00012129522374509372,0.0,0.00722377028676399,0.08123985519958861,0.0
19192,1.0,0.05,0.00012129522374509372,0.0,0.00722377028676399,0.09641322843381964,0.0
19193,1.0,0.05,0.00012129522374509372,0.0,0.007237508924150342,0.09637791191091856,0.0
19194,1.0,0.05,0.00012129522374509372,0.0,0.008671391573065056,0.08858579058198646,0.0
19195,1.0,0.05,0.00012129522374509372,0.0,0.008671391573065056,0.08858579058198646,0.0
19196,1.0,0.05,0.00012129522374509372,0.0,0.008671391573065056,0.08858579058198646,0.0
19197,1.0,0.05,0.00012129522374509372,0.0,0.008671391573065056,0.11779397776039349,0.0
19198,1.0,0.05,0.00012129522374509372,0.0,0.008671391573065056,0.11779397776039349,0.0
19199,1.0,0.05,0.00012129522374509372,0.0,0.007996292746353321,0.12524660874966448,0.0
19200,1.0,0.05,0.00012129522374509372,0.0,0.007996292746353321,0.12524660874966448,0.0
19201,1.0,0.05,0.00012129522374509372,0.0,0.008087590688399858,0.12013485089948486,0.0
19202,1.0,0.05,0.00012129522374509372,0.0,0.008087590688399858,0.07680216464029656,0.0
19203,1.0,0.05,0.00013327263001098528,0.0,0.008087590688399858,0.06706165257088123,0.0
19204,1.0,0.05,0.00013327263001098528,0.0,0.008087590688399858,0.05589098838676505,0.0
19205,1.0,0.05,0.00013327263001098528,0.0,0.008087590688399858,0.08094584692677827,0.0
19206,1.0,0.05,0.00013327263001098528,0.0,0.008087590688399858,0.08094584692677827,0.0
19207,1.0,0.05,0.00012433751357969922,0.0,0.008087590688399858,0.08094584692677827,0.0
19208,1.0,0.05,0.00012433751357969922,0.0,0.008087590688399858,0.08094584692677827,0.0
19209,1.0,0.05,0.0001392932216277945,0.0,0.008087590688399858,0.08094584692677827,0.0
19210,1.0,0.05,0.0001392932216277945,0.0,0.0072150678527707875,0.09877940223443098,0.0
19211,1.0,0.05,0.0001392932216277945,0.0,0.0072150678527707875,0.06872474135166753,0.0
19212,1.0,0.05,0.0001392932216277945,0.0,0.007283329894650941,0.06872474135166753,0.0
19213,1.0,0.05,0.0001366583238755654,0.0,0.007283329894650941,0.06872474135166753,0.0
19214,1.0,0.05,0.0001366583238755654,0.0,0.007283329894650941,0.07280004114264943,0.0
19215,1.0,0.05,0.0001366583238755654,0.0,0.007283329894650941,0.07280004114264943,0.0
19216,1.0,0.05,0.00012129140923535538,0.0,0.007283329894650941,0.07962168552872857,0.0
19217,1.0,0.05,0.00012129140923535538,0.0,0.007283329894650941,0.07962168552872857,0.0
19218,1.0,0.05,0.00012129140923535538,0.0,0.007765814498908754,0.12744232046926043,0.0
19219,1.0,0.05,0.00012129140923535538,0.0,0.00822400438838041,0.11700347849706304,0.0
19220,1.0,0.05,0.00011958655364179394,0.0,0.00822400438838041,0.11700347849706304,0.0
19221,1.0,0.05,0.00011958655364179394,0.0,0.007280693738434378,0.11700347849706304,0.0
19222,1.0,0.05,0.00011958655364179394,0.0,0.007280693738434378,0.11700347849706304,0.0
19223,1.0,0.05,0.0001222880017169051,0.0,0.0074488570707906265,0.18094554094456372,0.0
19224,1.0,0.05,0.00012193937569636395,0.0,0.0074488570707906265,0.1328587574382478,0.0
19225,1.0,0.05,0.00012193937569636395,0.0,0.0074488570707906265,0.1328587574382478,0.0
19226,1.0,0.05,0.00012193937569636395,0.0,0.0074488570707906265,0.07270952398139305,0.0
19227,1.0,0.05,0.00012193937569636395,0.0,0.005536588081184542,0.10901458857803736,0.0
19228,1.0,0.05,0.00012193937569636395,0.0,0.005536588081184542,0.10901458857803736,0.0
19229,1.0,0.05,0.00012193937569636395,0.0,0.005536588081184542,0.07532589502733779,0.0
19230,1.0,0.05,0.00012193937569636395,0.0,0.005536588081184542,0.032194386148446046,0.0
19231,1.0,0.05,0.00012193937569636395,0.0,0.005536588081184542,0.015788446110000028,0.0
19232,1.0,0.05,0.00012193937569636395,0.0,0.0089460507723468,0.04757936171946749,0.0
19233,1.0,0.05,0.00012193937569636395,0.0,0.0089460507723468,0.047577229373809676,0.0
19234,1.0,0.05,0.00012193937569636395,0.0,0.007277763052953394,0.047577229373809676,0.0
19235,1.0,0.05,0.00012193937569636395,0.0,0.006531991821059733,0.06835810107511908,0.0
19236,1.0,0.05,0.00012193937569636395,0.0,0.006531991821059733,0.06835810107511908,0.0
19237,1.0,0.05,0.0001377067526387757,0.0,0.006531991821059733,0.06835810107511908,0.0
19238,1.0,0.05,0.0001377067526387757,0.0,0.006531991821059733,0.06835810107511908,0.0
19239,1.0,0.05,0.0001377067526387757,0.0,0.006157410689675074,0.1223205738592241,0.0
19240,1.0,0.05,0.0001377067526387757,0.0,0.006157410689675074,0.028106304429429678,0.0
19241,1.0,0.05,0.0001377067526387757,0.0,0.006157410689675074,0.028106304429429678,0.0
19242,1.0,0.05,0.0001377067526387757,0.0,0.006157410689675074,0.028106304429429678,0.0
19243,1.0,0.05,0.0001377067526387757,0.0,0.006157410689675074,0.028106304429429678,0.0
19244,1.0,0.05,0.00014341596960575615,0.0,0.006157410689675074,0.028106304429429678,0.0
19245,1.0,0.05,0.000138659494001275,0.0,0.006157410689675074,0.021941708813681318,0.0
19246,1.0,0.05,0.000138659494001275,0.0,0.006132854138994063,0.021941708813681318,0.0
19247,1.0,0.05,0.000138659494001275,0.0,0.006132854138994063,0.05791016344484804,0.0
19248,1.0,0.05,0.000138659494001275,0.0,0.006132854138994063,0.05791016344484804,0.0
19249,1.0,0.05,0.00012879000185022865,0.0,0.006132854138994063,0.10157227238701572,0.0
19250,1.0,0.05,0.00012879000185022865,0.0,0.006132854138994063,0.10157227238701572,0.0
19251,1.0,0.05,0.00012879000185022865,0.0,0.006132854138994063,0.09544243918435513,0.0
19252,1.0,0.05,0.00012879000185022865,0.0,0.006132854138994063,0.09544243918435513,0.0
19253,1.0,0.05,0.00012879000185022865,0.0,0.006132854138994063,0.09544243918435513,0.0
19254,1.0,0.05,0.00012879000185022865,0.0,0.00831430409931965,0.07451881167349178,0.0
19255,1.0,0.05,0.00012879000185022865,0.0,0.005676920430819287,0.07451881167349178,0.0
19256,1.0,0.05,0.00012879000185022865,0.0,0.005676920430819287,0.07451881167349178,0.0
19257,1.0,0.05,0.00012879000185022865,0.0,0.005676920430819287,0.07451881167349178,0.0
19258,1.0,0.05,0.00012879000185022865,0.0,0.005940474685114928,0.08592151568112649,0.0
19259,1.0,0.05,0.00012879000185022865,0.0,0.005940474685114928,0.08592151568112649,0.0
19260,1.0,0.05,0.00012879000185022865,0.0,0.005940474685114928,0.042534033481056714,0.0
19261,1.0,0.05,0.00012879000185022865,0.0,0.005940474685114928,0.05868730602575495,0.0
19262,1.0,0.05,0.00012879000185022865,0.0,0.005940474685114928,0.05868730602575495,0.0
19263,1.0,0.05,0.00012879000185022865,0.0,0.005940474685114928,0.10118266302179793,0.0
19264,1.0,0.05,0.00012879000185022865,0.0,0.005940474685114928,0.030848273043639542,0.0
19265,1.0,0.05,0.00012879000185022865,0.0,0.005511744111052733,0.030848273043639542,0.0
19266,1.0,0.05,0.00012879000185022865,0.0,0.005409921117783603,0.05403995466869746,0.0
19267,1.0,0.05,0.00012879000185022865,0.0,0.005409921117783603,0.03462024327410738,0.0
19268,1.0,0.05,0.00012879000185022865,0.0,0.005409921117783603,0.05967185336764681,0.0
19269,1.0,0.05,0.00012879000185022865,0.0,0.005409921117783603,0.06754158141303852,0.0
19270,1.0,0.05,0.00012879000185022865,0.0,0.005409921117783603,0.06754158141303852,0.0
19271,1.0,0.05,0.00012879000185022865,0.0,0.0078633555097403,0.06754158141303852,0.0
19272,1.0,0.05,0.00012879000185022865,0.0,0.0078633555097403,0.06754158141303852,0.0
19273,1.0,0.05,0.00012404891455260813,0.0,0.0078633555097403,0.09160882837374196,0.0
19274,1.0,0.05,0.000128232061822023,0.0,0.0078633555097403,0.09160882837374196,0.0
19275,1.0,0.05,0.000128232061822023,0.0,0.0078633555097403,0.064302215440141,0.0
19276,1.0,0.05,0.000128232061822023,0.0,0.0078633555097403,0.064302215440141,0.0
19277,1.0,0.05,0.000128232061822023,0.0,0.0078633555097403,0.064302215440141,0.0
19278,1.0,0.05,0.00012636386918895304,0.0,0.0078633555097403,0.064302215440141,0.0
19279,1.0,0.05,0.00012636386918895304,0.0,0.007858812880101049,0.05602984949931802,0.0
19280,1.0,0.05,0.00012636386918895304,0.0,0.006150357478753625,0.03852380626763849,0.0
19281,1.0,0.05,0.00012636386918895304,0.0,0.006150357478753625,0.06806068596555095,0.0
19282,1.0,0.05,0.00012636386918895304,0.0,0.006781493017147067,0.09183806758495147,0.0
19283,1.0,0.05,0.00012636386918895304,0.0,0.006781493017147067,0.06695568665426539,0.0
19284,1.0,0.05,0.00012636386918895304,0.0,0.006781493017147067,0.08577526158510149,0.0
19285,1.0,0.05,0.00012636386918895304,0.0,0.006781493017147067,0.13034477302815467,0.0
19286,1.0,0.05,0.00012636386918895304,0.0,0.006900093313883507,0.13034477302815467,0.0
19287,1.0,0.05,0.00012636386918895304,0.0,0.006723662929558057,0.1334611003189006,0.0
19288,1.0,0.05,0.00012636386918895304,0.0,0.006723662929558057,0.1694017225916818,0.0
19289,1.0,0.05,0.00012636386918895304,0.0,0.007693212717957478,0.1694017225916818,0.0
19290,1.0,0.05,0.00012636386918895304,0.0,0.007693212717957478,0.10888364682104655,0.0
19291,1.0,0.05,0.00012636386918895304,0.0,0.007591192865941981,0.10888364682104655,0.0
19292,1.0,0.05,0.00012636386918895304,0.0,0.007591192865941981,0.10888364682104655,0.0
19293,1.0,0.05,0.00012636386918895304,0.0,0.007591192865941981,0.10888364682104655,0.0
19294,1.0,0.05,0.00012401686476550485,0.0,0.007591192865941981,0.10888364682104655,0.0
19295,1.0,0.05,0.00012401686476550485,0.0,0.007591192865941981,0.10888364682104655,0.0
19296,1.0,0.05,0.00012401686476550485,0.0,0.007591192865941981,0.10888364682104655,0.0
19297,1.0,0.05,0.00012401686476550485,0.0,0.007591192865941981,0.048128104734864556,0.0
19298,1.0,0.05,0.00012401686476550485,0.0,0.007053143252136835,0.048128104734864556,0.0
19299,1.0,0.05,0.00012401686476550485,0.0,0.007053143252136835,0.049629409516545396,0.0
19300,1.0,0.05,0.00012401686476550485,0.0,0.007053143252136835,0.07125618464119987,0.0
19301,1.0,0.05,0.00012401686476550485,0.0,0.00641955672650991,0.0706694641644491,0.0
19302,1.0,0.05,0.00012401686476550485,0.0,0.00641955672650991,0.0706694641644491,0.0
19303,1.0,0.05,0.00012401686476550485,0.0,0.00641955672650991,0.0706694641644491,0.0
19304,1.0,0.05,0.00012401686476550485,0.0,0.00641955672650991,0.0706694641644491,0.0
19305,1.0,0.05,0.00012401686476550485,0.0,0.007935730758988662,0.0706694641644491,0.0
19306,1.0,0.05,0.00012401686476550485,0.0,0.007935730758988662,0.0706694641644491,0.0
19307,1.0,0.05,0.00013249442979631568,0.0,0.006394518120781166,0.0706694641644491,0.0
19308,1.0,0.05,0.00013249442979631568,0.0,0.006394518120781166,0.0706694641644491,0.0
19309,1.0,0.05,0.00013249442979631568,0.0,0.006394518120781166,0.0706694641644491,0.0
19310,1.0,0.05,0.00013249442979631568,0.0,0.005714199430622743,0.09438771471922285,0.0
19311,1.0,0.05,0.00013249442979631568,0.0,0.005714199430622743,0.09318387732661751,0.0
19312,1.0,0.05,0.00013249442979631568,0.0,0.005714199430622743,0.09318387732661751,0.0
19313,1.0,0.05,0.00013249442979631568,0.0,0.005714199430622743,0.09318387732661751,0.0
19314,1.0,0.05,0.00013249442979631568,0.0,0.005714199430622743,0.07313698311144033,0.0
19315,1.0,0.05,0.00013249442979631568,0.0,0.005714199430622743,0.07313698311144033,0.0
19316,1.0,0.05,0.00013249442979631568,0.0,0.005714199430622743,0.07313698311144033,0.0
19317,1.0,0.05,0.00013249442979631568,0.0,0.005714199430622743,0.07313698311144033,0.0
19318,1.0,0.05,0.00013249442979631568,0.0,0.0058372237959284845,0.07313698311144033,0.0
19319,1.0,0.05,0.00013249442979631568,0.0,0.0058372237959284845,0.04385134395588484,0.0
19320,1.0,0.05,0.00013249442979631568,0.0,0.0058372237959284845,0.04385134395588484,0.0
19321,1.0,0.05,0.00013249442979631568,0.0,0.0058372237959284845,0.04385134395588484,0.0
19322,1.0,0.05,0.00013249442979631568,0.0,0.0058372237959284845,0.035011468438944315,0.0
19323,1.0,0.05,0.00013249442979631568,0.0,0.0058372237959284845,0.1237030849376937,0.0
19324,1.0,0.05,0.00013249442979631568,0.0,0.0058372237959284845,0.1237030849376937,0.0
19325,1.0,0.05,0.00013249442979631568,0.0,0.006365191233992363,0.1237030849376937,0.0
19326,1.0,0.05,0.00013249442979631568,0.0,0.006365191233992363,0.039360904757663295,0.0
19327,1.0,0.05,0.00013249442979631568,0.0,0.0063077884179531295,0.039360904757663295,0.0
19328,1.0,0.05,0.00013249442979631568,0.0,0.0063077884179531295,0.039360904757663295,0.0
19329,1.0,0.05,0.00013249442979631568,0.0,0.0063077884179531295,0.0968896938685483,0.0
19330,1.0,0.05,0.00013249442979631568,0.0,0.0063077884179531295,0.0968896938685483,0.0
19331,1.0,0.05,0.00013249442979631568,0.0,0.0063077884179531295,0.0968896938685483,0.0
19332,1.0,0.05,0.00013249442979631568,0.0,0.0057451897644218266,0.0968896938685483,0.0
19333,1.0,0.05,0.00013249442979631568,0.0,0.0057451897644218266,0.0968896938685483,0.0
19334,1.0,0.05,0.00013249442979631568,0.0,0.0057451897644218266,0.054276267042262974,0.0
19335,1.0,0.05,0.00013249442979631568,0.0,0.0057451897644218266,0.03893163628003013,0.0
19336,1.0,0.05,0.00013249442979631568,0.0,0.0057451897644218266,0.03893163628003013,0.0
19337,1.0,0.05,0.00013249442979631568,0.0,0.0057451897644218266,0.04805979170959333,0.0
19338,1.0,0.05,0.00013249442979631568,0.0,0.0057451897644218266,0.06311566934578522,0.0
19339,1.0,0.05,0.00013249442979631568,0.0,0.0057451897644218266,0.06311566934578522,0.0
19340,1.0,0.05,0.00013249442979631568,0.0,0.0057451897644218266,0.08113445059908234,0.0
19341,1.0,0.05,0.00012669232900430988,0.0,0.0057451897644218266,0.08113445059908234,0.0
19342,1.0,0.05,0.00012669232900430988,0.0,0.0057451897644218266,0.08113445059908234,0.0
19343,1.0,0.05,0.0001362585106644073,0.0,0.0057451897644218266,0.08113445059908234,0.0
19344,1.0,0.05,0.0001362585106644073,0.0,0.0057451897644218266,0.08113445059908234,0.0
19345,1.0,0.05,0.0001362585106644073,0.0,0.0057451897644218266,0.06456057889122675,0.0
19346,1.0,0.05,0.0001362585106644073,0.0,0.0057451897644218266,0.06385290126070176,0.0
19347,1.0,0.05,0.0001362585106644073,0.0,0.0057451897644218266,0.06385290126070176,0.0
19348,1.0,0.05,0.0001362585106644073,0.0,0.005915341650469374,0.06385290126070176,0.0
19349,1.0,0.05,0.0001362585106644073,0.0,0.005915341650469374,0.07924141046737629,0.0
19350,1.0,0.05,0.0001362585106644073,0.0,0.005915341650469374,0.07924141046737629,0.0
19351,1.0,0.05,0.0001362585106644073,0.0,0.005915341650469374,0.07924141046737629,0.0
19352,1.0,0.05,0.0001362585106644073,0.0,0.005915341650469374,0.08957997198895493,0.0
19353,1.0,0.05,0.0001362585106644073,0.0,0.005915341650469374,0.08957997198895493,0.0
19354,1.0,0.05,0.0001345140673221748,0.0,0.005915341650469374,0.05562221595278701,0.0
19355,1.0,0.05,0.0001345140673221748,0.0,0.005915341650469374,0.05562221595278701,0.0
19356,1.0,0.05,0.0001345140673221748,0.0,0.005915341650469374,0.05257736539122566,0.0
19357,1.0,0.05,0.0001345140673221748,0.0,0.005915341650469374,0.0887525997367878,0.0
19358,1.0,0.05,0.00013487367723238403,0.0,0.005915341650469374,0.0887525997367878,0.0
19359,1.0,0.05,0.00013487367723238403,0.0,0.005915341650469374,0.0887525997367878,0.0
19360,1.0,0.05,0.00013487367723238403,0.0,0.005915341650469374,0.06753383159314083,0.0
19361,1.0,0.05,0.00013487367723238403,0.0,0.005915341650469374,0.06968943476341463,0.0
19362,1.0,0.05,0.00013487367723238403,0.0,0.005915341650469374,0.06968943476341463,0.0
19363,1.0,0.05,0.00013487367723238403,0.0,0.005915341650469374,0.06580837389874754,0.0
19364,1.0,0.05,0.00013487367723238403,0.0,0.005915341650469374,0.06580837389874754,0.0
19365,1.0,0.05,0.00013487367723238403,0.0,0.005915341650469374,0.06580837389874754,0.0
19366,1.0,0.05,0.00013487367723238403,0.0,0.005915341650469374,0.10510513374545274,0.0
19367,1.0,0.05,0.00013487367723238403,0.0,0.005915341650469374,0.0912812217838012,0.0
19368,1.0,0.05,0.00013487367723238403,0.0,0.005740744567708865,0.0912812217838012,0.0
19369,1.0,0.05,0.00013487367723238403,0.0,0.005740744567708865,0.0912812217838012,0.0
19370,1.0,0.05,0.00013487367723238403,0.0,0.005740744567708865,0.0912812217838012,0.0
19371,1.0,0.05,0.00013487367723238403,0.0,0.005740744567708865,0.0912812217838012,0.0
19372,1.0,0.05,0.00013487367723238403,0.0,0.006011751075368886,0.05830750434832625,0.0
19373,1.0,0.05,0.00013487367723238403,0.0,0.007173455963298126,0.05830750434832625,0.0
19374,1.0,0.05,0.00013487367723238403,0.0,0.007173455963298126,0.11078801259964265,0.0
19375,1.0,0.05,0.00013487367723238403,0.0,0.007125011732573214,0.10211942832021237,0.0
19376,1.0,0.05,0.00013487367723238403,0.0,0.007125011732573214,0.10211942832021237,0.0
19377,1.0,0.05,0.00013487367723238403,0.0,0.007125011732573214,0.10211942832021237,0.0
19378,1.0,0.05,0.00013487367723238403,0.0,0.005623477079540827,0.10211942832021237,0.0
19379,1.0,0.05,0.00013487367723238403,0.0,0.006964857574271363,0.10211942832021237,0.0
19380,1.0,0.05,0.00013487367723238403,0.0,0.006964857574271363,0.10211942832021237,0.0
19381,1.0,0.05,0.00013487367723238403,0.0,0.006334086025100205,0.10211942832021237,0.0
19382,1.0,0.05,0.00013487367723238403,0.0,0.006334086025100205,0.11176013170469526,0.0
19383,1.0,0.05,0.0001320943165804586,0.0,0.006574085836808871,0.07206812000276132,0.0
19384,1.0,0.05,0.0001320943165804586,0.0,0.006574085836808871,0.07206812000276132,0.0
19385,1.0,0.05,0.0001320943165804586,0.0,0.006574085836808871,0.07206812000276132,0.0
19386,1.0,0.05,0.0001320943165804586,0.0,0.005673100215269823,0.07206812000276132,0.0
19387,1.0,0.05,0.0001320943165804586,0.0,0.005673100215269823,0.07206812000276132,0.0
19388,1.0,0.05,0.0001320943165804586,0.0,0.005673100215269823,0.07206812000276132,0.0
19389,1.0,0.05,0.0001320943165804586,0.0,0.005673100215269823,0.07206812000276132,0.0
19390,1.0,0.05,0.0001320943165804586,0.0,0.005673100215269823,0.09986976633648476,0.0
19391,1.0,0.05,0.0001320943165804586,0.0,0.005673100215269823,0.10327970889180502,0.0
19392,1.0,0.05,0.0001320943165804586,0.0,0.005673100215269823,0.06990830750997407,0.0
19393,1.0,0.05,0.0001320943165804586,0.0,0.005673100215269823,0.06990830750997407,0.0
19394,1.0,0.05,0.0001320943165804586,0.0,0.005673100215269823,0.06990830750997407,0.0
19395,1.0,0.05,0.0001320943165804586,0.0,0.005673100215269823,0.06990830750997407,0.0
19396,1.0,0.05,0.0001320943165804586,0.0,0.005673100215269823,0.0721318529515755,0.0
19397,1.0,0.05,0.0001320943165804586,0.0,0.005673100215269823,0.0721318529515755,0.0
19398,1.0,0.05,0.0001320943165804586,0.0,0.005673100215269823,0.0721318529515755,0.0
19399,1.0,0.05,0.0001320943165804586,0.0,0.007575040019618311,0.0721318529515755,0.0
19400,1.0,0.05,0.0001320943165804586,0.0,0.007575040019618311,0.1353356556768905,0.0
19401,1.0,0.05,0.0001320943165804586,0.0,0.007575040019618311,0.07634189254506474,0.0
19402,1.0,0.05,0.0001320943165804586,0.0,0.007575040019618311,0.07287522828189781,0.0
19403,1.0,0.05,0.0001320943165804586,0.0,0.007575040019618311,0.07287522828189781,0.0
19404,1.0,0.05,0.0001320943165804586,0.0,0.0076096285015603065,0.07287522828189781,0.0
19405,1.0,0.05,0.0001320943165804586,0.0,0.007397750252590037,0.07287522828189781,0.0
19406,1.0,0.05,0.0001320943165804586,0.0,0.007397750252590037,0.09080503824009362,0.0
19407,1.0,0.05,0.0001320943165804586,0.0,0.007397750252590037,0.09080503824009362,0.0
19408,1.0,0.05,0.0001320943165804586,0.0,0.007365156096126807,0.09080503824009362,0.0
19409,1.0,0.05,0.0001320943165804586,0.0,0.007365156096126807,0.09080503824009362,0.0
19410,1.0,0.05,0.0001320943165804586,0.0,0.005329235298837723,0.09080503824009362,0.0
19411,1.0,0.05,0.0001320943165804586,0.0,0.005329235298837723,0.028153371424507186,0.0
19412,1.0,0.05,0.0001320943165804586,0.0,0.005329235298837723,0.02820547238245576,0.0
19413,1.0,0.05,0.0001320943165804586,0.0,0.005329235298837723,0.07778928392658072,0.0
19414,1.0,0.05,0.0001320943165804586,0.0,0.005329235298837723,0.0551150608591813,0.0
19415,1.0,0.05,0.0001320943165804586,0.0,0.005329235298837723,0.0551150608591813,0.0
19416,1.0,0.05,0.0001320943165804586,0.0,0.005329235298837723,0.0551150608591813,0.0
19417,1.0,0.05,0.0001320943165804586,0.0,0.005327868412532512,0.0551150608591813,0.0
19418,1.0,0.05,0.0001320943165804586,0.0,0.005035488775388746,0.0551150608591813,0.0
19419,1.0,0.05,0.0001320943165804586,0.0,0.005035488775388746,0.0551150608591813,0.0
19420,1.0,0.05,0.0001320943165804586,0.0,0.005035488775388746,0.0551150608591813,0.0
19421,1.0,0.05,0.0001320943165804586,0.0,0.005035488775388746,0.06663390944101025,0.0
19422,1.0,0.05,0.0001320943165804586,0.0,0.005035488775388746,0.06663390944101025,0.0
19423,1.0,0.05,0.0001320943165804586,0.0,0.005762763923348336,0.06663390944101025,0.0
19424,1.0,0.05,0.0001320943165804586,0.0,0.00541256423911908,0.04383018234143673,0.0
19425,1.0,0.05,0.0001320943165804586,0.0,0.00541256423911908,0.0645980027708464,0.0
19426,1.0,0.05,0.0001320943165804586,0.0,0.00541256423911908,0.05908733891480504,0.0
19427,1.0,0.05,0.0001320943165804586,0.0,0.00541256423911908,0.04142466696085561,0.0
19428,1.0,0.05,0.0001393087830962068,0.0,0.00541256423911908,0.04142466696085561,0.0
19429,1.0,0.05,0.0001393087830962068,0.0,0.006127793107243053,0.04142466696085561,0.0
19430,1.0,0.05,0.0001393087830962068,0.0,0.006127793107243053,0.04142466696085561,0.0
19431,1.0,0.05,0.0001393087830962068,0.0,0.006127793107243053,0.04142466696085561,0.0
19432,1.0,0.05,0.0001393087830962068,0.0,0.006127793107243053,0.052052515994265774,0.0
19433,1.0,0.05,0.0001393087830962068,0.0,0.006127793107243053,0.033091490299329084,0.0
19434,1.0,0.05,0.0001393087830962068,0.0,0.006127793107243053,0.033091490299329084,0.0
19435,1.0,0.05,0.00012863606734325207,0.0,0.006127793107243053,0.04233592701942705,0.0
19436,1.0,0.05,0.00012863606734325207,0.0,0.006127793107243053,0.06272337784872542,0.0
19437,1.0,0.05,0.00012863606734325207,0.0,0.006127793107243053,0.11356159004653031,0.0
19438,1.0,0.05,0.00012863606734325207,0.0,0.006127793107243053,0.10742726740312007,0.0
19439,1.0,0.05,0.00012863606734325207,0.0,0.007258192572322133,0.0789959088071461,0.0
19440,1.0,0.05,0.00012863606734325207,0.0,0.007258192572322133,0.16699783772932714,0.0
19441,1.0,0.05,0.00012863606734325207,0.0,0.007258192572322133,0.16699783772932714,0.0
19442,1.0,0.05,0.00012863606734325207,0.0,0.007258192572322133,0.16699783772932714,0.0
19443,1.0,0.05,0.0001217536464015765,0.0,0.007258192572322133,0.1385566940602357,0.0
19444,1.0,0.05,0.00012934312746048701,0.0,0.007258192572322133,0.1385566940602357,0.0
19445,1.0,0.05,0.00013400377851711416,0.0,0.007258192572322133,0.1385566940602357,0.0
19446,1.0,0.05,0.00013400377851711416,0.0,0.007258192572322133,0.13772956585679053,0.0
19447,1.0,0.05,0.00013400377851711416,0.0,0.007258192572322133,0.13772956585679053,0.0
19448,1.0,0.05,0.00013400377851711416,0.0,0.007258192572322133,0.0946975612839277,0.0
19449,1.0,0.05,0.00013400377851711416,0.0,0.007258192572322133,0.0946975612839277,0.0
19450,1.0,0.05,0.00012144874402638828,0.0,0.007258192572322133,0.0946975612839277,0.0
19451,1.0,0.05,0.00012144874402638828,0.0,0.007258192572322133,0.0946975612839277,0.0
19452,1.0,0.05,0.00012144874402638828,0.0,0.007258192572322133,0.15144825858276975,0.0
19453,1.0,0.05,0.00012144874402638828,0.0,0.006439371080449798,0.11085303996015919,0.0
19454,1.0,0.05,0.00012144874402638828,0.0,0.006439371080449798,0.0757524466706204,0.0
19455,1.0,0.05,0.00012695020699733837,0.0,0.006439371080449798,0.0757524466706204,0.0
19456,1.0,0.05,0.00012695020699733837,0.0,0.006439371080449798,0.10963790817990024,0.0
19457,1.0,0.05,0.00012695020699733837,0.0,0.006439371080449798,0.098820175628369,0.0
19458,1.0,0.05,0.00012695020699733837,0.0,0.006439371080449798,0.098820175628369,0.0
19459,1.0,0.05,0.00012695020699733837,0.0,0.006439371080449798,0.098820175628369,0.0
19460,1.0,0.05,0.00012695020699733837,0.0,0.006439371080449798,0.07242985293761278,0.0
19461,1.0,0.05,0.00012695020699733837,0.0,0.0059452453732905634,0.08227276261339822,0.0
19462,1.0,0.05,0.00012695020699733837,0.0,0.007137327585766637,0.03600114150568386,0.0
19463,1.0,0.05,0.00012695020699733837,0.0,0.007137327585766637,0.12763447899554964,0.0
19464,1.0,0.05,0.00012695020699733837,0.0,0.006190541049015906,0.12763447899554964,0.0
19465,1.0,0.05,0.0001327229655236417,0.0,0.006190541049015906,0.12309395907546752,0.0
19466,1.0,0.05,0.0001327229655236417,0.0,0.006190541049015906,0.058402577102414296,0.0
19467,1.0,0.05,0.0001327229655236417,0.0,0.006140337709548662,0.07270140763347967,0.0
19468,1.0,0.05,0.0001327229655236417,0.0,0.006140337709548662,0.07270140763347967,0.0
19469,1.0,0.05,0.0001327229655236417,0.0,0.006140337709548662,0.07270140763347967,0.0
19470,1.0,0.05,0.0001327229655236417,0.0,0.006189189822140647,0.11748803710918393,0.0
19471,1.0,0.05,0.0001327229655236417,0.0,0.006189189822140647,0.06365007772997013,0.0
19472,1.0,0.05,0.00013616978672710464,0.0,0.006189189822140647,0.013480502900459221,0.0
19473,1.0,0.05,0.00013616978672710464,0.0,0.006189189822140647,0.013480502900459221,0.0
19474,1.0,0.05,0.0001356939392004588,0.0,0.006189189822140647,0.013480502900459221,0.0
19475,1.0,0.05,0.0001356939392004588,0.0,0.006189189822140647,0.013480502900459221,0.0
19476,1.0,0.05,0.0001356939392004588,0.0,0.006189189822140647,0.013480502900459221,0.0
19477,1.0,0.05,0.0001356939392004588,0.0,0.006189189822140647,0.013480502900459221,0.0
19478,1.0,0.05,0.0001356939392004588,0.0,0.006189189822140647,0.0230726841087953,0.0
19479,1.0,0.05,0.0001356939392004588,0.0,0.006189189822140647,0.022992878827286817,0.0
19480,1.0,0.05,0.0001356939392004588,0.0,0.006189189822140647,0.01075081489870153,0.0
19481,1.0,0.05,0.0001356939392004588,0.0,0.005176923949364303,0.11860488793914378,0.0
19482,1.0,0.05,0.0001356939392004588,0.0,0.005730759553979559,0.11860488793914378,0.0
19483,1.0,0.05,0.0001356939392004588,0.0,0.005730759553979559,0.11860488793914378,0.0
19484,1.0,0.05,0.0001356939392004588,0.0,0.005730759553979559,0.11860488793914378,0.0
19485,1.0,0.05,0.0001356939392004588,0.0,0.005730759553979559,0.11860488793914378,0.0
19486,1.0,0.05,0.0001356939392004588,0.0,0.005730759553979559,0.04045942731603003,0.0
19487,1.0,0.05,0.0001356939392004588,0.0,0.005730759553979559,0.04045942731603003,0.0
19488,1.0,0.05,0.0001356939392004588,0.0,0.005730759553979559,0.05551686969169749,0.0
19489,1.0,0.05,0.0001356939392004588,0.0,0.005730759553979559,0.05551686969169749,0.0
19490,1.0,0.05,0.00013151514309742176,0.0,0.005730759553979559,0.07578135375963255,0.0
19491,1.0,0.05,0.00013151514309742176,0.0,0.005730759553979559,0.07578135375963255,0.0
19492,1.0,0.05,0.00013151514309742176,0.0,0.005730759553979559,0.07463215066830323,0.0
19493,1.0,0.05,0.00013151514309742176,0.0,0.005730759553979559,0.07463215066830323,0.0
19494,1.0,0.05,0.00013151514309742176,0.0,0.005730759553979559,0.07463215066830323,0.0
19495,1.0,0.05,0.00013151514309742176,0.0,0.005730759553979559,0.07463215066830323,0.0
19496,1.0,0.05,0.00013151514309742176,0.0,0.005730759553979559,0.07463215066830323,0.0
19497,1.0,0.05,0.00013151514309742176,0.0,0.005730759553979559,0.07219676676713266,0.0
19498,1.0,0.05,0.00013151514309742176,0.0,0.005730759553979559,0.0781060359820178,0.0
19499,1.0,0.05,0.00013151514309742176,0.0,0.005730759553979559,0.08497120057309004,0.0
19500,1.0,0.05,0.00013151514309742176,0.0,0.005730759553979559,0.08497120057309004,0.0
19501,1.0,0.05,0.00013151514309742176,0.0,0.005730759553979559,0.08497120057309004,0.0
19502,1.0,0.05,0.00013151514309742176,0.0,0.005730759553979559,0.054002153141460424,0.0
19503,1.0,0.05,0.00013151514309742176,0.0,0.005730759553979559,0.054002153141460424,0.0
19504,1.0,0.05,0.00013151514309742176,0.0,0.005730759553979559,0.014247663853218602,0.0
19505,1.0,0.05,0.00013151514309742176,0.0,0.005730759553979559,0.02504687596875635,0.0
19506,1.0,0.05,0.00013151514309742176,0.0,0.005730759553979559,0.007829256735272322,0.0
19507,1.0,0.05,0.00013151514309742176,0.0,0.005730759553979559,0.014619361174148172,0.0
19508,1.0,0.05,0.00013151514309742176,0.0,0.005730759553979559,0.014619361174148172,0.0
19509,1.0,0.05,0.00013151514309742176,0.0,0.005730759553979559,0.005544785931580029,0.0
19510,1.0,0.05,0.00013151514309742176,0.0,0.005543389001121848,0.003758961263482592,0.0
19511,1.0,0.05,0.00013151514309742176,0.0,0.005835706732332939,0.003758961263482592,0.0
19512,1.0,0.05,0.00013945464316815893,0.0,0.005835706732332939,0.0030106960097849396,0.0
19513,1.0,0.05,0.00013945464316815893,0.0,0.005835706732332939,0.004860307696220496,0.0
19514,1.0,0.05,0.00013945464316815893,0.0,0.005835706732332939,0.02688520431711675,0.0
19515,1.0,0.05,0.00013945464316815893,0.0,0.005835706732332939,0.04296175471045194,0.0
19516,1.0,0.05,0.00013945464316815893,0.0,0.005835706732332939,0.04296175471045194,0.0
19517,1.0,0.05,0.00013945464316815893,0.0,0.005835706732332939,0.050519799293919906,0.0
19518,1.0,0.05,0.00013945464316815893,0.0,0.005835706732332939,0.050519799293919906,0.0
19519,1.0,0.05,0.00013945464316815893,0.0,0.005835706732332939,0.050519799293919906,0.0
19520,1.0,0.05,0.00013945464316815893,0.0,0.005835706732332939,0.015197760001814822,0.0
19521,1.0,0.05,0.0001240135919576823,0.0,0.005835706732332939,0.1000517951152535,0.0
19522,1.0,0.05,0.0001240135919576823,0.0,0.006780307913736027,0.1000517951152535,0.0
19523,1.0,0.05,0.0001240135919576823,0.0,0.006780307913736027,0.08184800770033063,0.0
19524,1.0,0.05,0.0001240135919576823,0.0,0.006780307913736027,0.10610772332674243,0.0
19525,1.0,0.05,0.0001240135919576823,0.0,0.006780307913736027,0.10610772332674243,0.0
19526,1.0,0.05,0.0001292944287557885,0.0,0.006780307913736027,0.10610772332674243,0.0
19527,1.0,0.05,0.0001292944287557885,0.0,0.006066564700466252,0.10610772332674243,0.0
19528,1.0,0.05,0.0001292944287557885,0.0,0.006066564700466252,0.011626934054844489,0.0
19529,1.0,0.05,0.0001292944287557885,0.0,0.006066564700466252,0.011626934054844489,0.0
19530,1.0,0.05,0.0001292944287557885,0.0,0.00617318694720386,0.011626934054844489,0.0
19531,1.0,0.05,0.0001292944287557885,0.0,0.00617318694720386,0.011873504521447958,0.0
19532,1.0,0.05,0.0001292944287557885,0.0,0.00617318694720386,0.015526143386027737,0.0
19533,1.0,0.05,0.0001292944287557885,0.0,0.00617318694720386,0.015526143386027737,0.0
19534,1.0,0.05,0.0001292944287557885,0.0,0.006387088028607523,0.1165419869813952,0.0
19535,1.0,0.05,0.0001292944287557885,0.0,0.006387088028607523,0.1165419869813952,0.0
19536,1.0,0.05,0.0001292944287557885,0.0,0.005850590589807929,0.0652608553555861,0.0
19537,1.0,0.05,0.0001292944287557885,0.0,0.005850590589807929,0.0652608553555861,0.0
19538,1.0,0.05,0.00012956334327745246,0.0,0.005850590589807929,0.0652608553555861,0.0
19539,1.0,0.05,0.00012956334327745246,0.0,0.007020297805695853,0.0652608553555861,0.0
19540,1.0,0.05,0.00012956334327745246,0.0,0.007020297805695853,0.05965754672490958,0.0
19541,1.0,0.05,0.00012956334327745246,0.0,0.007020297805695853,0.05469274571520906,0.0
19542,1.0,0.05,0.00012956334327745246,0.0,0.005245426935459276,0.05469274571520906,0.0
19543,1.0,0.05,0.00012956334327745246,0.0,0.005245426935459276,0.0663824224265714,0.0
19544,1.0,0.05,0.00012956334327745246,0.0,0.005245426935459276,0.0663824224265714,0.0
19545,1.0,0.05,0.00012956334327745246,0.0,0.005245426935459276,0.033271052182117955,0.0
19546,1.0,0.05,0.00012956334327745246,0.0,0.005245426935459276,0.1183709216341414,0.0
19547,1.0,0.05,0.00012956334327745246,0.0,0.005245426935459276,0.1183709216341414,0.0
19548,1.0,0.05,0.00012956334327745246,0.0,0.005245426935459276,0.1183709216341414,0.0
19549,1.0,0.05,0.00012956334327745246,0.0,0.005245426935459276,0.1183709216341414,0.0
19550,1.0,0.05,0.00012956334327745246,0.0,0.005245426935459276,0.1183709216341414,0.0
19551,1.0,0.05,0.00012956334327745246,0.0,0.006172268971896321,0.1183709216341414,0.0
19552,1.0,0.05,0.00012956334327745246,0.0,0.006172268971896321,0.1183709216341414,0.0
19553,1.0,0.05,0.00012956334327745246,0.0,0.006172268971896321,0.06623898336498701,0.0
19554,1.0,0.05,0.00012956334327745246,0.0,0.006172268971896321,0.06623898336498701,0.0
19555,1.0,0.05,0.00012956334327745246,0.0,0.006172268971896321,0.06623898336498701,0.0
19556,1.0,0.05,0.00012956334327745246,0.0,0.006172268971896321,0.06623898336498701,0.0
19557,1.0,0.05,0.00012956334327745246,0.0,0.006172268971896321,0.06623898336498701,0.0
19558,1.0,0.05,0.00012956334327745246,0.0,0.006172268971896321,0.06623898336498701,0.0
19559,1.0,0.05,0.00012956334327745246,0.0,0.007504956240743944,0.04899629865242742,0.0
19560,1.0,0.05,0.00012956334327745246,0.0,0.006673128072719208,0.09747287027224469,0.0
19561,1.0,0.05,0.00012956334327745246,0.0,0.006673128072719208,0.09747287027224469,0.0
19562,1.0,0.05,0.00012956334327745246,0.0,0.006673128072719208,0.09747287027224469,0.0
19563,1.0,0.05,0.00012956334327745246,0.0,0.006673128072719208,0.09747287027224469,0.0
19564,1.0,0.05,0.00012956334327745246,0.0,0.006673128072719208,0.09747287027224469,0.0
19565,1.0,0.05,0.00012956334327745246,0.0,0.006061064788767709,0.09224185479555927,0.0
19566,1.0,0.05,0.00012956334327745246,0.0,0.006278549043967829,0.09224185479555927,0.0
19567,1.0,0.05,0.00012956334327745246,0.0,0.006278549043967829,0.09224185479555927,0.0
19568,1.0,0.05,0.00012956334327745246,0.0,0.006278549043967829,0.09224185479555927,0.0
19569,1.0,0.05,0.00012956334327745246,0.0,0.006383525433855767,0.08500540321499424,0.0
19570,1.0,0.05,0.00012956334327745246,0.0,0.006383525433855767,0.08500540321499424,0.0
19571,1.0,0.05,0.0001379502515901462,0.0,0.005340354287172385,0.08500540321499424,0.0
19572,1.0,0.05,0.0001379502515901462,0.0,0.005340354287172385,0.08500540321499424,0.0
19573,1.0,0.05,0.0001379502515901462,0.0,0.005111526223082302,0.07648701301996846,0.0
19574,1.0,0.05,0.0001379502515901462,0.0,0.005111526223082302,0.07648701301996846,0.0
19575,1.0,0.05,0.0001379502515901462,0.0,0.005895562129449699,0.07648701301996846,0.0
19576,1.0,0.05,0.0001379502515901462,0.0,0.005895562129449699,0.07648701301996846,0.0
19577,1.0,0.05,0.0001379502515901462,0.0,0.005895562129449699,0.07107197274061774,0.0
19578,1.0,0.05,0.0001379502515901462,0.0,0.00652709145834631,0.07107197274061774,0.0
19579,1.0,0.05,0.0001379502515901462,0.0,0.00652709145834631,0.07107197274061774,0.0
19580,1.0,0.05,0.0001379502515901462,0.0,0.00652709145834631,0.07107197274061774,0.0
19581,1.0,0.05,0.00013479634533134028,0.0,0.00652709145834631,0.07107197274061774,0.0
19582,1.0,0.05,0.00013479634533134028,0.0,0.00652709145834631,0.07107197274061774,0.0
19583,1.0,0.05,0.00013479634533134028,0.0,0.00652709145834631,0.07107197274061774,0.0
19584,1.0,0.05,0.00013479634533134028,0.0,0.00652709145834631,0.0616706305443824,0.0
19585,1.0,0.05,0.00013479634533134028,0.0,0.00652709145834631,0.0616706305443824,0.0
19586,1.0,0.05,0.00013476500477702257,0.0,0.00652709145834631,0.0616706305443824,0.0
19587,1.0,0.05,0.000137161460412121,0.0,0.006418163697143068,0.0616706305443824,0.0
19588,1.0,0.05,0.000137161460412121,0.0,0.006418163697143068,0.047696530932080344,0.0
19589,1.0,0.05,0.000137161460412121,0.0,0.006418163697143068,0.047696530932080344,0.0
19590,1.0,0.05,0.000137161460412121,0.0,0.006418163697143068,0.047696530932080344,0.0
19591,1.0,0.05,0.000137161460412121,0.0,0.006418163697143068,0.08076804528395776,0.0
19592,1.0,0.05,0.000137161460412121,0.0,0.006418163697143068,0.08525799870104496,0.0
19593,1.0,0.05,0.000137161460412121,0.0,0.006394926667791612,0.08525799870104496,0.0
19594,1.0,0.05,0.000137161460412121,0.0,0.005172846844472599,0.07086991429828679,0.0
19595,1.0,0.05,0.000137161460412121,0.0,0.005320938389502975,0.03619485606486664,0.0
19596,1.0,0.05,0.000137161460412121,0.0,0.005320938389502975,0.1071680808707797,0.0
19597,1.0,0.05,0.000137161460412121,0.0,0.005320938389502975,0.06142772875641026,0.0
19598,1.0,0.05,0.00013663161979190382,0.0,0.0060442146583982795,0.06142772875641026,0.0
19599,1.0,0.05,0.00013663161979190382,0.0,0.0060442146583982795,0.06142772875641026,0.0
19600,1.0,0.05,0.00013663161979190382,0.0,0.0060442146583982795,0.06142772875641026,0.0
19601,1.0,0.05,0.00013663161979190382,0.0,0.005907545249863018,0.06142772875641026,0.0
19602,1.0,0.05,0.00013663161979190382,0.0,0.005907545249863018,0.08541811938620081,0.0
19603,1.0,0.05,0.00013663161979190382,0.0,0.005907545249863018,0.05711024058484308,0.0
19604,1.0,0.05,0.00014417805361779257,0.0,0.005907545249863018,0.056784409816422916,0.0
19605,1.0,0.05,0.00014417805361779257,0.0,0.005907545249863018,0.056784409816422916,0.0
19606,1.0,0.05,0.00014417805361779257,0.0,0.005907545249863018,0.056784409816422916,0.0
19607,1.0,0.05,0.00014417805361779257,0.0,0.005907545249863018,0.056784409816422916,0.0
19608,1.0,0.05,0.00014417805361779257,0.0,0.005907545249863018,0.04230246656733904,0.0
19609,1.0,0.05,0.00013277209263787634,0.0,0.005907545249863018,0.04230246656733904,0.0
19610,1.0,0.05,0.00013277209263787634,0.0,0.005907545249863018,0.04230246656733904,0.0
19611,1.0,0.05,0.00013277209263787634,0.0,0.005907545249863018,0.03084974233522135,0.0
19612,1.0,0.05,0.00013277209263787634,0.0,0.005907545249863018,0.0209110942404557,0.0
19613,1.0,0.05,0.00013277209263787634,0.0,0.005907545249863018,0.02854544029159405,0.0
19614,1.0,0.05,0.00013277209263787634,0.0,0.005907545249863018,0.02521601892925005,0.0
19615,1.0,0.05,0.00013277209263787634,0.0,0.005907545249863018,0.02521601892925005,0.0
19616,1.0,0.05,0.0001322783673740527,0.0,0.005907545249863018,0.02521601892925005,0.0
19617,1.0,0.05,0.0001322783673740527,0.0,0.005907545249863018,0.03948821591677702,0.0
19618,1.0,0.05,0.0001322783673740527,0.0,0.005907545249863018,0.039583526038008555,0.0
19619,1.0,0.05,0.0001322783673740527,0.0,0.005907545249863018,0.039583526038008555,0.0
19620,1.0,0.05,0.0001322783673740527,0.0,0.005744475707065609,0.039583526038008555,0.0
19621,1.0,0.05,0.0001322783673740527,0.0,0.005744475707065609,0.039583526038008555,0.0
19622,1.0,0.05,0.0001322783673740527,0.0,0.005744475707065609,0.039583526038008555,0.0
19623,1.0,0.05,0.00013581818495089494,0.0,0.005744475707065609,0.012326648636652414,0.0
19624,1.0,0.05,0.00013170918358294353,0.0,0.005744475707065609,0.007973206073990555,0.0
19625,1.0,0.05,0.00013170918358294353,0.0,0.005744475707065609,0.009978126492656671,0.0
19626,1.0,0.05,0.00013170918358294353,0.0,0.005744475707065609,0.01062486487720464,0.0
19627,1.0,0.05,0.00013170918358294353,0.0,0.005744475707065609,0.01062486487720464,0.0
19628,1.0,0.05,0.00012853649329905013,0.0,0.005744475707065609,0.01062486487720464,0.0
19629,1.0,0.05,0.00012853649329905013,0.0,0.005744475707065609,0.01062486487720464,0.0
19630,1.0,0.05,0.00012853649329905013,0.0,0.005744475707065609,0.025231128253291137,0.0
19631,1.0,0.05,0.00012853649329905013,0.0,0.005744475707065609,0.0504828383269684,0.0
19632,1.0,0.05,0.00012853649329905013,0.0,0.005744475707065609,0.08661366776145733,0.0
19633,1.0,0.05,0.00012853649329905013,0.0,0.005744475707065609,0.07206709976843599,0.0
19634,1.0,0.05,0.00012853649329905013,0.0,0.005744475707065609,0.03453201933566553,0.0
19635,1.0,0.05,0.00014575865856562042,0.0,0.005744475707065609,0.11250409918139911,0.0
19636,1.0,0.05,0.00014575865856562042,0.0,0.005744475707065609,0.04569550141276786,0.0
19637,1.0,0.05,0.00014575865856562042,0.0,0.005744475707065609,0.04569550141276786,0.0
19638,1.0,0.05,0.00014575865856562042,0.0,0.005744475707065609,0.04569550141276786,0.0
19639,1.0,0.05,0.00014602136629304058,0.0,0.005744475707065609,0.04569550141276786,0.0
19640,1.0,0.05,0.00014602136629304058,0.0,0.005744475707065609,0.042452350292889005,0.0
19641,1.0,0.05,0.00014602136629304058,0.0,0.005744475707065609,0.031429359753478756,0.0
19642,1.0,0.05,0.00013565854750742767,0.0,0.005744475707065609,0.031429359753478756,0.0
19643,1.0,0.05,0.00013565854750742767,0.0,0.005744475707065609,0.041726318957777425,0.0
19644,1.0,0.05,0.00013565854750742767,0.0,0.005744475707065609,0.041726318957777425,0.0
19645,1.0,0.05,0.00013688493193824466,0.0,0.005744475707065609,0.04965694697546806,0.0
19646,1.0,0.05,0.00013688493193824466,0.0,0.005744475707065609,0.04800699917494616,0.0
19647,1.0,0.05,0.00013688493193824466,0.0,0.005744475707065609,0.04800699917494616,0.0
19648,1.0,0.05,0.00013688493193824466,0.0,0.005744475707065609,0.04800699917494616,0.0
19649,1.0,0.05,0.00013688493193824466,0.0,0.005744475707065609,0.05527399986083878,0.0
19650,1.0,0.05,0.0001326368574961862,0.0,0.005744475707065609,0.05527399986083878,0.0
19651,1.0,0.05,0.0001326368574961862,0.0,0.005744475707065609,0.0785480370291152,0.0
19652,1.0,0.05,0.0001326368574961862,0.0,0.005744475707065609,0.0785480370291152,0.0
19653,1.0,0.05,0.0001326368574961862,0.0,0.005744475707065609,0.0785480370291152,0.0
19654,1.0,0.05,0.0001326368574961862,0.0,0.005744475707065609,0.09406065755165877,0.0
19655,1.0,0.05,0.0001326368574961862,0.0,0.005744475707065609,0.09406065755165877,0.0
19656,1.0,0.05,0.0001326368574961862,0.0,0.005225647630120471,0.06654246360783592,0.0
19657,1.0,0.05,0.0001326368574961862,0.0,0.005225647630120471,0.046768972032426664,0.0
19658,1.0,0.05,0.0001326368574961862,0.0,0.005225647630120471,0.046768972032426664,0.0
19659,1.0,0.05,0.00013464879946654233,0.0,0.005225647630120471,0.0627791269073835,0.0
19660,1.0,0.05,0.00013464879946654233,0.0,0.005225647630120471,0.0627791269073835,0.0
19661,1.0,0.05,0.00013464879946654233,0.0,0.005191865216492778,0.0627791269073835,0.0
19662,1.0,0.05,0.00013464879946654233,0.0,0.005191865216492778,0.08892503861389776,0.0
19663,1.0,0.05,0.00013464879946654233,0.0,0.005191865216492778,0.08892503861389776,0.0
19664,1.0,0.05,0.00013464879946654233,0.0,0.005191865216492778,0.04809628197389933,0.0
19665,1.0,0.05,0.00013717264353479904,0.0,0.005191865216492778,0.04809628197389933,0.0
19666,1.0,0.05,0.00013720943269298803,0.0,0.005191865216492778,0.04809628197389933,0.0
19667,1.0,0.05,0.00013720943269298803,0.0,0.005191865216492778,0.04809628197389933,0.0
19668,1.0,0.05,0.00013720943269298803,0.0,0.005529749518608779,0.04809628197389933,0.0
19669,1.0,0.05,0.00013720943269298803,0.0,0.005529749518608779,0.04809628197389933,0.0
19670,1.0,0.05,0.00013720943269298803,0.0,0.005529749518608779,0.049818618373112605,0.0
19671,1.0,0.05,0.00013720943269298803,0.0,0.005529749518608779,0.049818618373112605,0.0
19672,1.0,0.05,0.00013720943269298803,0.0,0.005529749518608779,0.049818618373112605,0.0
19673,1.0,0.05,0.00013720943269298803,0.0,0.005529749518608779,0.049818618373112605,0.0
19674,1.0,0.05,0.00014197702033041956,0.0,0.0057640129990648705,0.049818618373112605,0.0
19675,1.0,0.05,0.0001284152518207504,0.0,0.0057640129990648705,0.049818618373112605,0.0
19676,1.0,0.05,0.0001284152518207504,0.0,0.0057640129990648705,0.028070151582507277,0.0
19677,1.0,0.05,0.0001284152518207504,0.0,0.0057640129990648705,0.027382495045962664,0.0
19678,1.0,0.05,0.0001284152518207504,0.0,0.0057640129990648705,0.1166006104205001,0.0
19679,1.0,0.05,0.0001284152518207504,0.0,0.0057640129990648705,0.05526253647969581,0.0
19680,1.0,0.05,0.00013055238496351027,0.0,0.0057640129990648705,0.016364883712786268,0.0
19681,1.0,0.05,0.00014030086080564738,0.0,0.0057640129990648705,0.04387346207503989,0.0
19682,1.0,0.05,0.00014030086080564738,0.0,0.0057640129990648705,0.036669647169100365,0.0
19683,1.0,0.05,0.00014030086080564738,0.0,0.005455026035102675,0.036669647169100365,0.0
19684,1.0,0.05,0.00014030086080564738,0.0,0.005502674673389604,0.0966856815481458,0.0
19685,1.0,0.05,0.00014030086080564738,0.0,0.005502674673389604,0.0966856815481458,0.0
19686,1.0,0.05,0.00014030086080564738,0.0,0.006223450532448935,0.0423236604058702,0.0
19687,1.0,0.05,0.00014030086080564738,0.0,0.006223450532448935,0.0423236604058702,0.0
19688,1.0,0.05,0.00014030086080564738,0.0,0.00625330764288778,0.0423236604058702,0.0
19689,1.0,0.05,0.00014030086080564738,0.0,0.00625330764288778,0.03246283240508242,0.0
19690,1.0,0.05,0.00014030086080564738,0.0,0.00625330764288778,0.06756591823713025,0.0
19691,1.0,0.05,0.00014030086080564738,0.0,0.00625330764288778,0.036058500498539495,0.0
19692,1.0,0.05,0.00014030086080564738,0.0,0.00625330764288778,0.04968318652920409,0.0
19693,1.0,0.05,0.00014030086080564738,0.0,0.00625330764288778,0.04968318652920409,0.0
19694,1.0,0.05,0.00014030086080564738,0.0,0.00625330764288778,0.04968318652920409,0.0
19695,1.0,0.05,0.00014030086080564738,0.0,0.005814078860717258,0.09412694622980604,0.0
19696,1.0,0.05,0.00014030086080564738,0.0,0.005814078860717258,0.09412694622980604,0.0
19697,1.0,0.05,0.00014030086080564738,0.0,0.005098879623735432,0.03549403823563107,0.0
19698,1.0,0.05,0.00013863235010058022,0.0,0.005098879623735432,0.032769829402926616,0.0
19699,1.0,0.05,0.00013863235010058022,0.0,0.005098879623735432,0.05099807213033471,0.0
19700,1.0,0.05,0.00013863235010058022,0.0,0.005098879623735432,0.09072266678344516,0.0
19701,1.0,0.05,0.00013863235010058022,0.0,0.0060744403957885985,0.05178056622700318,0.0
19702,1.0,0.05,0.00013863235010058022,0.0,0.0060744403957885985,0.08496264785055553,0.0
19703,1.0,0.05,0.00013863235010058022,0.0,0.0060744403957885985,0.05601060289548507,0.0
19704,1.0,0.05,0.00013863235010058022,0.0,0.0060744403957885985,0.05007644821985817,0.0
19705,1.0,0.05,0.00013863235010058022,0.0,0.0060744403957885985,0.06861261032104539,0.0
19706,1.0,0.05,0.00013863235010058022,0.0,0.0060744403957885985,0.06069990626682877,0.0
19707,1.0,0.05,0.00013863235010058022,0.0,0.0060744403957885985,0.06069990626682877,0.0
19708,1.0,0.05,0.00013863235010058022,0.0,0.0060744403957885985,0.06069990626682877,0.0
19709,1.0,0.05,0.00013863235010058022,0.0,0.0060744403957885985,0.051257139598090584,0.0
19710,1.0,0.05,0.00013377772897109154,0.0,0.0060744403957885985,0.051257139598090584,0.0
19711,1.0,0.05,0.00013377772897109154,0.0,0.0060744403957885985,0.051257139598090584,0.0
19712,1.0,0.05,0.00013377772897109154,0.0,0.006533751668867501,0.11244902614311986,0.0
19713,1.0,0.05,0.00013377772897109154,0.0,0.006533751668867501,0.11244902614311986,0.0
19714,1.0,0.05,0.00013377772897109154,0.0,0.006533751668867501,0.11244902614311986,0.0
19715,1.0,0.05,0.00013377772897109154,0.0,0.006533751668867501,0.11244902614311986,0.0
19716,1.0,0.05,0.00013377772897109154,0.0,0.006029388450621337,0.11244902614311986,0.0
19717,1.0,0.05,0.00013377772897109154,0.0,0.006029388450621337,0.061779864536468915,0.0
19718,1.0,0.05,0.00013377772897109154,0.0,0.006029388450621337,0.031790714111410635,0.0
19719,1.0,0.05,0.00013640613123427108,0.0,0.00614237804737739,0.022860984530796075,0.0
19720,1.0,0.05,0.00013640613123427108,0.0,0.00614237804737739,0.022860984530796075,0.0
19721,1.0,0.05,0.00013640613123427108,0.0,0.00614237804737739,0.022860984530796075,0.0
19722,1.0,0.05,0.00013640613123427108,0.0,0.00614237804737739,0.022860984530796075,0.0
19723,1.0,0.05,0.00013640613123427108,0.0,0.00614237804737739,0.01937674878215445,0.0
19724,1.0,0.05,0.00013640613123427108,0.0,0.00614237804737739,0.01937674878215445,0.0
19725,1.0,0.05,0.000126900512572125,0.0,0.005886598111505835,0.01937674878215445,0.0
19726,1.0,0.05,0.000126900512572125,0.0,0.005886598111505835,0.0858468095144023,0.0
19727,1.0,0.05,0.000126900512572125,0.0,0.005886598111505835,0.0858468095144023,0.0
19728,1.0,0.05,0.000126900512572125,0.0,0.005886598111505835,0.0858468095144023,0.0
19729,1.0,0.05,0.000126900512572125,0.0,0.005886598111505835,0.0858468095144023,0.0
19730,1.0,0.05,0.000126900512572125,0.0,0.006582281009362754,0.0858468095144023,0.0
19731,1.0,0.05,0.00013576265901743014,0.0,0.006582281009362754,0.0858468095144023,0.0
19732,1.0,0.05,0.00013576265901743014,0.0,0.006582281009362754,0.0858468095144023,0.0
19733,1.0,0.05,0.00013953236248980542,0.0,0.006582281009362754,0.0858468095144023,0.0
19734,1.0,0.05,0.00013953236248980542,0.0,0.006582281009362754,0.04149670767402195,0.0
19735,1.0,0.05,0.00013953236248980542,0.0,0.005582756648732348,0.03644164454840508,0.0
19736,1.0,0.05,0.00013953236248980542,0.0,0.005582756648732348,0.03644164454840508,0.0
19737,1.0,0.05,0.0001304646691362726,0.0,0.005582756648732348,0.07521302101673251,0.0
19738,1.0,0.05,0.0001304646691362726,0.0,0.005582756648732348,0.07521302101673251,0.0
19739,1.0,0.05,0.0001304646691362726,0.0,0.006299861846375253,0.07521302101673251,0.0
19740,1.0,0.05,0.0001304646691362726,0.0,0.006299861846375253,0.08720813969301106,0.0
19741,1.0,0.05,0.0001304646691362726,0.0,0.006299861846375253,0.06939621524143967,0.0
19742,1.0,0.05,0.0001304646691362726,0.0,0.006299861846375253,0.07535337361178093,0.0
19743,1.0,0.05,0.0001304646691362726,0.0,0.006299861846375253,0.07535337361178093,0.0
19744,1.0,0.05,0.0001304646691362726,0.0,0.006299861846375253,0.07535337361178093,0.0
19745,1.0,0.05,0.0001304646691362726,0.0,0.006299861846375253,0.07535337361178093,0.0
19746,1.0,0.05,0.0001304646691362726,0.0,0.006299861846375253,0.07535337361178093,0.0
19747,1.0,0.05,0.0001304646691362726,0.0,0.006299861846375253,0.07535337361178093,0.0
19748,1.0,0.05,0.0001304646691362726,0.0,0.006299861846375253,0.06253331530748185,0.0
19749,1.0,0.05,0.0001304646691362726,0.0,0.006299861846375253,0.06253331530748185,0.0
19750,1.0,0.05,0.0001304646691362726,0.0,0.006299861846375253,0.057149066327493336,0.0
19751,1.0,0.05,0.0001304646691362726,0.0,0.006299861846375253,0.057149066327493336,0.0
19752,1.0,0.05,0.0001304646691362726,0.0,0.006299861846375253,0.07136723757299333,0.0
19753,1.0,0.05,0.0001304646691362726,0.0,0.006299861846375253,0.07136723757299333,0.0
19754,1.0,0.05,0.0001304646691362726,0.0,0.006299861846375253,0.07136723757299333,0.0
19755,1.0,0.05,0.0001304646691362726,0.0,0.006299861846375253,0.07627614289024026,0.0
19756,1.0,0.05,0.0001304646691362726,0.0,0.006299861846375253,0.07627614289024026,0.0
19757,1.0,0.05,0.0001304646691362726,0.0,0.006299861846375253,0.049606865191906366,0.0
19758,1.0,0.05,0.0001304646691362726,0.0,0.006946878981714887,0.049606865191906366,0.0
19759,1.0,0.05,0.0001304646691362726,0.0,0.006946878981714887,0.09642205559138771,0.0
19760,1.0,0.05,0.0001304646691362726,0.0,0.006946878981714887,0.09642205559138771,0.0
19761,1.0,0.05,0.0001304646691362726,0.0,0.006883229248414571,0.09642205559138771,0.0
19762,1.0,0.05,0.0001304646691362726,0.0,0.006883229248414571,0.09642205559138771,0.0
19763,1.0,0.05,0.0001304646691362726,0.0,0.006883229248414571,0.09642205559138771,0.0
19764,1.0,0.05,0.00012114724688699102,0.0,0.008679572408790965,0.09642205559138771,0.0
19765,1.0,0.05,0.00012114724688699102,0.0,0.008679572408790965,0.12778463925947778,0.0
19766,1.0,0.05,0.00012114724688699102,0.0,0.008679572408790965,0.12778463925947778,0.0
19767,1.0,0.05,0.00012114724688699102,0.0,0.008679572408790965,0.12778463925947778,0.0
19768,1.0,0.05,0.00012114724688699102,0.0,0.008837343209982796,0.062409805242914784,0.0
19769,1.0,0.05,0.00012114724688699102,0.0,0.00665101211074662,0.062409805242914784,0.0
19770,1.0,0.05,0.00012114724688699102,0.0,0.00665101211074662,0.062409805242914784,0.0
19771,1.0,0.05,0.00014489593365685306,0.0,0.0064414646193660975,0.062409805242914784,0.0
19772,1.0,0.05,0.00013389130386554714,0.0,0.0064414646193660975,0.062409805242914784,0.0
19773,1.0,0.05,0.00013389130386554714,0.0,0.0064414646193660975,0.062409805242914784,0.0
19774,1.0,0.05,0.00013389130386554714,0.0,0.006911177919340279,0.06401235099581773,0.0
19775,1.0,0.05,0.00013389130386554714,0.0,0.006911177919340279,0.059435826243662136,0.0
19776,1.0,0.05,0.00013389130386554714,0.0,0.007072680016760918,0.059435826243662136,0.0
19777,1.0,0.05,0.00013389130386554714,0.0,0.006343997995799769,0.059435826243662136,0.0
19778,1.0,0.05,0.00013389130386554714,0.0,0.006343997995799769,0.059435826243662136,0.0
19779,1.0,0.05,0.00013389130386554714,0.0,0.006343997995799769,0.05366507416562263,0.0
19780,1.0,0.05,0.00013389130386554714,0.0,0.006343997995799769,0.05366507416562263,0.0
19781,1.0,0.05,0.00013389130386554714,0.0,0.006343997995799769,0.0853747090413175,0.0
19782,1.0,0.05,0.00013389130386554714,0.0,0.006343997995799769,0.0853747090413175,0.0
19783,1.0,0.05,0.00013389130386554714,0.0,0.006343997995799769,0.09870311158597334,0.0
19784,1.0,0.05,0.00013389130386554714,0.0,0.006343997995799769,0.09870311158597334,0.0
19785,1.0,0.05,0.00012947196404921346,0.0,0.006343997995799769,0.09870311158597334,0.0
19786,1.0,0.05,0.00012947196404921346,0.0,0.006768056207377937,0.09870311158597334,0.0
19787,1.0,0.05,0.00012947196404921346,0.0,0.006768056207377937,0.09870311158597334,0.0
19788,1.0,0.05,0.00012947196404921346,0.0,0.006447273132277945,0.06481484826976076,0.0
19789,1.0,0.05,0.00012947196404921346,0.0,0.005872673412000311,0.06481484826976076,0.0
19790,1.0,0.05,0.00012947196404921346,0.0,0.005872673412000311,0.06481484826976076,0.0
19791,1.0,0.05,0.00012947196404921346,0.0,0.005872673412000311,0.06481484826976076,0.0
19792,1.0,0.05,0.00012947196404921346,0.0,0.005872673412000311,0.06481484826976076,0.0
19793,1.0,0.05,0.00012947196404921346,0.0,0.005872673412000311,0.06481484826976076,0.0
19794,1.0,0.05,0.00012947196404921346,0.0,0.007129655505398903,0.036217800760839844,0.0
19795,1.0,0.05,0.00012947196404921346,0.0,0.007129655505398903,0.036217800760839844,0.0
19796,1.0,0.05,0.00012947196404921346,0.0,0.007129655505398903,0.036217800760839844,0.0
19797,1.0,0.05,0.00012947196404921346,0.0,0.007129655505398903,0.022575825807400005,0.0
19798,1.0,0.05,0.00012947196404921346,0.0,0.0079526419547768,0.01742283098517775,0.0
19799,1.0,0.05,0.00012947196404921346,0.0,0.0079526419547768,0.01742283098517775,0.0
19800,1.0,0.05,0.00012947196404921346,0.0,0.0079526419547768,0.01742283098517775,0.0
19801,1.0,0.05,0.00012947196404921346,0.0,0.0079526419547768,0.08013092327626586,0.0
19802,1.0,0.05,0.00012947196404921346,0.0,0.005414692984124114,0.08013092327626586,0.0
19803,1.0,0.05,0.00012947196404921346,0.0,0.005414692984124114,0.08013092327626586,0.0
19804,1.0,0.05,0.00012947196404921346,0.0,0.005707937421374527,0.08013092327626586,0.0
19805,1.0,0.05,0.00013374369477229313,0.0,0.005707937421374527,0.09942583661808016,0.0
19806,1.0,0.05,0.00013374369477229313,0.0,0.005707937421374527,0.053298460345882856,0.0
19807,1.0,0.05,0.00013374369477229313,0.0,0.005707937421374527,0.053298460345882856,0.0
19808,1.0,0.05,0.00013374369477229313,0.0,0.005707937421374527,0.053298460345882856,0.0
19809,1.0,0.05,0.00013374369477229313,0.0,0.005707937421374527,0.053298460345882856,0.0
19810,1.0,0.05,0.00013374369477229313,0.0,0.005707937421374527,0.07723285825492199,0.0
19811,1.0,0.05,0.00013374369477229313,0.0,0.005707937421374527,0.07723285825492199,0.0
19812,1.0,0.05,0.00013374369477229313,0.0,0.005707937421374527,0.07723285825492199,0.0
19813,1.0,0.05,0.00013374369477229313,0.0,0.005707937421374527,0.055004230239149104,0.0
19814,1.0,0.05,0.00013374369477229313,0.0,0.005707937421374527,0.05449884681569581,0.0
19815,1.0,0.05,0.00013374369477229313,0.0,0.00565362804181411,0.05760059113170117,0.0
19816,1.0,0.05,0.00013374369477229313,0.0,0.00565362804181411,0.05760059113170117,0.0
19817,1.0,0.05,0.00013374369477229313,0.0,0.00565362804181411,0.09482578924710862,0.0
19818,1.0,0.05,0.00013374369477229313,0.0,0.00565362804181411,0.09482578924710862,0.0
19819,1.0,0.05,0.00013374369477229313,0.0,0.00528555046300635,0.09482578924710862,0.0
19820,1.0,0.05,0.00013374369477229313,0.0,0.005865629888246018,0.1041784920124921,0.0
19821,1.0,0.05,0.00013374369477229313,0.0,0.005865629888246018,0.1505576071070001,0.0
19822,1.0,0.05,0.00013374369477229313,0.0,0.005865629888246018,0.051681606184985324,0.0
19823,1.0,0.05,0.00013374369477229313,0.0,0.005865629888246018,0.051681606184985324,0.0
19824,1.0,0.05,0.00013374369477229313,0.0,0.005865629888246018,0.051681606184985324,0.0
19825,1.0,0.05,0.00013374369477229313,0.0,0.005865629888246018,0.051681606184985324,0.0
19826,1.0,0.05,0.00013374369477229313,0.0,0.005865629888246018,0.051681606184985324,0.0
19827,1.0,0.05,0.00013374369477229313,0.0,0.005865629888246018,0.051681606184985324,0.0
19828,1.0,0.05,0.00013374369477229313,0.0,0.005865629888246018,0.025432773928315097,0.0
19829,1.0,0.05,0.00013374369477229313,0.0,0.005865629888246018,0.025432773928315097,0.0
19830,1.0,0.05,0.00013374369477229313,0.0,0.005865629888246018,0.025432773928315097,0.0
19831,1.0,0.05,0.00013374369477229313,0.0,0.005954105011640188,0.09571445975145822,0.0
19832,1.0,0.05,0.00013374369477229313,0.0,0.005954105011640188,0.09571445975145822,0.0
19833,1.0,0.05,0.00013374369477229313,0.0,0.005954105011640188,0.044730394560179396,0.0
19834,1.0,0.05,0.00013374369477229313,0.0,0.005954105011640188,0.03559893018206557,0.0
19835,1.0,0.05,0.00012835674954171864,0.0,0.005954105011640188,0.04089698166556342,0.0
19836,1.0,0.05,0.00012835674954171864,0.0,0.005954105011640188,0.04089698166556342,0.0
19837,1.0,0.05,0.00012835674954171864,0.0,0.00514383480421285,0.12507176218962518,0.0
19838,1.0,0.05,0.00013505902047704395,0.0,0.00514383480421285,0.07177757891317496,0.0
19839,1.0,0.05,0.00013505902047704395,0.0,0.00514383480421285,0.07177757891317496,0.0
19840,1.0,0.05,0.0001386437533533963,0.0,0.007113998667875498,0.07177757891317496,0.0
19841,1.0,0.05,0.0001386437533533963,0.0,0.006666944309097706,0.024372779967112772,0.0
19842,1.0,0.05,0.0001386437533533963,0.0,0.008073724640583112,0.011002502349760879,0.0
19843,1.0,0.05,0.0001386437533533963,0.0,0.008073724640583112,0.05174487532926397,0.0
19844,1.0,0.05,0.0001386437533533963,0.0,0.008073724640583112,0.05174487532926397,0.0
19845,1.0,0.05,0.0001386437533533963,0.0,0.007939002119286456,0.05174487532926397,0.0
19846,1.0,0.05,0.00014169295585856145,0.0,0.006325694824576189,0.0387545442187629,0.0
19847,1.0,0.05,0.00014169295585856145,0.0,0.006325694824576189,0.03637483022519188,0.0
19848,1.0,0.05,0.00014121521566524986,0.0,0.006325694824576189,0.03637483022519188,0.0
19849,1.0,0.05,0.00014121521566524986,0.0,0.006325694824576189,0.02416407203097711,0.0
19850,1.0,0.05,0.00014121521566524986,0.0,0.006325694824576189,0.019774889829281647,0.0
19851,1.0,0.05,0.00014121521566524986,0.0,0.0064546744592426,0.024091330162073134,0.0
19852,1.0,0.05,0.00014121521566524986,0.0,0.005271273198920176,0.024091330162073134,0.0
19853,1.0,0.05,0.00014121521566524986,0.0,0.005271273198920176,0.0089117739605873,0.0
19854,1.0,0.05,0.00014121521566524986,0.0,0.005271273198920176,0.0089117739605873,0.0
19855,1.0,0.05,0.00014121521566524986,0.0,0.005271273198920176,0.012921152345957837,0.0
19856,1.0,0.05,0.00014121521566524986,0.0,0.005271273198920176,0.02304780049075931,0.0
19857,1.0,0.05,0.00014121521566524986,0.0,0.005271273198920176,0.03227973705924973,0.0
19858,1.0,0.05,0.00014121521566524986,0.0,0.005271273198920176,0.007956612432740748,0.0
19859,1.0,0.05,0.00014121521566524986,0.0,0.005271273198920176,0.020839088604437943,0.0
19860,1.0,0.05,0.00014121521566524986,0.0,0.005271273198920176,0.026925373418576724,0.0
19861,1.0,0.05,0.00014121521566524986,0.0,0.005271273198920176,0.026925373418576724,0.0
19862,1.0,0.05,0.00014121521566524986,0.0,0.005271273198920176,0.06527867952476399,0.0
19863,1.0,0.05,0.00014121521566524986,0.0,0.005271273198920176,0.06527867952476399,0.0
19864,1.0,0.05,0.00014121521566524986,0.0,0.005271273198920176,0.06527867952476399,0.0
19865,1.0,0.05,0.00014121521566524986,0.0,0.005271273198920176,0.0207830264174133,0.0
19866,1.0,0.05,0.00014121521566524986,0.0,0.005271273198920176,0.017897058753529458,0.0
19867,1.0,0.05,0.0001453375750301318,0.0,0.005271273198920176,0.00929734580486913,0.0
19868,1.0,0.05,0.0001453375750301318,0.0,0.005271273198920176,0.022815734072054065,0.0
19869,1.0,0.05,0.0001453375750301318,0.0,0.005271273198920176,0.022815734072054065,0.0
19870,1.0,0.05,0.0001453375750301318,0.0,0.005271273198920176,0.022815734072054065,0.0
19871,1.0,0.05,0.0001453375750301318,0.0,0.005271273198920176,0.03507286048999879,0.0
19872,1.0,0.05,0.0001453375750301318,0.0,0.005271273198920176,0.06330630915919055,0.0
19873,1.0,0.05,0.0001453375750301318,0.0,0.005271273198920176,0.08161530021387653,0.0
19874,1.0,0.05,0.0001453375750301318,0.0,0.005271273198920176,0.043792896462273294,0.0
19875,1.0,0.05,0.0001453375750301318,0.0,0.005271273198920176,0.043792896462273294,0.0
19876,1.0,0.05,0.0001453375750301318,0.0,0.005271273198920176,0.03782584545731533,0.0
19877,1.0,0.05,0.0001453375750301318,0.0,0.005271273198920176,0.07417210263160924,0.0
19878,1.0,0.05,0.00012506946478903702,0.0,0.005271273198920176,0.07417210263160924,0.0
19879,1.0,0.05,0.00012506946478903702,0.0,0.008221865063436301,0.07417210263160924,0.0
19880,1.0,0.05,0.00012506946478903702,0.0,0.006721539518604152,0.10722747573808276,0.0
19881,1.0,0.05,0.00012506946478903702,0.0,0.00799930998342569,0.10722747573808276,0.0
19882,1.0,0.05,0.00012506946478903702,0.0,0.00799930998342569,0.10722747573808276,0.0
19883,1.0,0.05,0.00012506946478903702,0.0,0.00799930998342569,0.10722747573808276,0.0
19884,1.0,0.05,0.00012506946478903702,0.0,0.006223421769617336,0.0635645668885821,0.0
19885,1.0,0.05,0.00012506946478903702,0.0,0.006223421769617336,0.07274430666922198,0.0
19886,1.0,0.05,0.00012506946478903702,0.0,0.006223421769617336,0.0690907497140558,0.0
19887,1.0,0.05,0.00012506946478903702,0.0,0.006223421769617336,0.0690907497140558,0.0
19888,1.0,0.05,0.00012506946478903702,0.0,0.006223421769617336,0.0690907497140558,0.0
19889,1.0,0.05,0.00012506946478903702,0.0,0.006223421769617336,0.0690907497140558,0.0
19890,1.0,0.05,0.00012506946478903702,0.0,0.006223421769617336,0.12002524976612715,0.0
19891,1.0,0.05,0.00012506946478903702,0.0,0.006223421769617336,0.12002524976612715,0.0
19892,1.0,0.05,0.00012506946478903702,0.0,0.006223421769617336,0.11218033107374766,0.0
19893,1.0,0.05,0.00012783498968546835,0.0,0.006223421769617336,0.11365188509265058,0.0
19894,1.0,0.05,0.00012783498968546835,0.0,0.007717399675280843,0.11365188509265058,0.0
19895,1.0,0.05,0.00012783498968546835,0.0,0.007717399675280843,0.05688265680568709,0.0
19896,1.0,0.05,0.00012783498968546835,0.0,0.006851763566293467,0.07519594245564562,0.0
19897,1.0,0.05,0.00012783498968546835,0.0,0.005790407054109375,0.038334350791992676,0.0
19898,1.0,0.05,0.00013184961877461492,0.0,0.005790407054109375,0.038334350791992676,0.0
19899,1.0,0.05,0.00013184961877461492,0.0,0.005790407054109375,0.0443090658253388,0.0
19900,1.0,0.05,0.00013184961877461492,0.0,0.005790407054109375,0.07071658820414974,0.0
19901,1.0,0.05,0.00013184961877461492,0.0,0.005790407054109375,0.07071658820414974,0.0
19902,1.0,0.05,0.00013184961877461492,0.0,0.006062116141036687,0.07071658820414974,0.0
19903,1.0,0.05,0.00013184961877461492,0.0,0.006062116141036687,0.029259183160412795,0.0
19904,1.0,0.05,0.00013184961877461492,0.0,0.006062116141036687,0.029259183160412795,0.0
19905,1.0,0.05,0.00013184961877461492,0.0,0.006062116141036687,0.03629309605923565,0.0
19906,1.0,0.05,0.00013184961877461492,0.0,0.006062116141036687,0.03629309605923565,0.0
19907,1.0,0.05,0.00013184961877461492,0.0,0.006062116141036687,0.03629309605923565,0.0
19908,1.0,0.05,0.00013184961877461492,0.0,0.006062116141036687,0.03629309605923565,0.0
19909,1.0,0.05,0.00013184961877461492,0.0,0.006062116141036687,0.07619260031012443,0.0
19910,1.0,0.05,0.00013184961877461492,0.0,0.005696756179728679,0.07619260031012443,0.0
19911,1.0,0.05,0.00013184961877461492,0.0,0.005696756179728679,0.07619260031012443,0.0
19912,1.0,0.05,0.00013184961877461492,0.0,0.005696756179728679,0.07619260031012443,0.0
19913,1.0,0.05,0.00013184961877461492,0.0,0.006228215076826561,0.033125555546064514,0.0
19914,1.0,0.05,0.00013184961877461492,0.0,0.006228215076826561,0.033125555546064514,0.0
19915,1.0,0.05,0.00013184961877461492,0.0,0.006228215076826561,0.033125555546064514,0.0
19916,1.0,0.05,0.00013184961877461492,0.0,0.006228215076826561,0.07377569449835703,0.0
19917,1.0,0.05,0.00013184961877461492,0.0,0.006228215076826561,0.06866471683186794,0.0
19918,1.0,0.05,0.00013184961877461492,0.0,0.006228215076826561,0.06866471683186794,0.0
19919,1.0,0.05,0.00013184961877461492,0.0,0.006228215076826561,0.06866471683186794,0.0
19920,1.0,0.05,0.00013184961877461492,0.0,0.006228215076826561,0.06866471683186794,0.0
19921,1.0,0.05,0.00013184961877461492,0.0,0.006228215076826561,0.06866471683186794,0.0
19922,1.0,0.05,0.00013184961877461492,0.0,0.006228215076826561,0.03331203388734646,0.0
19923,1.0,0.05,0.00013184961877461492,0.0,0.006228215076826561,0.03331203388734646,0.0
19924,1.0,0.05,0.00013184961877461492,0.0,0.006228215076826561,0.01739990709159459,0.0
19925,1.0,0.05,0.00013184961877461492,0.0,0.006228215076826561,0.09907687926486439,0.0
19926,1.0,0.05,0.00013184961877461492,0.0,0.006228215076826561,0.09907687926486439,0.0
19927,1.0,0.05,0.00013184961877461492,0.0,0.006228215076826561,0.09907687926486439,0.0
19928,1.0,0.05,0.00013184961877461492,0.0,0.006228215076826561,0.03158174482375172,0.0
19929,1.0,0.05,0.00013184961877461492,0.0,0.006228215076826561,0.03158174482375172,0.0
19930,1.0,0.05,0.00013184961877461492,0.0,0.006007517702005637,0.07330775746870002,0.0
19931,1.0,0.05,0.00013184961877461492,0.0,0.006007517702005637,0.07330775746870002,0.0
19932,1.0,0.05,0.00013184961877461492,0.0,0.006007517702005637,0.026315203628175174,0.0
19933,1.0,0.05,0.00013184961877461492,0.0,0.006007517702005637,0.04251861421793253,0.0
19934,1.0,0.05,0.00013184961877461492,0.0,0.006007517702005637,0.04251861421793253,0.0
19935,1.0,0.05,0.0001431333722288805,0.0,0.006007517702005637,0.04251861421793253,0.0
19936,1.0,0.05,0.0001431333722288805,0.0,0.006007517702005637,0.04251861421793253,0.0
19937,1.0,0.05,0.0001431333722288805,0.0,0.006007517702005637,0.040646221264142135,0.0
19938,1.0,0.05,0.0001431333722288805,0.0,0.006007517702005637,0.040646221264142135,0.0
19939,1.0,0.05,0.00012376929592031045,0.0,0.005877924177190147,0.040646221264142135,0.0
19940,1.0,0.05,0.0001385494985237045,0.0,0.006267787503569981,0.040646221264142135,0.0
19941,1.0,0.05,0.0001385494985237045,0.0,0.006267787503569981,0.022667736698658576,0.0
19942,1.0,0.05,0.0001385494985237045,0.0,0.006183708669732811,0.022667736698658576,0.0
19943,1.0,0.05,0.0001385494985237045,0.0,0.006183708669732811,0.022667736698658576,0.0
19944,1.0,0.05,0.0001385494985237045,0.0,0.006183708669732811,0.025805055551298056,0.0
19945,1.0,0.05,0.0001385494985237045,0.0,0.006183708669732811,0.02447730295648331,0.0
19946,1.0,0.05,0.0001385494985237045,0.0,0.005933054533776042,0.02447730295648331,0.0
19947,1.0,0.05,0.0001385494985237045,0.0,0.005933054533776042,0.06725972357005257,0.0
19948,1.0,0.05,0.0001385494985237045,0.0,0.005933054533776042,0.06725972357005257,0.0
19949,1.0,0.05,0.0001385494985237045,0.0,0.006082949253465118,0.06725972357005257,0.0
19950,1.0,0.05,0.0001385494985237045,0.0,0.006082949253465118,0.07701190247738263,0.0
19951,1.0,0.05,0.0001385494985237045,0.0,0.005961269377911438,0.043475176934448634,0.0
19952,1.0,0.05,0.0001385494985237045,0.0,0.005961269377911438,0.07678611210562755,0.0
19953,1.0,0.05,0.0001385494985237045,0.0,0.005961269377911438,0.07678611210562755,0.0
19954,1.0,0.05,0.0001385494985237045,0.0,0.005961269377911438,0.02497035001932566,0.0
19955,1.0,0.05,0.0001385494985237045,0.0,0.005961269377911438,0.02497035001932566,0.0
19956,1.0,0.05,0.0001337035999859527,0.0,0.005961269377911438,0.08173648796238067,0.0
19957,1.0,0.05,0.0001337035999859527,0.0,0.005961269377911438,0.08173648796238067,0.0
19958,1.0,0.05,0.0001337035999859527,0.0,0.005961269377911438,0.08173648796238067,0.0
19959,1.0,0.05,0.0001337035999859527,0.0,0.005961269377911438,0.06120186894992438,0.0
19960,1.0,0.05,0.0001337035999859527,0.0,0.005961269377911438,0.03365967486305139,0.0
19961,1.0,0.05,0.0001337035999859527,0.0,0.005961269377911438,0.017380555702816686,0.0
19962,1.0,0.05,0.0001337035999859527,0.0,0.005961269377911438,0.022254374780212544,0.0
19963,1.0,0.05,0.0001337035999859527,0.0,0.005961269377911438,0.012172456901746427,0.0
19964,1.0,0.05,0.0001287452223233317,0.0,0.006034834491027701,0.012172456901746427,0.0
19965,1.0,0.05,0.0001287452223233317,0.0,0.006034834491027701,0.018305609614313233,0.0
19966,1.0,0.05,0.0001287452223233317,0.0,0.006034834491027701,0.05782849441202851,0.0
19967,1.0,0.05,0.0001287452223233317,0.0,0.006034834491027701,0.05782849441202851,0.0
19968,1.0,0.05,0.0001287452223233317,0.0,0.006034834491027701,0.05782849441202851,0.0
19969,1.0,0.05,0.0001287452223233317,0.0,0.006034834491027701,0.09932229648691271,0.0
19970,1.0,0.05,0.0001287452223233317,0.0,0.006034834491027701,0.04836779605346165,0.0
19971,1.0,0.05,0.00014025102663315785,0.0,0.006034834491027701,0.03826767080726865,0.0
19972,1.0,0.05,0.00014025102663315785,0.0,0.006034834491027701,0.011537617657798985,0.0
19973,1.0,0.05,0.00014025102663315785,0.0,0.006034834491027701,0.009821461111366283,0.0
19974,1.0,0.05,0.00014025102663315785,0.0,0.006034834491027701,0.01871630635402738,0.0
19975,1.0,0.05,0.00014025102663315785,0.0,0.006034834491027701,0.01871630635402738,0.0
19976,1.0,0.05,0.0001313821138812865,0.0,0.006034834491027701,0.022436221234795134,0.0
19977,1.0,0.05,0.0001313821138812865,0.0,0.005958795478514183,0.010129645851861099,0.0
19978,1.0,0.05,0.0001313821138812865,0.0,0.005958795478514183,0.011572427641448398,0.0
19979,1.0,0.05,0.0001313821138812865,0.0,0.005958795478514183,0.015715186482322847,0.0
19980,1.0,0.05,0.0001370788575085188,0.0,0.005958795478514183,0.020526222386048704,0.0
19981,1.0,0.05,0.0001370788575085188,0.0,0.005958795478514183,0.08659652632703427,0.0
19982,1.0,0.05,0.0001370788575085188,0.0,0.005958795478514183,0.07386457860517558,0.0
19983,1.0,0.05,0.0001370788575085188,0.0,0.005958795478514183,0.06636682341750717,0.0
19984,1.0,0.05,0.0001370788575085188,0.0,0.005958795478514183,0.07375786924869449,0.0
19985,1.0,0.05,0.0001370788575085188,0.0,0.005958795478514183,0.07375786924869449,0.0
19986,1.0,0.05,0.0001370788575085188,0.0,0.005958795478514183,0.07515636512574449,0.0
19987,1.0,0.05,0.0001370788575085188,0.0,0.005958795478514183,0.07515636512574449,0.0
19988,1.0,0.05,0.0001370788575085188,0.0,0.005958795478514183,0.07515636512574449,0.0
19989,1.0,0.05,0.0001370788575085188,0.0,0.005958795478514183,0.040487217877799686,0.0
19990,1.0,0.05,0.0001370788575085188,0.0,0.005724558918396296,0.08513943391232161,0.0
19991,1.0,0.05,0.0001370788575085188,0.0,0.005724558918396296,0.08513943391232161,0.0
19992,1.0,0.05,0.0001370788575085188,0.0,0.005724558918396296,0.08513943391232161,0.0
19993,1.0,0.05,0.0001370788575085188,0.0,0.005724558918396296,0.03997722002276532,0.0
19994,1.0,0.05,0.0001370788575085188,0.0,0.005634448001372101,0.03233618100053454,0.0
19995,1.0,0.05,0.0001370788575085188,0.0,0.005634448001372101,0.03233618100053454,0.0
19996,1.0,0.05,0.0001370788575085188,0.0,0.005634448001372101,0.028662453008303314,0.0
19997,1.0,0.05,0.0001370788575085188,0.0,0.005634448001372101,0.028662453008303314,0.0
19998,1.0,0.05,0.0001370788575085188,0.0,0.005634448001372101,0.028662453008303314,0.0
19999,1.0,0.05,0.0001370788575085188,0.0,0.005634448001372101,0.025082726601482735,0.0
